0,0,0,0,0,0,0,0,0,0,0,0,0,0,0,0,0,0,0,0,0,0,0,0,0,0,0,0,0,0,0,0,0,0,0,0,0,0,0,0,0,0,0,0,0,0,0,0,0,0,0,0,0,0,0,0,0,0,0,0,0,0,0,0,0,0,0,0,0,0,0,0,0,0,0,0,0,0,0,0,0,0,0,0,0,0,0,0,0,0,0,0,0,0,0,0,0,0,0,0
0,0,0,0.00000000000000000000000000000000000000000000000000000000000000000000000000000000000005188881389625039,0.00000000000000000000000000000000000000000000000000000000000000000000000000000000008843554831652257,0.00000000000000000000000000000000000000000000000000000000000000000000000000000007276295530485811,0.00000000000000000000000000000000000000000000000000000000000000000000000000003849919552092384,0.000000000000000000000000000000000000000000000000000000000000000000000000014722110741388555,0.000000000000000000000000000000000000000000000000000000000000000000000004335479171226029,0.0000000000000000000000000000000000000000000000000000000000000000000010230533293265256,0.00000000000000000000000000000000000000000000000000000000000000000019873599229584103,0.00000000000000000000000000000000000000000000000000000000000000003240293239409664,0.0000000000000000000000000000000000000000000000000000000000000044986776126922535,0.000000000000000000000000000000000000000000000000000000000000537724666695721,0.00000000000000000000000000000000000000000000000000000000005581106239209026,0.000000000000000000000000000000000000000000000000000000005063733156561748,0.0000000000000000000000000000000000000000000000000000004037279727007199,0.00000000000000000000000000000000000000000000000000002840187979285947,0.0000000000000000000000000000000000000000000000000017684802698298835,0.00000000000000000000000000000000000000000000000009768915232040176,0.000000000000000000000000000000000000000000000004794798849593127,0.00000000000000000000000000000000000000000000020930232751721874,0.00000000000000000000000000000000000000000000812821216640844,0.0000000000000000000000000000000000000000002807484893776222,0.000000000000000000000000000000000000000008617362052592551,0.00000000000000000000000000000000000000023471611120632046,0.0000000000000000000000000000000000000056615023772116604,0.00000000000000000000000000000000000012060346018457688,0.0000000000000000000000000000000000022611321528944182,0.000000000000000000000000000000000037150643950866737,0.0000000000000000000000000000000005321047493069277,0.000000000000000000000000000000006601434465281625,0.00000000000000000000000000000007039032049000051,0.0000000000000000000000000000006390203629011911,0.000000000000000000000000000004882434155326886,0.00000000000000000000000000003095681139123861,0.00000000000000000000000000016010282419064105,0.0000000000000000000000000006615503254101763,0.0000000000000000000000000021327571572078612,0.000000000000000000000000005243193636145041,0.000000000000000000000000009747214502799699,0.00000000000000000000000001422353915879261,0.000000000000000000000000017974902488036187,0.00000000000000000000000002117284056065934,0.000000000000000000000000024082896438658565,0.00000000000000000000000002677357808911603,0.000000000000000000000000029181042576806097,0.00000000000000000000000003119974560304863,0.000000000000000000000000032726341764745687,0.000000000000000000000000033677903308308403,0.000000000000000000000000034001199139170587,0.0000000000000000000000000336778973835867,0.00000000000000000000000003272627934260545,0.00000000000000000000000003119919149216482,0.00000000000000000000000002917693060151029,0.00000000000000000000000002674850427856258,0.000000000000000000000000023960062903025396,0.00000000000000000000000002070381142827691,0.00000000000000000000000001663626684480091,0.000000000000000000000000011533629627512713,0.000000000000000000000000006249662582442906,0.000000000000000000000000002553284104865149,0.0000000000000000000000000007941215139725914,0.0000000000000000000000000001925211930277559,0.000000000000000000000000000037269288557467376,0.000000000000000000000000000005883000837553965,0.00000000000000000000000000000077045885414365095,0.00000000000000000000000000000008490936533164732,0.000000000000000000000000000000007966064784338514,0.0000000000000000000000000000000006422926974234341,0.00000000000000000000000000000000004485474363797691,0.0000000000000000000000000000000000027305857518824363,0.00000000000000000000000000000000000014566770211920176,0.000000000000000000000000000000000000006839078903968017,0.000000000000000000000000000000000000000283571295731596,0.000000000000000000000000000000000000000010412136963891479,0.0000000000000000000000000000000000000000003392525719812765,0.00000000000000000000000000000000000000000000982281535140458,0.00000000000000000000000000000000000000000000025295663784297702,0.000000000000000000000000000000000000000000000005795220670006356,0.00000000000000000000000000000000000000000000000011807841100776947,0.0000000000000000000000000000000000000000000000000021376981873802554,0.00000000000000000000000000000000000000000000000000003433310283391807,0.000000000000000000000000000000000000000000000000000000488059408932479,0.000000000000000000000000000000000000000000000000000000006121683383459337,0.0000000000000000000000000000000000000000000000000000000000674737854375878,0.0000000000000000000000000000000000000000000000000000000000006501120020716862,0.000000000000000000000000000000000000000000000000000000000000005439079275733789,0.00000000000000000000000000000000000000000000000000000000000000003917744466140516,0.0000000000000000000000000000000000000000000000000000000000000000002402916526608787,0.000000000000000000000000000000000000000000000000000000000000000000001237000805865541,0.000000000000000000000000000000000000000000000000000000000000000000000005242248891084558,0.000000000000000000000000000000000000000000000000000000000000000000000000017801589339193067,0.00000000000000000000000000000000000000000000000000000000000000000000000000004655302691408975,0.00000000000000000000000000000000000000000000000000000000000000000000000000000008798601205036395,0.00000000000000000000000000000000000000000000000000000000000000000000000000000000010693914877067292,0.00000000000000000000000000000000000000000000000000000000000000000000000000000000000006274652732695279,0,0,0
0,0,0.0000000000000000000000000000000000000000000000000000000000000000000000000000000000000532543089987833,0.00000000000000000000000000000000000000000000000000000000000000000000000000000000009321567640893047,0.0000000000000000000000000000000000000000000000000000000000000000000000000000000788261143070263,0.000000000000000000000000000000000000000000000000000000000000000000000000000042898635621741655,0.000000000000000000000000000000000000000000000000000000000000000000000000016886804880998335,0.000000000000000000000000000000000000000000000000000000000000000000000005123592044941743,0.0000000000000000000000000000000000000000000000000000000000000000000012467891350921398,0.00000000000000000000000000000000000000000000000000000000000000000025000619584220406,0.00000000000000000000000000000000000000000000000000000000000000004211992938838726,0.000000000000000000000000000000000000000000000000000000000000006049185726017824,0.0000000000000000000000000000000000000000000000000000000000007488478198454854,0.00000000000000000000000000000000000000000000000000000000008059814035552757,0.000000000000000000000000000000000000000000000000000000007593412560963507,0.00000000000000000000000000000000000000000000000000000062958192393574396,0.00000000000000000000000000000000000000000000000000004613115494238716,0.000000000000000000000000000000000000000000000000002996919078273995,0.00000000000000000000000000000000000000000000000017304412753847663,0.000000000000000000000000000000000000000000000008896063996368678,0.000000000000000000000000000000000000000000000407645920053747,0.000000000000000000000000000000000000000000016658873951706893,0.0000000000000000000000000000000000000000006071272691334239,0.000000000000000000000000000000000000000019721787553293907,0.0000000000000000000000000000000000000005703898252453839,0.000000000000000000000000000000000000014663605692666188,0.0000000000000000000000000000000000003343346317544254,0.000000000000000000000000000000000006741288482238881,0.0000000000000000000000000000000001197746177475622,0.0000000000000000000000000000000018669559920692818,0.00000000000000000000000000000002539390169477581,0.0000000000000000000000000000002994659543855116,0.000000000000000000000000000003038132543356263,0.00000000000000000000000000002626781258658844,0.00000000000000000000000000019136279417133496,0.0000000000000000000000000011585667855771171,0.0000000000000000000000000057331539212752946,0.000000000000000000000000022737093056243162,0.00000000000000000000000007070642027314833,0.00000000000000000000000016904186503054305,0.00000000000000000000000030936379782561965,0.000000000000000000000000450229143064639,0.0000000000000000000000005696854390788498,0.0000000000000000000000006717064460819521,0.0000000000000000000000007642152232451434,0.0000000000000000000000008495215345957227,0.0000000000000000000000009257639048087575,0.0000000000000000000000009896687806711282,0.000000000000000000000001037986939277072,0.0000000000000000000000010681019820097783,0.0000000000000000000000010783332148024926,0.0000000000000000000000010681017149154553,0.000000000000000000000001037984262583881,0.0000000000000000000000009896461771458525,0.0000000000000000000000009256042075334025,0.000000000000000000000000848593500720054,0.0000000000000000000000007598765379625052,0.0000000000000000000000006558612461201655,0.0000000000000000000000005262616805495225,0.00000000000000000000000036579186124684303,0.000000000000000000000000201359907098065,0.00000000000000000000000008460458321274721,0.00000000000000000000000002728266174382122,0.000000000000000000000000006891893094456644,0.0000000000000000000000000013944686386369266,0.00000000000000000000000000023053290989387223,0.000000000000000000000000000031665518499611796,0.00000000000000000000000000000366428097365759,0.00000000000000000000000000000036132771947649443,0.000000000000000000000000000000030649305786046043,0.0000000000000000000000000000000022539129942127175,0.0000000000000000000000000000000001446306486190641,0.000000000000000000000000000000000008141715279802118,0.00000000000000000000000000000000000040384990667137305,0.000000000000000000000000000000000000017714771306140895,0.0000000000000000000000000000000000000006891520012725771,0.000000000000000000000000000000000000000023830420329418823,0.0000000000000000000000000000000000000000007336722880835864,0.000000000000000000000000000000000000000000020132633728044288,0.0000000000000000000000000000000000000000000004926822668795839,0.000000000000000000000000000000000000000000000010752450862286781,0.0000000000000000000000000000000000000000000000002091652224607933,0.0000000000000000000000000000000000000000000000000036226664347665816,0.00000000000000000000000000000000000000000000000000005576559778874507,0.0000000000000000000000000000000000000000000000000000007610991369602715,0.000000000000000000000000000000000000000000000000000000009179972459144404,0.00000000000000000000000000000000000000000000000000000000009744138494730519,0.0000000000000000000000000000000000000000000000000000000000009053673728366243,0.000000000000000000000000000000000000000000000000000000000000007313747533282124,0.00000000000000000000000000000000000000000000000000000000000000005092622742948207,0.00000000000000000000000000000000000000000000000000000000000000000030228362131722836,0.0000000000000000000000000000000000000000000000000000000000000000000015075303475428774,0.000000000000000000000000000000000000000000000000000000000000000000000006195211242266585,0.00000000000000000000000000000000000000000000000000000000000000000000000002041911727007026,0.000000000000000000000000000000000000000000000000000000000000000000000000000051872872368547946,0.00000000000000000000000000000000000000000000000000000000000000000000000000000009531774617983286,0.00000000000000000000000000000000000000000000000000000000000000000000000000000000011271947720501779,0.00000000000000000000000000000000000000000000000000000000000000000000000000000000000006439775173029365,0,0
0,0.00000000000000000000000000000000000000000000000000000000000000000000000000000000000005188881389625039,0.00000000000000000000000000000000000000000000000000000000000000000000000000000000009321567640893047,0.00000000000000000000000000000000000000000000000000000000000000000000000000000008095639065016353,0.00000000000000000000000000000000000000000000000000000000000000000000000000004528160744736683,0.00000000000000000000000000000000000000000000000000000000000000000000000001833399745504395,0.000000000000000000000000000000000000000000000000000000000000000000000005726229154402834,0.000000000000000000000000000000000000000000000000000000000000000000001435640630793295,0.0000000000000000000000000000000000000000000000000000000000000000002968649183876646,0.00000000000000000000000000000000000000000000000000000000000000005162651894567377,0.000000000000000000000000000000000000000000000000000000000000007661402175532683,0.0000000000000000000000000000000000000000000000000000000000009810928314156694,0.00000000000000000000000000000000000000000000000000000000010936010420100395,0.000000000000000000000000000000000000000000000000000000010684078225886976,0.0000000000000000000000000000000000000000000000000000009198308326012786,0.00000000000000000000000000000000000000000000000000007008748706104375,0.000000000000000000000000000000000000000000000000004742388330367258,0.00000000000000000000000000000000000000000000000028569149724458218,0.000000000000000000000000000000000000000000000015351942728545763,0.0000000000000000000000000000000000000000000007368056973496456,0.00000000000000000000000000000000000000000003160693095634505,0.0000000000000000000000000000000000000000012121060779512712,0.0000000000000000000000000000000000000000415430388066969,0.0000000000000000000000000000000000000012714776921251654,0.000000000000000000000000000000000000034706031912251763,0.0000000000000000000000000000000000008433144255740546,0.000000000000000000000000000000000018197799339591333,0.0000000000000000000000000000000003476803478105268,0.000000000000000000000000000000005859488455622537,0.00000000000000000000000000000008671641121719834,0.0000000000000000000000000000011208601776882444,0.00000000000000000000000000001257154815370808,0.00000000000000000000000000012140411434462075,0.0000000000000000000000000010000749077647764,0.000000000000000000000000006948967980132158,0.00000000000000000000000004018462840064748,0.00000000000000000000000019032901495900088,0.0000000000000000000000007247764551775783,0.000000000000000000000002175291094654243,0.000000000000000000000005060917031268799,0.000000000000000000000009122207319487356,0.00000000000000000000001323733717513421,0.000000000000000000000016768381007713226,0.00000000000000000000001979126041344004,0.00000000000000000000002252313359323194,0.000000000000000000000025035252615729226,0.00000000000000000000002727769238920244,0.00000000000000000000002915640481744667,0.000000000000000000000030576616335094,0.000000000000000000000031461698153274484,0.00000000000000000000003176238045098829,0.000000000000000000000031461687014050426,0.00000000000000000000003057651010302276,0.000000000000000000000029155551146451425,0.000000000000000000000027271948788192,0.00000000000000000000002500343756967666,0.0000000000000000000000223811587881252,0.000000000000000000000019295205755019015,0.000000000000000000000015462398481584478,0.00000000000000000000001077788755548474,0.0000000000000000000000060244077707861606,0.0000000000000000000000026014674116193336,0.0000000000000000000000008693085685255008,0.00000000000000000000000022872179675655816,0.00000000000000000000000004835420985223274,0.000000000000000000000000008369582347266739,0.0000000000000000000000000012053669525125213,0.00000000000000000000000000014640358682155364,0.000000000000000000000000000015166603495412805,0.0000000000000000000000000000013526825679516372,0.00000000000000000000000000000010467998086578968,0.000000000000000000000000000000007074885689140619,0.0000000000000000000000000000000004198763188224489,0.000000000000000000000000000000000021980072444035875,0.0000000000000000000000000000000000010187292791206823,0.000000000000000000000000000000000000041930025757210993,0.0000000000000000000000000000000000000015362899017501387,0.00000000000000000000000000000000000000005019973778359461,0.000000000000000000000000000000000000000001464798764321135,0.000000000000000000000000000000000000000000038198817947454565,0.0000000000000000000000000000000000000000000008905278889423768,0.000000000000000000000000000000000000000000000018555899516384963,0.0000000000000000000000000000000000000000000000003453326687347809,0.000000000000000000000000000000000000000000000000005732671090612856,0.00000000000000000000000000000000000000000000000000008472627568396915,0.000000000000000000000000000000000000000000000000000001111992066171931,0.000000000000000000000000000000000000000000000000000000012916518153013248,0.00000000000000000000000000000000000000000000000000000000013221499999808018,0.0000000000000000000000000000000000000000000000000000000000011861625627148288,0.000000000000000000000000000000000000000000000000000000000000009263042810532408,0.00000000000000000000000000000000000000000000000000000000000000006242070398027298,0.0000000000000000000000000000000000000000000000000000000000000000003589420245663325,0.00000000000000000000000000000000000000000000000000000000000000000000173588144550609,0.000000000000000000000000000000000000000000000000000000000000000000000006923907942111491,0.000000000000000000000000000000000000000000000000000000000000000000000000022169065238413704,0.00000000000000000000000000000000000000000000000000000000000000000000000000005475441840743877,0.00000000000000000000000000000000000000000000000000000000000000000000000000000009789378203566035,0.00000000000000000000000000000000000000000000000000000000000000000000000000000000011271951674316727,0.00000000000000000000000000000000000000000000000000000000000000000000000000000000000006274652732695279,0
0,0.00000000000000000000000000000000000000000000000000000000000000000000000000000000008843554831652257,0.0000000000000000000000000000000000000000000000000000000000000000000000000000000788261143070263,0.00000000000000000000000000000000000000000000000000000000000000000000000000004528160744736683,0.000000000000000000000000000000000000000000000000000000000000000000000000018843190501495516,0.000000000000000000000000000000000000000000000000000000000000000000000006053369412527497,0.0000000000000000000000000000000000000000000000000000000000000000000015622784997871203,0.000000000000000000000000000000000000000000000000000000000000000000332835613939065,0.000000000000000000000000000000000000000000000000000000000000000059689595524425095,0.000000000000000000000000000000000000000000000000000000000000009143458420727499,0.0000000000000000000000000000000000000000000000000000000000012098669274123666,0.00000000000000000000000000000000000000000000000000000000013950523251659092,0.00000000000000000000000000000000000000000000000000000001411512053328498,0.0000000000000000000000000000000000000000000000000000012601431625941401,0.00000000000000000000000000000000000000000000000000009970245227472001,0.000000000000000000000000000000000000000000000000007015362918985753,0.0000000000000000000000000000000000000000000000004401724278277118,0.000000000000000000000000000000000000000000000024677600720158067,0.0000000000000000000000000000000000000000000012379760376484474,0.00000000000000000000000000000000000000000005562107736979787,0.0000000000000000000000000000000000000000022390110455658765,0.00000000000000000000000000000000000000008074724379378447,0.000000000000000000000000000000000000002607451492907459,0.00000000000000000000000000000000000007531490306818102,0.0000000000000000000000000000000000019429947768069205,0.00000000000000000000000000000000004468048376021958,0.000000000000000000000000000000000913506788731672,0.000000000000000000000000000000016553300421134658,0.0000000000000000000000000000002648348589444334,0.000000000000000000000000000003723821353820032,0.00000000000000000000000000004576620038016176,0.000000000000000000000000000488437433657692,0.0000000000000000000000000044916789516189585,0.000000000000000000000000035263822683192323,0.00000000000000000000000023377138314510283,0.0000000000000000000000012915834873256969,0.000000000000000000000005856960229834256,0.000000000000000000000021424255091641823,0.00000000000000000000006209454186092957,0.0000000000000000000001406807544936192,0.00000000000000000000024985819240539414,0.00000000000000000000036143840176610786,0.0000000000000000000004583060866046625,0.0000000000000000000005414761132577766,0.0000000000000000000006164058128406837,0.0000000000000000000006851070150755106,0.0000000000000000000007463496857575196,0.0000000000000000000007976321676281711,0.0000000000000000000008363907877139451,0.0000000000000000000008605427456806079,0.0000000000000000000008687473042813751,0.0000000000000000000008605423158728345,0.0000000000000000000008363868854645789,0.0000000000000000000007976023195868695,0.000000000000000000000746158409194278,0.0000000000000000000006840969310691205,0.0000000000000000000006121025871762087,0.0000000000000000000005270878298172897,0.00000000000000000000042189676881847334,0.00000000000000000000029497549789068493,0.00000000000000000000016734549964173473,0.0000000000000000000000742178506181964,0.00000000000000000000002568522407474055,0.000000000000000000000007035971651154915,0.0000000000000000000000015537345653573322,0.00000000000000000000000028149948089302576,0.000000000000000000000000042494819044029776,0.000000000000000000000000005415765931849385,0.0000000000000000000000000005891847402179824,0.0000000000000000000000000000552255791384438,0.000000000000000000000000000004494781172495881,0.0000000000000000000000000000003197403640209652,0.000000000000000000000000000000019989076276824744,0.0000000000000000000000000000000011032971615880605,0.00000000000000000000000000000000005397101901073868,0.000000000000000000000000000000000002347295999200705,0.00000000000000000000000000000000000009099627400511696,0.000000000000000000000000000000000000003150645802090777,0.0000000000000000000000000000000000000000975768631041265,0.000000000000000000000000000000000000000002705870996063335,0.00000000000000000000000000000000000000000006722309046505628,0.0000000000000000000000000000000000000000000014962927226599937,0.00000000000000000000000000000000000000000000002982839870192817,0.0000000000000000000000000000000000000000000000005320718694077215,0.000000000000000000000000000000000000000000000000008480395853943953,0.00000000000000000000000000000000000000000000000000012052819251329983,0.0000000000000000000000000000000000000000000000000000015234142663732157,0.000000000000000000000000000000000000000000000000000000017064624234166995,0.00000000000000000000000000000000000000000000000000000000016866131096956013,0.000000000000000000000000000000000000000000000000000000000001462764366097848,0.00000000000000000000000000000000000000000000000000000000000001105498407123036,0.00000000000000000000000000000000000000000000000000000000000000007216993036701741,0.00000000000000000000000000000000000000000000000000000000000000000040243589607083024,0.0000000000000000000000000000000000000000000000000000000000000000000018890087484549571,0.000000000000000000000000000000000000000000000000000000000000000000000007319487423929237,0.00000000000000000000000000000000000000000000000000000000000000000000000002278480679532491,0.00000000000000000000000000000000000000000000000000000000000000000000000000005475448024759729,0.00000000000000000000000000000000000000000000000000000000000000000000000000000009531788476248937,0.00000000000000000000000000000000000000000000000000000000000000000000000000000000010693926145439893,0
0,0.00000000000000000000000000000000000000000000000000000000000000000000000000000007276295530485811,0.000000000000000000000000000000000000000000000000000000000000000000000000000042898635621741655,0.00000000000000000000000000000000000000000000000000000000000000000000000001833399745504395,0.000000000000000000000000000000000000000000000000000000000000000000000006053369412527497,0.0000000000000000000000000000000000000000000000000000000000000000000016069026198248352,0.00000000000000000000000000000000000000000000000000000000000000000035240736654082644,0.00000000000000000000000000000000000000000000000000000000000000006511360302670442,0.000000000000000000000000000000000000000000000000000000000000010285798961377822,0.0000000000000000000000000000000000000000000000000000000000014048856419200332,0.00000000000000000000000000000000000000000000000000000000016738568585459636,0.000000000000000000000000000000000000000000000000000000017519246132333924,0.000000000000000000000000000000000000000000000000000001619814466981,0.00000000000000000000000000000000000000000000000000013289659396990659,0.000000000000000000000000000000000000000000000000009709778973946911,0.000000000000000000000000000000000000000000000000633529588490496,0.00000000000000000000000000000000000000000000003699269476530344,0.0000000000000000000000000000000000000000000019361319001011496,0.00000000000000000000000000000000000000000009092352459118655,0.0000000000000000000000000000000000000000038333989093642514,0.00000000000000000000000000000000000000014511268565014772,0.0000000000000000000000000000000000000049305670920601726,0.0000000000000000000000000000000000001502539362045543,0.000000000000000000000000000000000004101734721547881,0.00000000000000000000000000000000010013769723208165,0.000000000000000000000000000000002181622412554008,0.000000000000000000000000000000042300698273017294,0.0000000000000000000000000000007275820776321321,0.000000000000000000000000000011058058552402655,0.0000000000000000000000000001478119599008547,0.0000000000000000000000000017281054206095878,0.000000000000000000000000017555711507591006,0.00000000000000000000000015377831538245947,0.0000000000000000000000011508833777300549,0.000000000000000000000007280223909681831,0.000000000000000000000038436523936115716,0.00000000000000000000016691591180967003,0.0000000000000000000005866996793360395,0.0000000000000000000016429420989843858,0.000000000000000000003626979470659001,0.00000000000000000000634983130696591,0.00000000000000000000915477952832319,0.000000000000000000011618181817693323,0.000000000000000000013740557601912914,0.000000000000000000015647214992770206,0.000000000000000000017390094207857582,0.00000000000000000001894142879624854,0.00000000000000000002023969901666211,0.000000000000000000021220676818651077,0.000000000000000000021831889717152675,0.000000000000000000022039511051314358,0.00000000000000000002183187438094242,0.000000000000000000021220544224418447,0.000000000000000000020238733519308005,0.000000000000000000018935535178484635,0.000000000000000000017360422199771856,0.00000000000000000001552652346133891,0.000000000000000000013354300298569876,0.000000000000000000010678295589547867,0.000000000000000000007490337634927159,0.000000000000000000004311270927194656,0.0000000000000000000019625375772629718,0.0000000000000000000007030558708389326,0.00000000000000000000020044237599300288,0.000000000000000000000046224380378281025,0.00000000000000000000000876451584833114,0.000000000000000000000001386606106116364,0.00000000000000000000000018538534714242471,0.000000000000000000000000021173903237406994,0.000000000000000000000000002085038716916778,0.00000000000000000000000000017839578752687222,0.000000000000000000000000000013349409588946606,0.0000000000000000000000000000008785278739256506,0.00000000000000000000000000000005108548061638101,0.0000000000000000000000000000000026350857886924676,0.00000000000000000000000000000000012096757038760178,0.0000000000000000000000000000000000049555026209972666,0.00000000000000000000000000000000000018154682412672992,0.000000000000000000000000000000000000005957954866576121,0.00000000000000000000000000000000000000017536339330380268,0.000000000000000000000000000000000000000004632838237858109,0.0000000000000000000000000000000000000000001098919325347069,0.0000000000000000000000000000000000000000000023401743639809838,0.00000000000000000000000000000000000000000000004471473254950915,0.00000000000000000000000000000000000000000000000076580981413118,0.000000000000000000000000000000000000000000000000011737644268422734,0.0000000000000000000000000000000000000000000000000001606576674898383,0.0000000000000000000000000000000000000000000000000000019582471537910887,0.000000000000000000000000000000000000000000000000000000021180247995109084,0.00000000000000000000000000000000000000000000000000000000020237005331686235,0.0000000000000000000000000000000000000000000000000000000000016985574120678688,0.000000000000000000000000000000000000000000000000000000000000012436201210864393,0.00000000000000000000000000000000000000000000000000000000000000007872834108307244,0.00000000000000000000000000000000000000000000000000000000000000000042610173794914166,0.000000000000000000000000000000000000000000000000000000000000000000001942970464518999,0.00000000000000000000000000000000000000000000000000000000000000000000000731950224643476,0.000000000000000000000000000000000000000000000000000000000000000000000000022169134508223643,0.00000000000000000000000000000000000000000000000000000000000000000000000000005187304837641657,0.0000000000000000000000000000000000000000000000000000000000000000000000000000000879862684295856,0
0,0.00000000000000000000000000000000000000000000000000000000000000000000000000003849919552092384,0.000000000000000000000000000000000000000000000000000000000000000000000000016886804880998335,0.000000000000000000000000000000000000000000000000000000000000000000000005726229154402834,0.0000000000000000000000000000000000000000000000000000000000000000000015622784997871203,0.00000000000000000000000000000000000000000000000000000000000000000035240736654082644,0.00000000000000000000000000000000000000000000000000000000000000006702791576133467,0.000000000000000000000000000000000000000000000000000000000000010908868503244462,0.0000000000000000000000000000000000000000000000000000000000015365147483274035,0.0000000000000000000000000000000000000000000000000000000001889684790510342,0.000000000000000000000000000000000000000000000000000000020436671285393756,0.0000000000000000000000000000000000000000000000000000019546184870190692,0.00000000000000000000000000000000000000000000000000016608247062588703,0.0000000000000000000000000000000000000000000000000125828833679572,0.0000000000000000000000000000000000000000000000008524848865979457,0.00000000000000000000000000000000000000000000005176280276613546,0.000000000000000000000000000000000000000000002821643465019701,0.00000000000000000000000000000000000000000013824473650439948,0.000000000000000000000000000000000000000006092069274996705,0.00000000000000000000000000000000000000024152937171107067,0.000000000000000000000000000000000000008613949327221893,0.0000000000000000000000000000000000002761994759421382,0.000000000000000000000000000000000007954527386447336,0.0000000000000000000000000000000002054834914067306,0.000000000000000000000000000000004752465769455301,0.00000000000000000000000000000009818481480582313,0.0000000000000000000000000000018068988126615064,0.000000000000000000000000000029520366004541674,0.0000000000000000000000000004264469130926279,0.0000000000000000000000000054213142123743675,0.00000000000000000000000006031392168376025,0.0000000000000000000000005833885061146608,0.00000000000000000000000486839159427894,0.000000000000000000000034736460303892426,0.0000000000000000000002096934442706787,0.0000000000000000000010580116422971959,0.000000000000000000004400622741234619,0.00000000000000000001486762047461057,0.000000000000000000040244907028373514,0.00000000000000000008662174604646155,0.0000000000000000001495375234853569,0.00000000000000000021482595708768675,0.0000000000000000002728224492207268,0.0000000000000000003229887142793794,0.0000000000000000003679414896488511,0.00000000000000000040890477328382226,0.0000000000000000004453059787336326,0.0000000000000000004757487787750517,0.0000000000000000004987451537337641,0.0000000000000000005130715425693037,0.0000000000000000005179377488499278,0.0000000000000000005130710368497766,0.0000000000000000004987409892537741,0.00000000000000000047571991035144005,0.0000000000000000004451381277684726,0.0000000000000000004080991437178225,0.00000000000000000036481285167802443,0.00000000000000000031340354712910665,0.00000000000000000025038488973587905,0.0000000000000000001762475272592052,0.00000000000000000010288531413751117,0.000000000000000000048043316217980033,0.000000000000000000017807347543525815,0.000000000000000000005282453324337722,0.0000000000000000000012719847704035565,0.00000000000000000000025238207620506654,0.000000000000000000000041842477422443404,0.000000000000000000000005868009354218919,0.0000000000000000000000007035207992093284,0.00000000000000000000000007276242791141329,0.000000000000000000000000006542332778530594,0.00000000000000000000000000051476274408466594,0.00000000000000000000000000003564175793020372,0.0000000000000000000000000000021819844297205394,0.00000000000000000000000000000011858527264411073,0.0000000000000000000000000000000057406951703505025,0.0000000000000000000000000000000002482410856670143,0.000000000000000000000000000000000009610718916124056,0.00000000000000000000000000000000000033373650473494607,0.000000000000000000000000000000000000010409215438433305,0.00000000000000000000000000000000000000029188824043047014,0.000000000000000000000000000000000000000007362734560169776,0.00000000000000000000000000000000000000000016708895424150986,0.000000000000000000000000000000000000000000003410543877948585,0.00000000000000000000000000000000000000000000006256904395056121,0.0000000000000000000000000000000000000000000000010304971234924551,0.000000000000000000000000000000000000000000000000015210972561364406,0.00000000000000000000000000000000000000000000000000020077788427196357,0.000000000000000000000000000000000000000000000000000002363023589902854,0.00000000000000000000000000000000000000000000000000000002470751389474556,0.00000000000000000000000000000000000000000000000000000000022846520536464122,0.0000000000000000000000000000000000000000000000000000000000018577117518727313,0.000000000000000000000000000000000000000000000000000000000000013189592376034643,0.00000000000000000000000000000000000000000000000000000000000000008104322446928796,0.0000000000000000000000000000000000000000000000000000000000000000004261030408790482,0.0000000000000000000000000000000000000000000000000000000000000000000018890182855611607,0.000000000000000000000000000000000000000000000000000000000000000000000006923950069910854,0.000000000000000000000000000000000000000000000000000000000000000000000000020419245154986945,0.000000000000000000000000000000000000000000000000000000000000000000000000000046553290929495535,0
