0,0,0,0,0,0,0,0,0,0,0,0,0,0,0,0,0,0,0,0,0,0,0,0,0,0,0,0,0,0,0,0,0,0,0,0,0,0,0,0,0,0,0,0,0,0,0,0,0,0,0,0,0,0,0,0,0,0,0,0,0,0,0,0,0,0,0,0,0,0,0,0,0,0,0,0,0,0,0,0,0,0,0,0,0,0,0,0,0,0,0,0,0,0,0,0,0,0,0,0
0,0.030854442359146916,0.044678476851068474,0.06123723753205992,0.0818677407678185,0.11976618131588555,0.17257680435754333,0.22540441681837198,0.2844372592849111,0.3334814683544339,0.3718618796638563,0.4153658217790102,0.46075060314568683,0.48259347596835195,0.5101467198257734,0.5217493406799777,0.5407201628020488,0.5318817563495634,0.5228220409394682,0.5014559910375661,0.4734485140575362,0.4494924865566038,0.4194851979107076,0.3853441510432803,0.3418966970748285,0.29337589968681965,0.24419971617794212,0.2033846074529832,0.1672326610328373,0.1333478055065567,0.10042981877205298,0.06920476831122982,0.014511123221576128,-0.02030025556706515,-0.046878305090046,-0.08494306473462705,-0.13831929130614976,-0.19790794581485122,-0.26031130469688746,-0.3344445290782363,-0.43452661044353674,-0.5422299069882314,-0.6408611738143679,-0.7418470095110047,-0.8313436739788493,-0.9234361040960944,-0.9852032295270098,-1.0439503167147375,-1.0951713369096332,-1.11895355875441,-1.1259546073951696,-1.1116030503071908,-1.069634522753794,-1.0154911690146537,-0.9568590150312805,-0.8635162573250743,-0.7707095249316004,-0.6649824951942808,-0.5603180227700301,-0.4460246994097586,-0.33722420180433055,-0.25674028277324296,-0.1892790043113843,-0.12891569559194932,-0.07187438820213297,-0.03193339600209449,-0.005524039991268526,0.027372668294705107,0.0790713503214648,0.11160686949016811,0.14395825101116588,0.17745595102399095,0.21776034434944713,0.26551136811959125,0.3186057083067127,0.3736593743284754,0.42112017240451416,0.4589487071439782,0.4901667193995788,0.5167957103501647,0.5457169738153468,0.5635357335925935,0.5632833951359999,0.5569773758405323,0.5254987144056522,0.5025673071700881,0.4665738784110455,0.43808995118065347,0.39031945314106364,0.3508830827452116,0.3187178526095477,0.27216785272694793,0.21664951367789473,0.16817986447732447,0.11678500701869576,0.08108516711713647,0.058647059431608056,0.040191897304264465,0.027017275389065315,0
0,0.04467847685110204,0.08204294869605008,0.11858710897199679,0.16313711448369492,0.2271946006681865,0.31731380544520954,0.42163548635518716,0.5368140167526915,0.6271639373998916,0.7114102336935694,0.7867588510700733,0.8850741800316168,0.920102960500725,0.9644634682944004,0.9970706237097828,1.0366426305747143,1.0209639947713733,1.002864162705643,0.952933824209306,0.9104396373991107,0.8791257834136688,0.8080288296107149,0.7345954075628699,0.648447682382439,0.5586771011063448,0.4763112712388554,0.39252379953925515,0.32024151207784823,0.24612650811342207,0.1681082528701869,0.09464847361914633,-0.020853745670233726,-0.09350635276401763,-0.1475336773706065,-0.22976780398563001,-0.32722782355018254,-0.44392582051969554,-0.5633577550012757,-0.7025073650761594,-0.9090764982039522,-1.1212698334316658,-1.297885232997492,-1.483978453584776,-1.6491399630846928,-1.8248946873572285,-1.948870760796486,-2.05456440329673,-2.1440654241781507,-2.1944919407160013,-2.2092216502916977,-2.1800717154037943,-2.108039090886734,-2.010535856125655,-1.894185330910025,-1.7168071682792545,-1.5463957216363267,-1.3498225760006914,-1.1617190121155763,-0.934983756840887,-0.7124260417540307,-0.5590308391333417,-0.42905621677443523,-0.31069614589837136,-0.2072856320455085,-0.11827259699217386,-0.06352382580995353,0.007878140025128724,0.12023887213972027,0.19455653645448245,0.27246077131168395,0.3471324983145482,0.4288968861248561,0.5267919794868002,0.617325559228239,0.7180613595661958,0.8120115432857307,0.8934413998510097,0.9654796646537057,1.000559332710368,1.0417078195321843,1.0821878803808942,1.0804168123965503,1.0654790064538096,1.0014252044184118,0.9464544634530447,0.8841678831013066,0.8368797822509852,0.7361518706532361,0.6678483717226414,0.5963731804524721,0.5134997565807389,0.4065298591133087,0.3091206316363121,0.22197459759441454,0.16425723576720064,0.11686239042539937,0.07538243342150681,0.037548794794685904,0
0,0.06123723753203881,0.11858710897203584,0.16242001610046444,0.22750340810893643,0.3188489522895131,0.44682833450954973,0.6019956111899761,0.7630854552505489,0.8910054705168625,1.018584465214693,1.1291816891306508,1.2738242539292177,1.329645181724901,1.3888664851522892,1.4309984444759454,1.477474048968901,1.4573412319339858,1.4391892650356373,1.3646567804309546,1.3017460901315743,1.2486389944725333,1.1434685684263923,1.031916282915116,0.9060368064358867,0.7840552533150436,0.6714224611473508,0.553989743987222,0.45854587968119553,0.3474124419575761,0.22653501385850244,0.11318241920304137,-0.05719877198069609,-0.1698655130749206,-0.24942085855741317,-0.3750189800629841,-0.5155292512611361,-0.692410452302475,-0.8815058037506922,-1.099384102370082,-1.4008547436389858,-1.719055850505051,-1.9852363687644736,-2.2535577275161396,-2.49985259187925,-2.7623905548744374,-2.9420698875485356,-3.098334296503523,-3.2296692902723043,-3.3021506193254733,-3.32482697670385,-3.2831983688074566,-3.176424621737668,-3.0309953330588173,-2.86222150584878,-2.5973857282755723,-2.343198095765094,-2.059483060931525,-1.777741065451016,-1.4380354179048482,-1.11352121205307,-0.8751772962286168,-0.6710080120421729,-0.4924850160989616,-0.34507237650903316,-0.21050017890645778,-0.130560731946637,-0.016491822139713817,0.15132573169374972,0.26736984643353306,0.3898093350670918,0.5024422503990382,0.6140067740646212,0.754237613374055,0.8818647788110034,1.0218920786809762,1.1599362567371807,1.2807167816024967,1.3860513378053594,1.441916299020617,1.4993235215681602,1.5588994623350234,1.5476585989492404,1.5201000605989994,1.4366213930543197,1.3605932002818188,1.2729652701220449,1.1977862866870146,1.0484839812794933,0.9479073790115298,0.8407600216135874,0.7220419622341769,0.5713667633173063,0.42722508400646086,0.3051936439836174,0.22501998142227222,0.15586264969469582,0.1052315440992466,0.05071173379998355,0
0,0.08186774076777892,0.1631371144836516,0.22750340810894365,0.32843482490269177,0.4399725696781714,0.6008275447100047,0.7930791088405866,1.0007659933364088,1.163068299623498,1.326591992372858,1.4626939138012676,1.6393555676088771,1.705679063465145,1.7864592829841885,1.8340421812029097,1.8926448640697255,1.8568263609713098,1.8316457176984284,1.7333734774006129,1.651411502660062,1.5768742452084215,1.4366138120574852,1.2892189746778129,1.1117883145466179,0.9569740998415033,0.8060654984249168,0.6453988128986557,0.5169996417144123,0.3725606948073128,0.20208279700677784,0.0399137393036611,-0.18723618026602465,-0.34138201766513565,-0.45936184684659165,-0.6280401539826133,-0.8181789198762708,-1.054740045316591,-1.3113429158785437,-1.5944396097508116,-1.981096511220954,-2.392546476047909,-2.74478218076716,-3.1010189067073397,-3.4170210953101003,-3.7565928348780555,-3.989391785931333,-4.190585441518489,-4.3686526044723815,-4.472895420849307,-4.503036237857855,-4.439401918369986,-4.292366399166451,-4.105727580741011,-3.8884786781410474,-3.5450868334278414,-3.2196800366995566,-2.8439192060024667,-2.4714034370287643,-2.0325069267257407,-1.6153719708653806,-1.3053874900891618,-1.0286293228559749,-0.787964490034026,-0.5889023271643573,-0.40893469998404175,-0.2909007430428043,-0.13376015638235822,0.09262027845139484,0.2591054337878184,0.43300322120126855,0.5818812548336747,0.7332056019232074,0.92487774588595,1.0961430422966898,1.2774306014704047,1.4682050898783074,1.6250425177830037,1.7631084773685965,1.8376220956934322,1.9107201760951562,1.9877235323417315,1.9730161093843852,1.9481092537833666,1.839592831942115,1.745523706972423,1.622921741384997,1.5288497127672849,1.344492046960855,1.218038585754909,1.078801751061463,0.9293301729485832,0.7360233635070568,0.5563665731999862,0.40350568814256066,0.3095841741343463,0.2071344780464703,0.1379813008128991,0.06443473308918775,0
0,0.11976618131586274,0.22719460066816907,0.31884895228953974,0.4399725696781631,0.5817087297746312,0.7752174422915823,0.9958248697206036,1.225582456900317,1.417330777858098,1.602721381826334,1.7521211756814938,1.9343276103729379,2.0085729300730835,2.0980470509798543,2.140383815227595,2.198704944924582,2.153821565466535,2.1139519139176977,1.9887403103537047,1.8843121638703724,1.7920722250469685,1.623270864144534,1.435125337754634,1.2212393253242877,1.0375938938625104,0.8522449581531037,0.6548620176422693,0.4974946929551203,0.33276824260542864,0.12647453361514815,-0.07290845540747905,-0.34529867018156,-0.5284128101667201,-0.6730918225226369,-0.8713577792683124,-1.097592557474611,-1.3810467467801089,-1.6829694820539023,-2.015005426219644,-2.471713793127318,-2.963451418716199,-3.383549333118559,-3.8071793141897694,-4.187841200146676,-4.601389581762111,-4.884730995031185,-5.123115938265509,-5.3382242413457,-5.474702513635059,-5.511474853884063,-5.423958391556455,-5.24666878376462,-5.02603970517113,-4.762311034653304,-4.346224101214598,-3.9534611393851358,-3.5085163940190216,-3.064190639379352,-2.541124462250359,-2.046979614875889,-1.6833897251415546,-1.3544750689747305,-1.064760633236098,-0.8253842508105156,-0.6140615412245068,-0.46853975403640896,-0.28119240278225954,-0.008660033256059298,0.19830872151456558,0.4101943036203863,0.5833689267209872,0.770667431626375,1.0078202016247955,1.2198290923096085,1.4351624184900142,1.6642103991438026,1.8623514296262593,2.0278259789581043,2.118396270541759,2.2114999833450653,2.311907454619753,2.3037000701227224,2.27390674183335,2.155268164685352,2.0551802979175013,1.9119496499245947,1.7985343224667347,1.6024621122165346,1.4620122807110987,1.3030728884422995,1.1255281098868424,0.9112581764464482,0.7049655078047875,0.5226845483909988,0.4041016241852898,0.281340305641418,0.1865484562604695,0.09428287328816701,0
0,0.17257680435753028,0.31731380544522636,0.4468283345095168,0.6008275447099851,0.7752174422915621,0.9980642924886604,1.2542583736726225,1.5187139444626596,1.730880879243828,1.932840951840566,2.0830645854396557,2.2756467932568163,2.3460022699016285,2.435477202454492,2.469832176058442,2.5257845666223195,2.4614973975195484,2.402552172595695,2.2510312139275217,2.1056566918627486,1.9913484455918655,1.7868175568211235,1.5538115345588053,1.2937918041384553,1.079068276275957,0.8690402436726204,0.626548233803277,0.43752861842671525,0.24300316259957938,0.01175983101813981,-0.21494610760462432,-0.5224821712730717,-0.7339904563518522,-0.898332569326315,-1.1196396326434506,-1.3674059526180455,-1.67037151923504,-2.002700861575736,-2.365189362730178,-2.8643611798194017,-3.4113194217502527,-3.876961768637266,-4.340486685083142,-4.761259299746248,-5.229090045720805,-5.550090572972219,-5.813879183339371,-6.053446655562901,-6.208859051215277,-6.250141156106051,-6.151699536391236,-5.955387763064396,-5.713215232759943,-5.4160930590618035,-4.9477162148618365,-4.516097543607098,-4.031228265694874,-3.540849044192196,-2.957018994377337,-2.4163479712060294,-2.0173039103600034,-1.6549745702258634,-1.3432968048214613,-1.0778608836724395,-0.8371888437656528,-0.6678317504519621,-0.45029655420170733,-0.1396644430716238,0.09805347787389947,0.3391091687535021,0.546756450706657,0.7734021153079331,1.0624907537603385,1.303003609918623,1.5539731658199043,1.8306571115000216,2.0729774235163667,2.2741973556970927,2.3881599651755696,2.518679263246332,2.641435075016015,2.646432642592161,2.6245858282736605,2.4999422507917823,2.3980808814354395,2.2446063044860454,2.1255867044274774,1.9118650498803598,1.7663747369458158,1.5892434903902672,1.390794713898668,1.1450528192572538,0.9040123729679256,0.691817401522685,0.5446762131680235,0.39034780675081715,0.26133755585948454,0.1388355713790207,0
0,0.22540441681839796,0.4216354863552155,0.6019956111899749,0.7930791088405562,0.9958248697205544,1.2542583736725572,1.5535666740397858,1.838584482877876,2.0620086079306703,2.2809812055050678,2.4357582074207587,2.638740751485032,2.7084778652664867,2.7926307413223936,2.817668927543705,2.8691657091084974,2.7898582616180754,2.7077318470744025,2.5200187330174804,2.335091966658245,2.191176053541646,1.9471960337162328,1.6683113407245254,1.3639987014424304,1.117961750969894,0.8803699792648193,0.5917601954583008,0.37407598245322543,0.159062233354083,-0.10049320151536381,-0.3569789396952362,-0.7007198419988536,-0.9453688411014861,-1.1384009073158095,-1.3819330014762863,-1.645847820963877,-1.9658704877699817,-2.3132190561695216,-2.6987638694124003,-3.222426576113986,-3.8048706234021616,-4.300110769952648,-4.794640814031565,-5.238743011181464,-5.737441114830822,-6.0874341307659,-6.3755870984841945,-6.638831194325205,-6.8119362819481255,-6.855705875879044,-6.742051937048878,-6.526119531460789,-6.263424870738672,-5.941741996816065,-5.445740218397137,-4.9926720094030355,-4.47707990182208,-3.9568586715309304,-3.335453237554924,-2.7679356224901426,-2.345066260587693,-1.9658433868776894,-1.6353121618145046,-1.3513591613614278,-1.0846749443244144,-0.8831181724714349,-0.6302562111490999,-0.28039414272708707,-0.0071411299281849,0.2675347837291248,0.5007020677333529,0.7623387019546395,1.1025526510599652,1.376486768963329,1.6646296362842352,1.9894461230669456,2.279128471470373,2.517810087960517,2.6608070603213174,2.829413416216176,2.9827604073542138,3.003996824176751,2.9875474112789417,2.859186074088526,2.7577841356010193,2.6001344706557825,2.4709640491033946,2.240506849883037,2.0878880220948877,1.8939693406535623,1.6848410027972516,1.4198054745909587,1.1357014583496141,0.8904369596108842,0.720864834327606,0.5328549420565635,0.3557697235703148,0.18477238736696472,0
0,0.28443725928487923,0.5368140167525605,0.7630854552505497,1.0007659933364443,1.2255824569003468,1.5187139444626683,1.838584482877912,2.1357499951675236,2.36130996039596,2.5801496325822777,2.7282847330535502,2.930883491718674,2.9856737656637606,3.0637699680916075,3.0642115484694394,3.104488553524794,2.9968312245501765,2.8851089447717153,2.666520122955394,2.455806054626154,2.2764319578936525,2.0079371968137933,1.7045635682006925,1.3633108277550523,1.1012702162746302,0.8460005443719376,0.5353683291375587,0.30121419641617037,0.06964484152871066,-0.2121564049016311,-0.48815735318282344,-0.8618201091954265,-1.1277076597010474,-1.3444564432892168,-1.6119772498460843,-1.8956223705374522,-2.2334654960110347,-2.59044206630003,-2.99284419178146,-3.5292889821026217,-4.126144473681125,-4.637377105891978,-5.150043472122073,-5.610442260723454,-6.1372741290476975,-6.4996352527485435,-6.798213554218373,-7.074307037441022,-7.2558979318193,-7.301757219269841,-7.180012370365541,-6.953603421799411,-6.681042415035793,-6.35074289470384,-5.829630077746028,-5.363523654904861,-4.829734566869205,-4.293872257214546,-3.657564062206307,-3.0757390446439437,-2.6355462796339406,-2.2453296667221827,-1.898676455484901,-1.596533137739733,-1.3052961731580062,-1.0803871344530278,-0.8041751620500808,-0.4228163811052792,-0.1249412882957362,0.17515328352816883,0.42846973761838686,0.7135882575554833,1.0841718022504916,1.3823703381928,1.6937329755605168,2.0607297704637575,2.3793872310598116,2.6433122715589588,2.8216849538288233,3.0152023917500106,3.197922759341482,3.2474003506952243,3.252590504058628,3.126250642058433,3.0406604423754993,2.8792690685742484,2.7568901270508466,2.5202450434467476,2.3696472460925624,2.173546902131999,1.9618257000106072,1.6868238242768772,1.3822646706135862,1.1015845408074907,0.9119495981284024,0.6817715926232236,0.46335634283092425,0.24028106690168508,0
0,0.33348146835441866,0.6271639373998273,0.8910054705168404,1.163068299623517,1.417330777858131,1.7308808792437564,2.0620086079307662,2.3613099603959182,2.5678215652432392,2.786165424156313,2.916320267709612,3.111300634897143,3.1531924217882943,3.222348158304673,3.203081810099341,3.2127259140668687,3.0705684286430865,2.9433489667439696,2.6928480617726036,2.4505517924719658,2.2523643386513093,1.9649752667439444,1.6411513480202986,1.2811876451079165,1.0027555364307026,0.7306406803786701,0.4084498954275781,0.1634629335445707,-0.06569879264785335,-0.35997547562598636,-0.6407380375316993,-1.0284343410786871,-1.3125830334989121,-1.5539766389697351,-1.8461034034793373,-2.136433989597911,-2.477275654332339,-2.8404183950617012,-3.238308184462879,-3.7728207414682036,-4.370638960267328,-4.871987809637382,-5.385423965993807,-5.848388604352891,-6.392320374504877,-6.761828697828464,-7.068134522863093,-7.351981548435794,-7.529928923683114,-7.575781099271081,-7.457622668115386,-7.225050757841285,-6.944891852200971,-6.612622810570458,-6.0770728619202785,-5.610742020953035,-5.079341927202552,-4.554348834293927,-3.917268255733217,-3.3380986856430157,-2.9040992598553235,-2.5077237228326648,-2.1606499815159377,-1.852682888199725,-1.534138803562703,-1.283548423950494,-0.989744508984577,-0.5917899583276176,-0.28447848300471734,0.0328568682840348,0.28943977900216894,0.5913899750414441,0.9825040687666334,1.3014322030102394,1.6352867932629145,2.0280745582131665,2.371578566808149,2.6563615261894458,2.8557112548466685,3.0820852069577476,3.2960062568995756,3.35947742709973,3.3945034733540185,3.291727216201073,3.2216438687245623,3.062351902713264,2.9440153108077847,2.7100476319266695,2.5735891993039357,2.3751906855195584,2.1814253278823954,1.9039972112780124,1.5877819479899544,1.2855018597428076,1.0664069327942842,0.804579196674612,0.550272613547389,0.28731727749410146,0
0,0.3718618796638206,0.7114102336936091,1.0185844652146923,1.3265919923729184,1.6027213818263328,1.9328409518405403,2.280981205505073,2.58014963258227,2.78616542415643,3.0006758233014135,3.119480564225919,3.2916377892190196,3.3225023488570145,3.3818885318171525,3.3394164842309366,3.324329403179661,3.1519637876082256,2.9936942526678894,2.715874035008093,2.448935103352598,2.215965749197422,1.894034631057888,1.5370070600959365,1.1496575252430135,0.8614086364450354,0.5765086690475102,0.23286004475855265,-0.02147041721986178,-0.2706215165567464,-0.5810374325418433,-0.8676226094869961,-1.255225632264404,-1.553564397975372,-1.8140228993040481,-2.127704799306509,-2.4303400513556745,-2.777151264799319,-3.1374904711930083,-3.530132372339454,-4.053843900272805,-4.629592543201258,-5.115911121847129,-5.621117295698312,-6.083789650564131,-6.643486437289916,-7.015148981322915,-7.317729684961497,-7.589023051805991,-7.746671049825145,-7.792644856798331,-7.695135047094416,-7.4768850520222205,-7.201876496508805,-6.871045769562753,-6.3229787316117765,-5.8610992072079275,-5.343626603666347,-4.837580810670249,-4.222528577235317,-3.653870124910718,-3.2245135259557585,-2.831440682129393,-2.4808444496736914,-2.1594120654717694,-1.8174626579791593,-1.5459410439237997,-1.233439648820891,-0.8323537132894832,-0.5147142187004661,-0.1751853977241524,0.1075864582243945,0.4245138395871775,0.8431274672219324,1.1791728666824992,1.5265364696037427,1.9508563816052822,2.329185470451953,2.6496713780394643,2.885503724611954,3.1401153903172396,3.3820542143669714,3.476280420004779,3.539368527133224,3.4601715282908274,3.4084913339442036,3.253177227414689,3.140973075730759,2.9241880413986796,2.7937003129217857,2.5952191798291677,2.3992720370859866,2.1197017641114217,1.7840856670555123,1.4623539391903904,1.221154633827197,0.9251803221944362,0.6289999899277549,0.322730230402775,0
0,0.41536582177902565,0.7867588510700537,1.1291816891306747,1.462693913801222,1.7521211756814667,2.083064585439667,2.435758207420739,2.728284733053591,2.9163202677097275,3.119480564226024,3.21056468922643,3.344421487407542,3.3406482947433678,3.3734617295203932,3.3076649636201956,3.273628456138399,3.081914727597362,2.8952051970183192,2.591357491000416,2.3018203612178696,2.0686787819276087,1.7430343092623424,1.373155600760992,0.9790190125596326,0.6951366178456926,0.4131273070604429,0.06347692404121308,-0.19276294612019423,-0.44076408840270975,-0.7525325462341351,-1.0260522864644988,-1.3982553004181153,-1.696550714467161,-1.9763864632962285,-2.3085612750384765,-2.6363652669557625,-2.996743880033219,-3.3634873572263655,-3.7623484456635774,-4.2855314626654915,-4.870690020303831,-5.357608773278975,-5.864296865513533,-6.345201736619309,-6.923885395203367,-7.30224117562622,-7.609412453954975,-7.885985082043039,-8.031129259590916,-8.075601547985142,-7.988058492533412,-7.763359791767525,-7.486137280650607,-7.151568695019949,-6.586609555846696,-6.107594758494246,-5.5934275790178765,-5.08987693260674,-4.467033115941,-3.901928558692501,-3.469259631404185,-3.0713888379804564,-2.708574576261091,-2.363399332215088,-2.002546331910156,-1.7096119103667284,-1.396333718667381,-1.0064396453405464,-0.6972529642734207,-0.35276011699533827,-0.06900005266286575,0.2545310973247192,0.6833037703505922,1.0203242415487102,1.3679640563208768,1.8042862921788134,2.2001900045070912,2.5266289196218508,2.7675693486117603,3.049523324046784,3.3201430335439337,3.444721288430826,3.529831715639949,3.4683482125258025,3.4379575007856893,3.30711535921386,3.2239198923730505,3.040927853038181,2.9306643951211453,2.7351239240895713,2.550558430130749,2.2734668719273188,1.9300167314130348,1.6041169695231106,1.3482586066590545,1.0275905408352943,0.6990307649275961,0.36238000928540726,0
0,0.46075060314564315,0.885074180031547,1.2738242539292515,1.6393555676088836,1.934327610372931,2.2756467932568087,2.638740751485082,2.930883491718751,3.1113006348971983,3.2916377892190885,3.3444214874075744,3.417464071799069,3.3655979337049735,3.3654688145528118,3.2641416342007097,3.220811877702224,3.0166165232426545,2.8091661144123012,2.4941677993135056,2.197838825183048,1.961220949623901,1.6226187640347354,1.2423024753955223,0.8486896127358038,0.5759927875036122,0.29984899405202065,-0.05935276095336097,-0.3189984055456861,-0.5822160886984589,-0.9020387769101217,-1.1710298609816587,-1.529255678654239,-1.840994883312434,-2.147303913511923,-2.5005641092772177,-2.858628199132174,-3.240998046104495,-3.623507249063036,-4.0365747217197026,-4.561432491488179,-5.148022691880652,-5.634839970935338,-6.134188705417343,-6.622958627701854,-7.2084368209381635,-7.585225143100267,-7.88921047056294,-8.159197309897856,-8.290815754390447,-8.334090216972061,-8.25918443387569,-8.041314335422511,-7.769794180306082,-7.439091658773511,-6.867968305775751,-6.3828765489992865,-5.879589931220916,-5.381175033670107,-4.757908583905632,-4.192454822572839,-3.746876585631711,-3.335124323362516,-2.9500059996464327,-2.575642034997128,-2.193675880212835,-1.8747269511311764,-1.5463551302875505,-1.1677599797079947,-0.8603642420934259,-0.5047631920021917,-0.20358069745977822,0.12749510683400692,0.5691362759067166,0.904336191332361,1.2456041559896422,1.6860788796083055,2.095273478553606,2.4366545767270953,2.6872541420213887,2.9824096927089956,3.2686242995439674,3.417246825443155,3.518416856831532,3.4692883989950616,3.472940648144695,3.3718768637719316,3.3333399872693645,3.2043845704642178,3.123480417980036,2.9415481016685727,2.7573395149118727,2.4767115522556318,2.1176167561798445,1.7766513503901165,1.5149691668172127,1.1621884088980692,0.7891092393743521,0.4027511340637226,0
0,0.4825934759683447,0.9201029605006888,1.329645181724894,1.7056790634651857,2.0085729300730466,2.346002269901639,2.708477865266514,2.985673765663783,3.153192421788302,3.3225023488571264,3.3406482947434104,3.3655979337049686,3.281488514206163,3.257239619306308,3.148680951267198,3.090865807905493,2.8854304089241314,2.6818518353888705,2.3585460538448584,2.0532058217387417,1.8226943401770275,1.4872412109855206,1.0988533914860699,0.7074121063408612,0.42760978611574846,0.14176449574674252,-0.2215247309728406,-0.490990487759584,-0.7639921754977429,-1.0997510255264331,-1.3576674428343949,-1.697972446097845,-2.0260061335257564,-2.371453006162809,-2.757792895538509,-3.1390356738081784,-3.540302428714444,-3.9352964556320797,-4.346622963318538,-4.864825365737554,-5.4394645916860584,-5.907790097520582,-6.389115710907555,-6.870234432648818,-7.449666639351608,-7.830971928030475,-8.140830219227594,-8.396363569560487,-8.513053022609185,-8.554268036036344,-8.49174104186414,-8.287877474426125,-8.01237362483011,-7.679656587245241,-7.115757657474478,-6.638309541972531,-6.158408494916762,-5.682782926492826,-5.0744889985250525,-4.5195331201489015,-4.080431307887618,-3.6568848112743106,-3.2537957719116215,-2.856130659719962,-2.440594750219923,-2.081092036421674,-1.7353129505982448,-1.3710856070417003,-1.0719891759475433,-0.697830943886656,-0.3817072524624606,-0.03776811679488971,0.4113283239335543,0.7596285945544567,1.111708853559027,1.557150901476918,1.97744004459241,2.315189839104114,2.562743987775682,2.869493931761126,3.1658409172791,3.3140035263507417,3.420123057302599,3.387033788770151,3.3971615471608883,3.3193551910255685,3.310943522239754,3.2267365049788097,3.173940416144105,2.9952532094769104,2.8213563498318632,2.553994566267804,2.192755871542693,1.8527242116743872,1.5808852372491518,1.2183668535980556,0.8257825241760754,0.42508826061378985,0
0,0.5101467198257995,0.9644634682943843,1.388866485152296,1.7864592829841919,2.098047050979822,2.435477202454487,2.792630741322321,3.0637699680916666,3.222348158304754,3.3818885318172147,3.3734617295204643,3.3654688145528437,3.2572396193063753,3.2147779151650853,3.0938577427773084,3.0256720063695175,2.8077230694436013,2.5982256930980463,2.273029863318232,1.9616081469335118,1.7192196383724356,1.3802816122250245,0.9799233997347468,0.5730726503315732,0.28499320992421034,-0.011838237425285125,-0.37731409559695217,-0.6648413269962845,-0.9612392917512526,-1.3137674746910706,-1.5674913881628596,-1.89946946665198,-2.2459626722914603,-2.6154434369440187,-3.0218135997678233,-3.4179941368348996,-3.818034157360481,-4.211434361177221,-4.613290536263076,-5.112239443691816,-5.655678291306224,-6.0924232092283,-6.530546252750297,-6.9848620926537865,-7.547539602348222,-7.912051884265693,-8.212812041925366,-8.442341249029033,-8.537048541731359,-8.577969069501606,-8.538032632912955,-8.360404702578474,-8.0961899045645,-7.783889494648931,-7.239105395839539,-6.790571073197141,-6.35652066536097,-5.915713332811397,-5.341049202254207,-4.807866685240677,-4.378258597836005,-3.9540853869923347,-3.5517214357160602,-3.140682893303749,-2.7070092685637346,-2.32357348056813,-1.9576050077668465,-1.5994343599625789,-1.302654820424738,-0.9103051872291523,-0.5688576118097769,-0.20363862107089298,0.253249509039999,0.6151787287684176,0.9802103939231617,1.446338768166435,1.880491523123922,2.223859773910098,2.4871424212506934,2.8042700057868286,3.1095525578276293,3.2725121835677404,3.397564737101868,3.376466872777161,3.3993827370522722,3.3390061099666544,3.3536502863794095,3.2964683182782553,3.262100398133046,3.083721314607255,2.910925675984962,2.6446145643518304,2.2854365839746276,1.9409221874513352,1.6569260653535796,1.2744488438430954,0.8685689795002908,0.45212997603981175,0
0,0.5217493406799764,0.9970706237097936,1.430998444475997,1.8340421812029042,2.140383815227501,2.469832176058381,2.8176689275436324,3.0642115484694847,3.2030818100993446,3.3394164842309104,3.307664963620184,3.2641416342007235,3.148680951267201,3.0938577427773133,2.967488761431265,2.896551232980869,2.6834532567911267,2.4727620546724816,2.1457229641838937,1.84002887269626,1.597309301635626,1.2602168380972594,0.8544026943738356,0.44499765903001814,0.15005973741378484,-0.15636206422117926,-0.533504423713914,-0.843965400786393,-1.1520831155913873,-1.5147475956066232,-1.7733956105520454,-2.102766716358122,-2.4718124247182036,-2.8664252387885085,-3.2850405427785057,-3.682927858456745,-4.078610230414259,-4.455183356232511,-4.837887312026969,-5.303323028492146,-5.806332634799346,-6.205443835713204,-6.606262505946286,-7.036860322848905,-7.575648029376844,-7.927036321150342,-8.220420818968853,-8.435212678133121,-8.52371185330455,-8.564586331250986,-8.53249277494955,-8.371903205566166,-8.118438190523735,-7.823376441178912,-7.304294339736757,-6.879240554465251,-6.482118112169967,-6.07817161316722,-5.5460337949049405,-5.046687760128739,-4.637390553300207,-4.2276099093981765,-3.8278876297548625,-3.416003352537887,-2.971507171009079,-2.5651711398679686,-2.1771689152922846,-1.822139320476382,-1.5201222658784341,-1.1173222217521004,-0.7663367665573566,-0.37822247888480115,0.09239999290464433,0.4670379718943173,0.8441088858652875,1.319468127931392,1.7617653660501904,2.1066231268845352,2.373933069717914,2.691900241165677,3.0058753510849385,3.177353639487765,3.3044103479125413,3.290016635629215,3.3212817253045457,3.2745542328690296,3.2955077209119783,3.27033612841888,3.2528484343233774,3.0906007388265313,2.9312645584866917,2.684665442560269,2.3314733260476475,1.9913131315496098,1.7100081415000996,1.3220054855032357,0.904362665770268,0.46546704918274473,0
0,0.5407201628020901,1.0366426305747385,1.4774740489689056,1.8926448640697542,2.198704944924562,2.5257845666222454,2.8691657091084792,3.104488553524812,3.212725914066903,3.3243294031796493,3.2736284561383964,3.2208118777021766,3.090865807905389,3.0256720063694766,2.8965512329808534,2.815837652886311,2.601927630504945,2.397323010246461,2.0785816413785736,1.7721945642082324,1.5235586794293694,1.1798132950969527,0.7692369575360728,0.3472969708988688,0.03990523518007705,-0.2771978090668996,-0.6802524534020523,-1.019969945414372,-1.3560703702661276,-1.7388265106572625,-2.017787386749448,-2.3572845098609476,-2.7438186350589904,-3.1547753304147776,-3.573546871424454,-3.9530850013421617,-4.333302403334409,-4.697456670983907,-5.065012355139692,-5.502956160543799,-5.964088076053266,-6.32384136045961,-6.688304530261098,-7.085328723779503,-7.589107376886445,-7.920549509420278,-8.189016930728611,-8.377101633471021,-8.451818291262052,-8.493479516409318,-8.480585268397776,-8.351488639212306,-8.12809862207929,-7.8556937583288295,-7.3718470548201545,-6.9807543451838985,-6.619642832060287,-6.25549773658418,-5.762997134626234,-5.290734956725509,-4.892167005021352,-4.492207906071248,-4.103887366938814,-3.710045048629496,-3.264303867964462,-2.8433660291605114,-2.4392763766246386,-2.0741757143526702,-1.754927090104466,-1.334384002679023,-0.9592236561743155,-0.5437117569224632,-0.04890749985687813,0.33803403955944133,0.7310250999201374,1.2229382863529121,1.6709075922039245,2.024123300821905,2.3010685200223104,2.624027481200741,2.9385389442863654,3.1138199623388862,3.2532485432065092,3.2572795603211113,3.2977574970564625,3.265393844685995,3.3020044998771283,3.2835537117190157,3.2752925073248504,3.126049765001387,2.989457229077255,2.7500342946414285,2.3969160076201805,2.0541885715279293,1.7709468884301371,1.3719236260915997,0.9479308815734251,0.4879041738443411,0
0,0.5318817563496158,1.0209639947713531,1.457341231933925,1.856826360971288,2.1538215654664814,2.4614973975195205,2.78985826161802,2.9968312245501205,3.070568428643062,3.151963787608145,3.081914727597358,3.016616523242664,2.8854304089240714,2.807723069443581,2.6834532567911613,2.6019276305050094,2.399098448871319,2.2054590258010114,1.9080973326225616,1.6190046809789647,1.381769764134858,1.046553841802413,0.6322542279894966,0.20862827864871053,-0.10418307026624254,-0.4315819782833808,-0.8539385249230151,-1.2158831059452084,-1.569234269939533,-1.952900767251815,-2.234367893166384,-2.5801979971074402,-2.9825581202522895,-3.3981906285918457,-3.8084668551217575,-4.1656968550109985,-4.5131597840920845,-4.8528336730089405,-5.200985780238763,-5.607563073377221,-6.033172215772445,-6.354940519232182,-6.669832913487332,-7.031655862331336,-7.510660334609343,-7.828086738031088,-8.085601020216663,-8.262485525899926,-8.324812858487697,-8.36703232579729,-8.368941280390553,-8.255093711645573,-8.047664434159218,-7.790659070850457,-7.334697711944176,-6.978227879971783,-6.667222256440831,-6.341932336651407,-5.884989997376678,-5.444129496793134,-5.060943743208704,-4.68167470595489,-4.321134702884103,-3.946024682925218,-3.507822210491553,-3.0798051976519742,-2.661408493202901,-2.291609523960478,-1.9723310223512125,-1.5547355670980372,-1.1657534955904991,-0.7322888398283127,-0.22206658558743728,0.17392546523470348,0.5717838518126108,1.0685922656448135,1.521458906126398,1.8695527609377147,2.1378891463970167,2.448048791182353,2.751973205998483,2.9263880845997283,3.065073385144813,3.0802878031067387,3.123239626091598,3.1095162679152235,3.1476801972975395,3.138209172521276,3.143589117317975,3.0166406165039232,2.90731740537736,2.6907305578209226,2.349345043309764,2.021895822030813,1.7452488507581905,1.3605898181111484,0.9392242245759201,0.4853341620797932,0
0,0.5228220409394495,1.0028641627056867,1.4391892650356257,1.8316457176983567,2.1139519139177017,2.402552172595615,2.707731847074318,2.885108944771612,2.943348966743874,2.993694252667853,2.8952051970183064,2.8091661144122875,2.6818518353888914,2.5982256930979895,2.4727620546725064,2.39732301024651,2.2054590258009457,2.0365618941967663,1.7731602369132577,1.5101651460609746,1.28244160658824,0.9514482955423706,0.5362494631143181,0.10930361438346821,-0.20864817377570266,-0.5556112325778919,-1.0148458446136013,-1.4260783634215928,-1.8166008227789727,-2.218533270921977,-2.5114353442835973,-2.8724594157683883,-3.291213346468567,-3.7119808864370523,-4.109736022173721,-4.4432978298951085,-4.757827722962662,-5.07266918676369,-5.387475650437776,-5.75416773384699,-6.127593312384467,-6.396812549652771,-6.6584692933724,-6.9720386411085205,-7.413411524492625,-7.700890477117691,-7.925079367475764,-8.074713536800207,-8.123008199878415,-8.167277223596933,-8.188822854886116,-8.10812455216581,-7.940507183549862,-7.718139191572807,-7.30247901342437,-6.99446053479558,-6.736288297489831,-6.461589412494605,-6.056899546070153,-5.652634928636922,-5.297352112642198,-4.934955096925911,-4.599948581524007,-4.242132129128775,-3.8129155975520965,-3.3777817214287613,-2.9439613430733313,-2.5585751689790657,-2.229536553670953,-1.798108880857631,-1.376087409105419,-0.900776267445537,-0.358394662878814,0.05376293444588177,0.4555030758781682,0.9552828272787314,1.4093466319389139,1.7543080459917992,2.0127215189795673,2.3015852324150545,2.5799747195608886,2.73998689545731,2.8802216415387427,2.8991438413586867,2.950980577921211,2.9477375050031824,2.98293745687298,2.992006237384393,3.01895591812929,2.9125757399339047,2.812818502708187,2.620298870917113,2.2974769644065116,1.9854779297275427,1.7219286388128943,1.346029921798665,0.9255509503717075,0.4800299668481398,0
0,0.501455991037505,0.9529338242093799,1.3646567804309744,1.7333734774005891,1.9887403103537107,2.251031213927524,2.520018733017363,2.66652012295543,2.692848061772609,2.7158740350080723,2.5913574910004202,2.4941677993135047,2.358546053844911,2.2730298633183375,2.1457229641839417,2.078581641378626,1.908097332622631,1.7731602369132788,1.5500113708519214,1.3115860373877715,1.0900087407907588,0.776145299929223,0.3691590283596423,-0.047258478972191216,-0.3593471672752939,-0.7113636859153125,-1.1785527635755486,-1.6167583449484046,-2.0247780332881633,-2.4399718207792294,-2.7330154413301337,-3.0996251477932253,-3.51905094738522,-3.9382370067902905,-4.322044776996836,-4.6318833452697,-4.9218641708292,-5.2251182171445185,-5.528609533007061,-5.868619536524623,-6.2052233364511835,-6.443778088365821,-6.667008886959784,-6.953602299699436,-7.370768882097557,-7.636727473998839,-7.841758037730988,-7.968661793450469,-8.005514326103741,-8.051096680067406,-8.087795237643089,-8.034959348008247,-7.890827690738929,-7.692197161537589,-7.29922140162839,-7.0154692709289685,-6.792336624333586,-6.546933305393244,-6.179697452235153,-5.801853480295869,-5.4561126968376445,-5.100338628511505,-4.7842307039660446,-4.4450038850776785,-4.027824901954658,-3.5965062058368376,-3.16317833398016,-2.7738883149318605,-2.4462563621633957,-2.0041806084095737,-1.568614928992707,-1.0729004182235657,-0.5260773286726457,-0.10972842966800778,0.2868020389860358,0.7744692169205339,1.2201530065303818,1.5480483437813606,1.8003594334994277,2.0651908628074667,2.309560852188604,2.442836257436839,2.5703806748484435,2.588906327522491,2.651094188163034,2.653564321161496,2.697206477892147,2.7160348363673736,2.766675050113149,2.683718298210979,2.611124346430389,2.44202324854826,2.1523763323067215,1.8664275030237245,1.6285941062407114,1.2754148096796083,0.8790824773340483,0.46303821556578856,0
0,0.4734485140575438,0.9104396373991719,1.3017460901316338,1.6514115026601095,1.8843121638702724,2.1056566918627007,2.335091966658137,2.4558060546261533,2.4505517924719507,2.4489351033525146,2.301820361217826,2.1978388251830885,2.053205821738762,1.9616081469336393,1.8400288726963905,1.772194564208335,1.619004680979028,1.5101651460610208,1.3115860373877832,1.1006216968626417,0.8991260100226343,0.5947696633367199,0.18912190785892072,-0.21802575187126533,-0.517565501911718,-0.8539403357850329,-1.3162389453905576,-1.7675160202829243,-2.189952700782582,-2.619460009498283,-2.9191136024277284,-3.292818213282816,-3.7149713245281726,-4.125972328202573,-4.49840183753014,-4.781192746226896,-5.0401676077830455,-5.3271543034810085,-5.621576675212729,-5.950655704740744,-6.262483487221953,-6.470749853129506,-6.649312055437575,-6.903681066672555,-7.296633755945514,-7.547436917771617,-7.739309227821639,-7.846845116969238,-7.870819507952787,-7.918271355417837,-7.973292927763683,-7.944294176584359,-7.817704759293573,-7.634880864363309,-7.263647634897228,-7.009383020643096,-6.827291153484073,-6.611736831462028,-6.269685135163786,-5.902781964589273,-5.562225980959848,-5.217350927519367,-4.924849134884447,-4.606825418081151,-4.196000029188493,-3.7715366879733767,-3.3358623953342015,-2.941600955628698,-2.611431613682999,-2.1587114949120667,-1.7137817360413883,-1.211597910167099,-0.6762034082272933,-0.27866189480413156,0.10235123567983861,0.5763686493492052,1.0179045383377374,1.3349983590033156,1.5675807295915274,1.8056061466618882,2.0314853534829953,2.1460316912230644,2.2651606959064186,2.2929731073229056,2.358040413999137,2.3718870735410476,2.427689760276948,2.4540588137639077,2.5242447643852275,2.462065909488277,2.4179268508986156,2.26937448472149,2.0150958598111077,1.7687252640915703,1.552273819860539,1.216583974216747,0.8394804763900576,0.43744329229474266,0
0,0.44949248655657914,0.8791257834137262,1.2486389944725746,1.5768742452084217,1.7920722250468935,1.9913484455917996,2.1911760535415516,2.276431957893654,2.2523643386513017,2.2159657491973372,2.068678781927617,1.9612209496239312,1.822694340177027,1.7192196383725138,1.5973093016357316,1.523558679429438,1.3817697641348838,1.2824416065882658,1.0900087407907775,0.8991260100226691,0.7055794229183178,0.4011745781816322,0.006996932415058008,-0.3883908274617773,-0.6741064424261429,-0.9944513956084323,-1.4480791843464285,-1.8959223802775838,-2.326391002294547,-2.7433981202423277,-3.036179065298916,-3.3966416227149665,-3.8097756801612177,-4.199495999402128,-4.55141019039103,-4.8016863549292035,-5.027905027920407,-5.290050430676469,-5.5659439182556545,-5.892339096029757,-6.182013771732056,-6.366570993566678,-6.516495953809207,-6.747000621038518,-7.122067013131679,-7.365706544724351,-7.5433982717544765,-7.634387451749351,-7.651902916686894,-7.701333403349989,-7.769050144414156,-7.760739862790724,-7.653308166871453,-7.477484813007251,-7.122686271410529,-6.88905704164378,-6.7325224237572385,-6.539285770546885,-6.2183686370891795,-5.851590579666194,-5.52369901713193,-5.198272794145801,-4.9320578416879925,-4.64130921651948,-4.247095637052166,-3.842567248190256,-3.416485749679766,-3.0366650609506975,-2.7178472141044336,-2.2829598757238476,-1.8364972799360406,-1.3448376152179884,-0.8252620281543959,-0.44596625529837663,-0.08233349863939957,0.3776828639029435,0.8048718276696111,1.1188775394851502,1.341240264618378,1.562000806497204,1.7873671228970887,1.9004868183052843,2.0157776843313857,2.057683218959504,2.1326549004536446,2.166507256230678,2.221918461081405,2.253647129315065,2.322745785136618,2.291716479848766,2.262618418279786,2.145939748863936,1.9197044976343387,1.6956674041699604,1.4941893154818788,1.1767213931143699,0.8189159539622484,0.418549413176336,0
0,0.41948519791072175,0.8080288296107436,1.1434685684264256,1.4366138120574599,1.623270864144545,1.7868175568210751,1.9471960337161573,2.007937196813743,1.9649752667439069,1.8940346310578977,1.7430343092623997,1.6226187640347993,1.4872412109855224,1.3802816122250938,1.2602168380973187,1.1798132950970175,1.046553841802413,0.9514482955424188,0.7761452999292494,0.5947696633367795,0.4011745781816749,0.10522619960895348,-0.2805209219698479,-0.66332954831679,-0.9359445849317387,-1.246173588752376,-1.6859206210475035,-2.134520574892678,-2.555891487281071,-2.9479085247028793,-3.2224840642678525,-3.5616344468078127,-3.952391897132908,-4.317441030950855,-4.638462959535365,-4.859351903540927,-5.054557720641256,-5.290268930305676,-5.552713147576937,-5.873956657952635,-6.1479193473047085,-6.319330896920269,-6.452511210036883,-6.6722601167955,-7.0332856713160385,-7.271052405212437,-7.4401779587623205,-7.528744947826173,-7.551709090210584,-7.603080196628193,-7.671650984126436,-7.671115980164911,-7.576904549295798,-7.404562951953421,-7.0626586754056175,-6.835142679470453,-6.692760927974076,-6.509523099577083,-6.201584888786011,-5.834696759917401,-5.513913124462256,-5.210156194745381,-4.969672815504658,-4.7038014974679525,-4.339904722958068,-3.9590545386620177,-3.5574628451933163,-3.202823484174181,-2.9073664685009475,-2.5030583677298814,-2.073400065171029,-1.5880867388036213,-1.0894417384506427,-0.7235235331920212,-0.37750970678687523,0.06696501092086493,0.4831098283584799,0.7863048830514446,1.0080577326015991,1.2209413368939854,1.4342880695745661,1.5489762725565364,1.6636682169790624,1.7194040026512074,1.8003277959736756,1.846725538928021,1.9058610928017001,1.9532107635293168,2.026982592272667,2.0299159971791703,2.016856367981402,1.9225303568240377,1.7355098092196204,1.546090637733362,1.3703523464872605,1.08610664854675,0.7606453053760375,0.3956523805845405,0
0,0.38534415104325975,0.7345954075628556,1.0319162829151332,1.2892189746778366,1.4351253377546036,1.5538115345587884,1.668311340724523,1.7045635682006706,1.6411513480203177,1.537007060095929,1.373155600761052,1.2423024753956229,1.098853391486094,0.9799233997348602,0.8544026943738859,0.7692369575361359,0.6322542279894067,0.5362494631143465,0.36915902835970815,0.18912190785898542,0.006996932415126668,-0.28052092196985695,-0.6551737211407339,-1.0171213387147988,-1.268375072408648,-1.552485276967461,-1.9700427301989873,-2.4051372672184352,-2.809652419624645,-3.168546432595312,-3.4198501662246725,-3.7354395068872703,-4.094318605162103,-4.418133553260336,-4.69992642014121,-4.886363680663257,-5.049563659642753,-5.258967798911102,-5.505685693547288,-5.829144891999107,-6.094019532682538,-6.254651869845322,-6.37633107395962,-6.586008943643848,-6.933919174066182,-7.168573225989673,-7.329668103232757,-7.418081303927123,-7.445859972643251,-7.497333736633529,-7.567156981072275,-7.572000029849166,-7.489724436872392,-7.319192923904575,-6.987265805967305,-6.766646098812264,-6.630820364260234,-6.454744672337245,-6.153813836572834,-5.781448392731852,-5.470788675878562,-5.189662613229753,-4.975925109289464,-4.742758673574409,-4.417752107139584,-4.078785682628145,-3.712275227097114,-3.3872925658733832,-3.120833543112408,-2.7529502077900885,-2.3466647590124707,-1.8820122302582072,-1.4134051499274702,-1.0765508924997933,-0.7540059075204405,-0.3332761240203118,0.07192937428399303,0.36790926456256096,0.5789511081094787,0.7935174907731057,1.0035383347503424,1.1245033285370112,1.2503440340682823,1.3170141315038713,1.4106431807886766,1.4769722219208254,1.5512350100784191,1.611697365139375,1.6989223137722382,1.733755853419472,1.7392509168110233,1.6664139338297774,1.522147243420977,1.3774926736606175,1.241043099781763,0.9900271667524808,0.7000354580482898,0.3680992277914248,0
0,0.3418966970748437,0.6484476823824625,0.9060368064359036,1.1117883145466423,1.2212393253243343,1.2937918041384049,1.3639987014424444,1.3633108277550023,1.2811876451079078,1.1496575252430397,0.9790190125597098,0.848689612735919,0.7074121063408891,0.5730726503316361,0.44499765903014327,0.3472969708989129,0.20862827864874503,0.10930361438354251,-0.04725847897220965,-0.2180257518712771,-0.38839082746180037,-0.6633295483168511,-1.0171213387148075,-1.3430279133107592,-1.5721539509800215,-1.828357679958218,-2.2140598784744547,-2.6352033395998977,-3.0343451888948283,-3.366655416203857,-3.5906474482020396,-3.882198549513117,-4.206964672093419,-4.488021892728581,-4.731680685244854,-4.8851265070684775,-5.020481512661391,-5.20480260125618,-5.43984423064817,-5.757585292537064,-6.016205337396451,-6.165752029186382,-6.2786207242272125,-6.483227254918394,-6.818553965915873,-7.050808983726231,-7.20241121763873,-7.276665988806448,-7.296917665393867,-7.3490933544871435,-7.429602065276773,-7.452511744688682,-7.383106718088743,-7.213438941902984,-6.893613553829064,-6.6755372084480555,-6.54459070293079,-6.375271357301872,-6.079105860571596,-5.708993867778647,-5.406586697449524,-5.147271473221496,-4.95918703567698,-4.75690631198163,-4.470017169432803,-4.171841267763065,-3.8390346861890525,-3.540827532175884,-3.3043770857420607,-2.9662678605783013,-2.5708148712349197,-2.127474060767617,-1.6982119829840332,-1.3919344706832593,-1.0949086573843108,-0.7129562816494915,-0.32960737329057155,-0.04531773723120212,0.15207587539386577,0.35737552494035013,0.5574772142397082,0.684775559715116,0.8159936662431568,0.9007512613454609,1.0049444674832524,1.0969582930197983,1.1780749144118137,1.2428902635066668,1.3421335009845516,1.4075508024706314,1.4314788982028308,1.394024613202767,1.2939109198922967,1.1966850202332826,1.0939023404415658,0.8896774023307745,0.6331821391817296,0.3350477902943566,0
0,0.2933758996868544,0.5586771011063725,0.7840552533150322,0.9569740998414474,1.0375938938624154,1.0790682762759005,1.1179617509699524,1.101270216274613,1.002755536430657,0.861408636445078,0.6951366178456702,0.5759927875036658,0.4276097861158025,0.28499320992423294,0.15005973741387832,0.03990523518010393,-0.10418307026625813,-0.20864817377569292,-0.3593471672753013,-0.5175655019117719,-0.674106442426179,-0.9359445849317548,-1.2683750724086558,-1.5721539509800375,-1.7839454453052697,-2.016172032096762,-2.370436570245475,-2.7697376370378666,-3.151363316400659,-3.4509186797199285,-3.652183196230521,-3.9220274678490066,-4.21211593766273,-4.461158099798242,-4.674214055562747,-4.80220074128782,-4.918173609529716,-5.096565198713978,-5.340935615958594,-5.669702656536103,-5.948327447479884,-6.108464088328779,-6.230382173864975,-6.436800743626766,-6.765139962730819,-7.005321064442448,-7.163086552524871,-7.240652689803615,-7.261970615222367,-7.316630800676377,-7.398283148608858,-7.41999578958395,-7.346879360521011,-7.168172368657641,-6.854793767721263,-6.633181595061671,-6.488258082955048,-6.304274855563397,-5.985249668504753,-5.600924701302537,-5.2854372594488135,-5.030280428754853,-4.858447773122263,-4.679662745559142,-4.423339838678104,-4.154345448301733,-3.8543283543426026,-3.578227161365035,-3.3656400782204767,-3.064009490361607,-2.6907422144096604,-2.2770376804620875,-1.8866466706951037,-1.609627189060792,-1.335382855241443,-0.9803718705443848,-0.6215852937068534,-0.3517174513019157,-0.1714521750381916,0.019588517814988767,0.21119596386744544,0.34457798376953486,0.48665652869026554,0.5900633358058135,0.7091101122536316,0.8200877369271501,0.9208028921428517,0.981225414309427,1.0843111471428908,1.16606264307269,1.2074533907767036,1.1857544008910186,1.11588697835587,1.0486154540021893,0.9709359325558964,0.7966250044075391,0.5654338380711096,0.2977994738583897,0
0,0.24419971617799982,0.4763112712389132,0.6714224611473258,0.8060654984248824,0.8522449581530737,0.8690402436726473,0.8803699792648554,0.8460005443719307,0.7306406803786926,0.5765086690475502,0.4131273070604125,0.29984899405208826,0.14176449574678365,-0.011838237425295065,-0.15636206422117582,-0.2771978090668859,-0.4315819782834079,-0.5556112325778534,-0.7113636859153575,-0.8539403357850271,-0.994451395608533,-1.2461735887524237,-1.552485276967492,-1.828357679958229,-2.016172032096748,-2.215903391248305,-2.5280748702208498,-2.8859516191388144,-3.2256966324088867,-3.4810033986040563,-3.650259611746987,-3.8947154067782255,-4.142011735914409,-4.359723362480643,-4.545812094080296,-4.654527125926669,-4.771358823078448,-4.960414250192518,-5.231915025358428,-5.594950240543956,-5.922022815397806,-6.118455129043059,-6.285029139281896,-6.520471825754236,-6.871767620074854,-7.150139786672104,-7.330508913171203,-7.43363720256899,-7.469686472682474,-7.528229961729509,-7.599395331365547,-7.597730767776364,-7.502308508899106,-7.2839188070672165,-6.945529058678111,-6.692214522766052,-6.497273310804724,-6.270580391431407,-5.900920385417934,-5.476251596992063,-5.127945696126433,-4.8587271879982055,-4.68230465456928,-4.520563367380502,-4.291780605033789,-4.053506185267836,-3.7956226634509513,-3.5460744944204596,-3.3691586806690945,-3.118217834270541,-2.792587645942934,-2.4298660267317675,-2.0904510994574435,-1.8508542788740683,-1.6070910710304736,-1.2870656715995032,-0.9584546414326447,-0.7012952023644391,-0.5437882963429812,-0.36902410267414043,-0.17189936631919883,-0.01767559249408246,0.13958357471261995,0.2610968778316843,0.40071505801629825,0.5342589472136063,0.6566544374736392,0.718951905239905,0.827322859533232,0.9283169977453557,0.9886624741800941,0.982863514691013,0.9388648804585145,0.8994019687615525,0.8522361074804192,0.7107065532778777,0.5035512809952399,0.25982329494953194,0
0,0.20338460745302098,0.3925237995392629,0.5539897439872363,0.645398812898664,0.6548620176422189,0.6265482338032944,0.5917601954583105,0.5353683291375445,0.40844989542757293,0.23286004475858557,0.06347692404124557,-0.059352760953292436,-0.22152473097281522,-0.37731409559699364,-0.5335044237138615,-0.6802524534020079,-0.8539385249230169,-1.0148458446135997,-1.178552763575587,-1.3162389453906456,-1.4480791843464946,-1.6859206210475275,-1.9700427301989922,-2.214059878474486,-2.3704365702454107,-2.5280748702208187,-2.7897856316851124,-3.1014696048565127,-3.4015726749694015,-3.601985939718766,-3.7329764978094033,-3.9334853721838186,-4.13400627864694,-4.31714143278709,-4.4615916823695585,-4.544250384169187,-4.662646075585911,-4.854656650133515,-5.1508913995010515,-5.544228466917364,-5.920795161671204,-6.1582888092194965,-6.377047401364906,-6.656235982539245,-7.036364885695543,-7.358063340690515,-7.563879635906313,-7.690467368196423,-7.74310814326415,-7.8062336856389445,-7.867198893150966,-7.846474080015595,-7.727736705737639,-7.465023548363144,-7.097667965616886,-6.79773992309037,-6.545809064138884,-6.270054553934983,-5.844796350354273,-5.382406683250446,-5.001159109821484,-4.7243818416544645,-4.542854925974146,-4.4028184815260145,-4.213697238347444,-4.00834615857814,-3.7972881181897122,-3.5931764150846432,-3.4576101673962545,-3.267447061932713,-2.9871524894091444,-2.6784426070082117,-2.3995462402345042,-2.2100988811659983,-2.0081117646632816,-1.728291601726273,-1.4284855091854445,-1.186853279744657,-1.0444730547497754,-0.8767009226440936,-0.6728823094354057,-0.4819447491173501,-0.30239952190026537,-0.1454557381659082,0.018336286535887484,0.1656780841039302,0.3042823838079712,0.3857070954138651,0.5083815574537731,0.6362746014842061,0.7107576986957171,0.7279697404140519,0.7296054126129751,0.7365499714483356,0.7221988155177942,0.6185958268955972,0.43797971756686405,0.22923410781519343,0
0,0.167232661032766,0.3202415120778717,0.45854587968126315,0.5169996417143943,0.4974946929551445,0.4375286184267654,0.37407598245326423,0.3012141964161844,0.16346293354462366,-0.021470417219804073,-0.192762946120108,-0.31899840554556924,-0.490990487759551,-0.6648413269962803,-0.8439654007864111,-1.0199699454143871,-1.2158831059451813,-1.4260783634215637,-1.6167583449484384,-1.7675160202829607,-1.8959223802775973,-2.134520574892633,-2.4051372672184588,-2.635203339599882,-2.7697376370377684,-2.885951619138752,-3.1014696048565185,-3.359589391049522,-3.6165126982088034,-3.755617448590962,-3.844123753942593,-3.9940436144850793,-4.141118626224358,-4.271232996825491,-4.3604083219575855,-4.41516449558776,-4.525662868711978,-4.715398595161044,-5.023450335825826,-5.437288795094475,-5.849994508531735,-6.117184902056351,-6.385243456425833,-6.69698552200164,-7.088001875374461,-7.4420748432721675,-7.664812917893823,-7.811847900946542,-7.8786692219206005,-7.944457979708129,-7.998178376134913,-7.960867303401128,-7.828390440089327,-7.53362132808591,-7.157126512473596,-6.823181724944832,-6.517489764069479,-6.206334776770939,-5.7382435255341155,-5.248962659107327,-4.8500653011290815,-4.574023025676168,-4.3949733615271045,-4.279806971502395,-4.143630606692707,-3.986045495390421,-3.826713726678462,-3.672178470652191,-3.5805490335333063,-3.4514184716840455,-3.2160371089792172,-2.96689982814617,-2.743790312765269,-2.605041299111002,-2.435037704535345,-2.177607677436997,-1.898981248903703,-1.6590626151652956,-1.5248137603630598,-1.3452729513891537,-1.119333290462004,-0.8812252966340465,-0.6765277400102178,-0.4839484197218248,-0.2854165812164904,-0.10905197004980503,0.04913055641903783,0.1418156993663399,0.2752498045203262,0.41976342479941403,0.5065977354360532,0.5382465615382932,0.5660690561899079,0.6059910215809308,0.6168280448602368,0.5414438980397562,0.37812858964408647,0.19792434511210166,0
0,0.13334780550660402,0.24612650811343045,0.3474124419575842,0.37256069480729187,0.33276824260541954,0.24300316259963534,0.15906223335412392,0.06964484152869621,-0.06569879264783961,-0.2706215165567341,-0.4407640884026282,-0.5822160886983861,-0.7639921754977361,-0.9612392917512147,-1.152083115591477,-1.356070370266139,-1.5692342699395778,-1.8166008227789614,-2.0247780332881824,-2.189952700782615,-2.326391002294577,-2.5558914872810585,-2.809652419624623,-3.034345188894799,-3.151363316400625,-3.2256966324088197,-3.4015726749693953,-3.6165126982088043,-3.828896810986264,-3.9192404015513453,-3.9770493852400715,-4.088741400172389,-4.186691994245999,-4.271112541671515,-4.319737384119066,-4.362765479054378,-4.481002935854171,-4.6711007894203265,-4.9989997147139436,-5.427978549576239,-5.868504446064244,-6.169898260523253,-6.4843714342887635,-6.824717664603169,-7.2254048033941665,-7.60984373412835,-7.840708436861387,-7.997931025058677,-8.082598391978664,-8.151568405625964,-8.19022772701632,-8.142467669757282,-8.00264319928356,-7.674329458705773,-7.290094281879375,-6.927498930112937,-6.57383740499902,-6.223234229914077,-5.724813965900377,-5.213493967643988,-4.792752729378919,-4.514888498250904,-4.326909299513236,-4.222884308622134,-4.127231051755495,-4.0095005065774325,-3.8947416191562674,-3.7770169433025305,-3.7169701128657557,-3.6396492826366296,-3.4500218680818504,-3.247115497522615,-3.0721198099146267,-2.9803185155380585,-2.8369993686579758,-2.593320259672614,-2.339833012893708,-2.113702328619373,-1.9789535320872296,-1.787777232486031,-1.5500802227395785,-1.2768888317071827,-1.053656244769684,-0.8283250538846344,-0.6103087983569381,-0.4005407220286179,-0.2220068581305009,-0.10813715820637453,0.030032251647525012,0.19856044605018705,0.28521293728936375,0.33458455473210313,0.3824359865573689,0.45517211633281457,0.48521148541014364,0.44127937649636023,0.31175067276976653,0.16715672893084058,0
0,0.10042981877211327,0.16810825287022133,0.22653501385855562,0.20208279700683734,0.12647453361518327,0.011759831018155588,-0.10049320151541721,-0.212156404901598,-0.3599754756259121,-0.5810374325417808,-0.7525325462340711,-0.9020387769100278,-1.0997510255263818,-1.3137674746910553,-1.5147475956066712,-1.7388265106573262,-1.9529007672518692,-2.2185332709219816,-2.439971820779233,-2.6194600094982703,-2.7433981202422895,-2.947908524702816,-3.1685464325953054,-3.3666554162037734,-3.450918679719829,-3.4810033986040683,-3.6019859397187397,-3.7556174485910057,-3.91924040155139,-3.9530217528259572,-3.9684406081584838,-4.042323134946044,-4.095962514481749,-4.149789942127291,-4.180697709274707,-4.215965040268908,-4.344515388583178,-4.557222951015116,-4.911701612349198,-5.365531664507688,-5.857602006505332,-6.208092370776123,-6.568961548472674,-6.94329559286201,-7.368588807957108,-7.785449290359541,-8.034053641598781,-8.220003059532496,-8.321250479524902,-8.38935083180687,-8.410841154570152,-8.330999269521861,-8.170442639403102,-7.8048303795264475,-7.396469900316369,-6.9992301901087,-6.595609339243719,-6.191441839823773,-5.639269844396723,-5.100287766841944,-4.654211334257722,-4.356930025835358,-4.159581143571553,-4.067322009114899,-3.992973160816669,-3.9046984195014427,-3.8358868587675503,-3.7567755293311142,-3.7398403031801877,-3.7202426883979243,-3.581720511117081,-3.4421042317979533,-3.32644368599753,-3.2825427286871953,-3.1789358179162517,-2.9670184702458404,-2.75077603119253,-2.5528731715403103,-2.4371203214195694,-2.2348498388124174,-1.9898405140177378,-1.70077629580227,-1.4757556549571518,-1.227890615517667,-0.9922523648051269,-0.7581586539788757,-0.554717081388512,-0.42553725501428613,-0.27904845057307726,-0.08949790020239723,0.01281173647677982,0.08745873087006585,0.16439392615238763,0.26600259654609737,0.32972478117088094,0.33305321980463004,0.24412947170215146,0.13877268606357218,0
0,0.06920476831118616,0.09464847361913462,0.11318241920313935,0.03991373930372976,-0.07290845540741363,-0.21494610760459532,-0.3569789396952135,-0.48815735318274495,-0.6407380375316238,-0.8676226094869048,-1.026052286464436,-1.1710298609815781,-1.357667442834384,-1.5674913881627792,-1.7733956105520001,-2.017787386749435,-2.2343678931664646,-2.5114353442836346,-2.733015441330146,-2.9191136024277267,-3.036179065298907,-3.2224840642678734,-3.419850166224683,-3.590647448202029,-3.652183196230508,-3.650259611747045,-3.732976497809458,-3.8441237539426343,-3.977049385240089,-3.9684406081585175,-3.963407040079017,-3.9984156080386604,-4.0166956119881965,-4.051364215402002,-4.0699667533243655,-4.10016622759889,-4.2510424882046705,-4.479759816631432,-4.855807171547775,-5.33065142178937,-5.850020355286517,-6.230683127244192,-6.632403175354144,-7.034142380834613,-7.477002519550648,-7.926199493806296,-8.186581750926063,-8.379437712908796,-8.487982949721948,-8.555662386076218,-8.569089178174517,-8.480565111227099,-8.306221851008118,-7.903856585336952,-7.4774425205729225,-7.05388341367386,-6.6081846545418665,-6.169356140046023,-5.58602857994894,-5.024780709006441,-4.555376730272916,-4.244743693764464,-4.028731643739134,-3.9445218725869,-3.8842941325133507,-3.815090705184108,-3.780916817279808,-3.7394212229268997,-3.741296840650234,-3.7643603524395997,-3.657907040015047,-3.56400032279478,-3.493496088865685,-3.484716048601386,-3.411587255751728,-3.23406900882089,-3.047768192703969,-2.8716935501174428,-2.770501521101877,-2.5654450052398268,-2.32688484037934,-2.0284268314801066,-1.8008520398153167,-1.5301471419133508,-1.2835845066468718,-1.0456196037762637,-0.8429198180851261,-0.7088405159494947,-0.5634971141198526,-0.35965452256594466,-0.24808770910229352,-0.14983587610197782,-0.04293370425227092,0.08700986423044137,0.18455802475474628,0.23449199393955134,0.18183005927099116,0.1124397924005908,0
0,0.014511123221615437,-0.020853745670226423,-0.057198771980552766,-0.1872361802659976,-0.3452986701814388,-0.5224821712730653,-0.7007198419988456,-0.8618201091953925,-1.028434341078655,-1.2552256322643398,-1.3982553004180511,-1.529255678654108,-1.6979724460977752,-1.8994694666519514,-2.102766716358084,-2.357284509860948,-2.58019799710749,-2.8724594157684598,-3.099625147793239,-3.2928182132828296,-3.3966416227149714,-3.561634446807765,-3.7354395068872495,-3.88219854951314,-3.9220274678490203,-3.894715406778217,-3.933485372183831,-3.994043614485097,-4.0887414001724265,-4.042323134946078,-3.998415608038677,-4.001472609947887,-3.975186797038526,-3.976798969314618,-3.9869834691114625,-4.018888071454822,-4.184969097617591,-4.428329189478977,-4.826094312186328,-5.319734300956777,-5.874123843723222,-6.293890766554618,-6.744633597510138,-7.185708952476248,-7.659275663892536,-8.136156510555164,-8.414911056640742,-8.627099655753232,-8.730739994711385,-8.797101220157563,-8.812720806205464,-8.700987255430402,-8.504836982628907,-8.072037965120636,-7.614830800059137,-7.152312996097662,-6.659049606650023,-6.178487681124109,-5.5594506409411,-4.978673627857132,-4.489762764716087,-4.168635641639182,-3.942155317826572,-3.857540689328289,-3.806836833991205,-3.7684571041555066,-3.7763013479299112,-3.765423974657474,-3.803777864708621,-3.8633841033392593,-3.795521951339281,-3.753387209719698,-3.7316152156097884,-3.752426775296616,-3.708366527247464,-3.5624641155184977,-3.406817504719774,-3.2577586425851157,-3.17887108337121,-2.9731729624527423,-2.7362876799735725,-2.425844623578982,-2.1923998846035566,-1.9094478025250265,-1.6589418271858474,-1.4208256289529189,-1.2252918962194943,-1.0950420997689219,-0.9530978796963736,-0.739850040185168,-0.6079338214195505,-0.47463697181121944,-0.3300230525176654,-0.16226978993063412,-0.023006355810423262,0.08157588965455927,0.08106439990625793,0.06490940753625343,0
0,-0.020300255567000904,-0.09350635276398832,-0.1698655130748448,-0.34138201766500653,-0.5284128101666511,-0.7339904563517837,-0.9453688411013926,-1.12770765970098,-1.3125830334988604,-1.5535643979753468,-1.696550714467052,-1.8409948833123384,-2.0260061335257014,-2.2459626722913693,-2.4718124247181112,-2.743818635058974,-2.9825581202523783,-3.29121334646856,-3.5190509473852667,-3.714971324528209,-3.809775680161184,-3.9523918971329537,-4.094318605162119,-4.206964672093403,-4.212115937662718,-4.142011735914467,-4.134006278646965,-4.1411186262243636,-4.186691994246052,-4.0959625144817124,-4.016695611988224,-3.9751867970386248,-3.900684051009862,-3.8660834364935632,-3.864438379517619,-3.9085187997134287,-4.095356290968119,-4.362819435067371,-4.796614395449001,-5.314390815566852,-5.910244213763221,-6.3798321354758665,-6.886439006712685,-7.374538142132985,-7.881550237435647,-8.38094360121406,-8.671786121889035,-8.901542379981306,-9.011136935016225,-9.077446842369811,-9.083231674834002,-8.949033951204333,-8.737191856944682,-8.279023816835688,-7.788506967366064,-7.281185987169258,-6.73478906132839,-6.205658990905498,-5.545537031955591,-4.939928592433642,-4.41724677680361,-4.07742878755185,-3.834219469910677,-3.7380171550208994,-3.699181901278182,-3.6951029349709907,-3.7486357328150177,-3.780195921067106,-3.8509933957263867,-3.955102855653843,-3.9357908930615677,-3.946369853780135,-3.974832896034625,-4.042992577440549,-4.040637538656389,-3.9364541041598695,-3.818868074871685,-3.69509385768664,-3.6300010039307193,-3.4233519651100237,-3.190670825702601,-2.866599975544773,-2.6160503765055925,-2.310256822822721,-2.032217893399672,-1.7716500529852661,-1.5524042644448404,-1.4017396455881173,-1.2520326517646605,-1.0193488462315123,-0.8660702756718012,-0.7088184510492235,-0.532956688190345,-0.33707402400507047,-0.169726586265731,-0.025096298829471387,0.011624725787403888,0.030924445844393276,0
0,-0.04687830509001467,-0.14753367737050616,-0.2494208585573104,-0.4593618468465234,-0.6730918225226847,-0.898332569326279,-1.1384009073157992,-1.3444564432892243,-1.5539766389696708,-1.8140228993039451,-1.9763864632960968,-2.147303913511801,-2.371453006162742,-2.615443436943903,-2.8664252387884512,-3.154775330414768,-3.3981906285918972,-3.7119808864371016,-3.9382370067903687,-4.125972328202552,-4.199495999402073,-4.317441030950815,-4.418133553260309,-4.488021892728529,-4.461158099798198,-4.359723362480589,-4.317141432787029,-4.271232996825434,-4.271112541671546,-4.149789942127278,-4.051364215402054,-3.976798969314672,-3.8660834364936,-3.8229972809530244,-3.8347731414159223,-3.9112458028905546,-4.141076096990342,-4.4515037047999595,-4.921799140923625,-5.467847135752344,-6.104256192807909,-6.618780778960985,-7.186439849661515,-7.721428741780809,-8.257617790403042,-8.77887722237983,-9.079333207988434,-9.330028756746058,-9.45672677527921,-9.521870458403928,-9.50737873035222,-9.349264812853624,-9.123803212165813,-8.640867245573743,-8.122116015721996,-7.5714732577532,-6.967730847711561,-6.3966482679099785,-5.694701013384456,-5.059775172917721,-4.503444333327602,-4.127267275927177,-3.8448063115732847,-3.7174996999546703,-3.6639367322179197,-3.6649086801452264,-3.7513368516570473,-3.8121461590178365,-3.8993684707333554,-4.0323401771625145,-4.0563875056468985,-4.120973516490827,-4.187960477947677,-4.292222231094067,-4.328290945827556,-4.272871288585506,-4.200565065240081,-4.1059799096372425,-4.066088471522462,-3.869922185089186,-3.646086211809278,-3.321500258903359,-3.0666729190598687,-2.7432882591252157,-2.437106355721277,-2.1489406684934216,-1.884207271338522,-1.6992596794948147,-1.5227957496076583,-1.2647562930504048,-1.0805582726515754,-0.8959110843721492,-0.6923426928289392,-0.47618211696138335,-0.28305273168995626,-0.1013536298283211,-0.039913246718158026,0.004267218433995121,0
0,-0.08494306473458688,-0.2297678039855172,-0.3750189800629108,-0.6280401539825189,-0.8713577792682332,-1.1196396326433824,-1.3819330014762523,-1.6119772498460454,-1.8461034034793111,-2.127704799306461,-2.3085612750384175,-2.5005641092772315,-2.7577928955384605,-3.021813599767707,-3.2850405427784177,-3.573546871424467,-3.8084668551217713,-4.109736022173737,-4.322044776996883,-4.49840183753019,-4.551410190391049,-4.638462959535391,-4.699926420141233,-4.7316806852448865,-4.674214055562771,-4.545812094080379,-4.461591682369642,-4.360408321957561,-4.319737384119064,-4.180697709274716,-4.069966753324378,-3.9869834691114945,-3.864438379517633,-3.8347731414159716,-3.873298238772443,-3.99862801764757,-4.2859412794558125,-4.653144657099841,-5.178433727470325,-5.770455851052677,-6.461233539770148,-7.031899193573168,-7.658834354992048,-8.240670387815992,-8.806895569263347,-9.35089183008151,-9.672721389073889,-9.950816872155071,-10.091479578173841,-10.154920994532924,-10.12188462918933,-9.933222769199626,-9.682764555663104,-9.174340006705782,-8.625517211568738,-8.029873328428609,-7.370966898830445,-6.745831289031728,-5.990395833680702,-5.310514384628425,-4.70349155114458,-4.275116548238423,-3.9393608871155434,-3.764215526274694,-3.6841873804959713,-3.6704078706963057,-3.7664987491509265,-3.8338973374474055,-3.9313527833207176,-4.08088407404855,-4.143215112969751,-4.262792858814478,-4.373189565275379,-4.507142527878449,-4.577195039085985,-4.563908945522192,-4.5344353021139545,-4.4759173649378035,-4.4600444015905545,-4.279609830918647,-4.075983527613729,-3.768548483568176,-3.5235129409845025,-3.198180620553775,-2.8777571896365752,-2.5668069432348823,-2.262876589455658,-2.050391878681307,-1.8505286097473332,-1.567148543172976,-1.353360565357403,-1.140298715135291,-0.9125306971009125,-0.67086906794211,-0.44638730835536206,-0.22181991189936048,-0.11831525160633,-0.03323951768403015,0
0,-0.13831929130610576,-0.32722782355011737,-0.5155292512610571,-0.8181789198762245,-1.0975925574745515,-1.3674059526179838,-1.6458478209637635,-1.895622370537393,-2.1364339895978355,-2.430340051355635,-2.6363652669556963,-2.858628199132119,-3.1390356738081397,-3.417994136834822,-3.6829278584567398,-3.953085001342203,-4.16569685501103,-4.44329782989513,-4.631883345269775,-4.7811927462269,-4.801686354929234,-4.859351903540939,-4.886363680663295,-4.885126507068537,-4.802200741287884,-4.654527125926788,-4.54425038416929,-4.415164495587778,-4.362765479054463,-4.215965040268915,-4.100166227598889,-4.0188880714547865,-3.9085187997134474,-3.9112458028905372,-3.9986280176475772,-4.199687160637617,-4.558307465598154,-4.989273077051023,-5.569631295409896,-6.210975378536859,-6.9528577752496,-7.571348731998104,-8.252332819734526,-8.881849915083293,-9.482863496315053,-10.055408254642474,-10.402869382707442,-10.70701912931092,-10.858288441574329,-10.921257087005385,-10.875359293443426,-10.656727361741847,-10.377496554240912,-9.839099052106887,-9.254286378070466,-8.61099195978148,-7.900084421401049,-7.227770117093824,-6.42340140121537,-5.697300700862386,-5.040044907292656,-4.551624623622473,-4.145799712411759,-3.8943351258457173,-3.7648002601306563,-3.717764306496253,-3.8009151137509702,-3.8656426128362984,-3.9699981128288266,-4.129476574633294,-4.2044697116833225,-4.352639875628042,-4.489654211695556,-4.645294289321051,-4.7424882394078915,-4.764928198385849,-4.7714250672493375,-4.7428411467326415,-4.760086011400047,-4.608247126434662,-4.431095153183415,-4.148807816041485,-3.9262604905361305,-3.6176111136309657,-3.293204257511709,-2.966561220957686,-2.637565354700451,-2.3921301642828494,-2.1660245179706923,-1.868741261517875,-1.6457559171324472,-1.4112068658418784,-1.165779430672265,-0.9004754733351972,-0.6394539480121415,-0.3673872195151058,-0.22044960119340246,-0.09039143165196398,0
0,-0.1979079458148174,-0.44392582051961077,-0.6924104523024356,-1.054740045316534,-1.381046746780066,-1.6703715192349733,-1.965870487769906,-2.233465496011026,-2.477275654332294,-2.7771512647992043,-2.9967438800331028,-3.2409980461044,-3.5403024287143094,-3.8180341573604135,-4.078610230414213,-4.333302403334372,-4.51315978409208,-4.757827722962626,-4.921864170829241,-5.040167607783051,-5.027905027920376,-5.054557720641271,-5.049563659642743,-5.020481512661388,-4.918173609529705,-4.771358823078412,-4.662646075585969,-4.525662868712007,-4.481002935854267,-4.344515388583223,-4.251042488204697,-4.184969097617617,-4.095356290968141,-4.141076096990381,-4.285941279455804,-4.5583074655981655,-4.993691366908812,-5.496897955356231,-6.142627211046821,-6.853689941666234,-7.656271313429671,-8.329292306206593,-9.06667297186904,-9.746818115182661,-10.380696149844955,-10.976092643305622,-11.342076767021974,-11.660346438414223,-11.821825228140067,-11.88465060612131,-11.827437289561358,-11.591757875119017,-11.291866567808812,-10.728703012411508,-10.108510603037379,-9.413961425214511,-8.646929517010717,-7.920351010832086,-7.055376336162675,-6.264265740567902,-5.545805665652827,-4.988090050369805,-4.506597473386513,-4.185714188605685,-3.9998869654552287,-3.9117836782254294,-3.9748434777570414,-4.024152647749893,-4.107867866627942,-4.259145205853397,-4.327856190988368,-4.482629275611801,-4.61655570129787,-4.7714818061918995,-4.8874905857725395,-4.938118156715081,-4.978147154017797,-4.9813505210720175,-5.031027671329255,-4.913444020940993,-4.765228446368605,-4.517267506165848,-4.328442870143515,-4.03603773517453,-3.7154971623619586,-3.3895376590465123,-3.0395572452620456,-2.7695968625688523,-2.5298693707140285,-2.2261388151675563,-1.9977517775457703,-1.7420927273926907,-1.476520614518696,-1.1896093571587885,-0.8801284624130554,-0.5486684892304895,-0.34128602559099985,-0.15349369098431942,0
0,-0.26031130469685515,-0.5633577550012532,-0.8815058037506406,-1.3113429158784995,-1.6829694820537962,-2.0027008615757644,-2.31321905616938,-2.5904420662999628,-2.840418395061621,-3.1374904711928973,-3.363487357226279,-3.62350724906294,-3.9352964556320074,-4.211434361177202,-4.455183356232488,-4.697456670983912,-4.852833673008918,-5.072669186763635,-5.2251182171445425,-5.327154303481048,-5.290050430676475,-5.290268930305717,-5.258967798911095,-5.2048026012562,-5.09656519871394,-4.960414250192473,-4.85465665013358,-4.715398595161044,-4.671100789420386,-4.557222951015202,-4.479759816631431,-4.42832918947905,-4.362819435067431,-4.4515037048000154,-4.653144657099862,-4.989273077051049,-5.496897955356272,-6.072099330936061,-6.786804329305873,-7.568220382781402,-8.43932673271511,-9.180751469320793,-9.980862124332278,-10.715087373647934,-11.38479886818483,-12.005975432047068,-12.399688860224492,-12.738605549988472,-12.912023588712133,-12.97450840360895,-12.903667622607006,-12.644836341626831,-12.315703004156349,-11.723698473603593,-11.065423264629315,-10.317665741428538,-9.490557460183613,-8.695834202495492,-7.7638907837051,-6.905820544738614,-6.123106545916074,-5.49634629692423,-4.9453584921829234,-4.563073642340954,-4.322137120139957,-4.191937201217782,-4.231818920526355,-4.267621778935428,-4.336743627650801,-4.466689012279996,-4.534688163577021,-4.686887060908146,-4.814309336220722,-4.957348639202879,-5.078016581683494,-5.153421123999213,-5.2203969613926935,-5.2487758210830835,-5.321682627578989,-5.224021299036787,-5.090409473249922,-4.871139694080587,-4.708357502663551,-4.428768036631071,-4.1274410334010705,-3.8041775891700684,-3.441180166616154,-3.1542634750055774,-2.9073060577815393,-2.604304429967267,-2.366430754813234,-2.0957955323153072,-1.811467050498692,-1.494082906904155,-1.1375656367847544,-0.7386785922631176,-0.46293286369600994,-0.2166601837794246,0
0,-0.3344445290782032,-0.7025073650761338,-1.0993841023699886,-1.594439609750784,-2.015005426219593,-2.3651893627301446,-2.6987638694122955,-2.992844191781367,-3.2383081844628485,-3.530132372339364,-3.762348445663449,-4.0365747217195596,-4.34662296331849,-4.613290536263059,-4.837887312026894,-5.06501235513968,-5.2009857802387005,-5.3874756504377,-5.5286095330071285,-5.621576675212686,-5.565943918255686,-5.552713147576936,-5.505685693547331,-5.439844230648198,-5.340935615958573,-5.231915025358448,-5.15089139950108,-5.023450335825834,-4.998999714713926,-4.9117016123492885,-4.855807171547874,-4.826094312186378,-4.796614395449041,-4.92179914092362,-5.17843372747032,-5.569631295409869,-6.1426272110468005,-6.786804329305925,-7.554166307433846,-8.39590843587462,-9.327493208460307,-10.134070628312019,-10.994636991348797,-11.778461557210827,-12.482212798820706,-13.12626041956133,-13.552744456776303,-13.918906433201057,-14.10551248885728,-14.168398355647088,-14.085101272504641,-13.797682951605365,-13.436912309348639,-12.8242885878924,-12.132193830559018,-11.337142463681431,-10.451436229079565,-9.59279992931609,-8.601018814393283,-7.6845631389646325,-6.851329038413784,-6.156061506465914,-5.538393868877919,-5.100133943825585,-4.802240167142962,-4.6348686532590095,-4.637918931604134,-4.6515502726347595,-4.700078958702713,-4.804449171672325,-4.852836360119606,-4.990126238322918,-5.091840509541095,-5.21007019503899,-5.321791890283444,-5.40845288583857,-5.491605916256344,-5.532043937060792,-5.624105698791208,-5.537697610562736,-5.417722991275197,-5.234294086978147,-5.091672407809428,-4.826946314764245,-4.547134366098742,-4.235067362240453,-3.873003069943785,-3.5709834579959647,-3.3172680683587314,-3.0185041006028857,-2.7826000038918792,-2.489798971311698,-2.1786135095959374,-1.8304030249781138,-1.4229654974131012,-0.9582010777483794,-0.6044426355571539,-0.2908461968226467,0
0,-0.4345266104435574,-0.9090764982039807,-1.4008547436388932,-1.9810965112209118,-2.471713793127283,-2.8643611798193778,-3.2224265761139677,-3.5292889821026217,-3.772820741468201,-4.053843900272771,-4.285531462665468,-4.561432491488012,-4.86482536573742,-5.112239443691783,-5.303323028492107,-5.5029561605437065,-5.607563073377135,-5.75416773384691,-5.868619536524618,-5.950655704740708,-5.892339096029746,-5.873956657952637,-5.82914489199915,-5.757585292537074,-5.669702656536091,-5.594950240543931,-5.544228466917333,-5.437288795094486,-5.427978549576284,-5.36553166450775,-5.3306514217894785,-5.319734300956858,-5.314390815566895,-5.4678471357523195,-5.770455851052684,-6.210975378536874,-6.853689941666219,-7.568220382781452,-8.395908435874652,-9.307578185057809,-10.30859855963304,-11.189196540026247,-12.12386093664825,-12.978627169634038,-13.73050521710558,-14.404056318476952,-14.8689497755881,-15.260929603103072,-15.466247683233084,-15.530341517440364,-15.42817003427518,-15.114097194613176,-14.71646042809507,-14.077941073597618,-13.34023322717052,-12.47436202817102,-11.514984309412622,-10.582895871636818,-9.520075412779017,-8.535584666398673,-7.644053016834695,-6.878462254284196,-6.191768250870008,-5.704002456689465,-5.361605912549345,-5.168594302151246,-5.148056323664805,-5.142889707789682,-5.169481025158367,-5.248145700677681,-5.2787636825037305,-5.390977212937413,-5.460175147729013,-5.54571914403569,-5.646781043793333,-5.736615124397299,-5.817338559958044,-5.86293772635767,-5.958766014329873,-5.888429069735817,-5.79924123409085,-5.6587987398240855,-5.549760970172705,-5.315029206360885,-5.073726610992901,-4.782934471150665,-4.426427005544756,-4.1198670719174935,-3.8632353971668727,-3.5707350951246872,-3.3312293937077087,-3.018958571899679,-2.677963531566955,-2.287684759085057,-1.8088263543605134,-1.2575973745722355,-0.810857266870585,-0.38909732710387374,0
0,-0.5422299069882299,-1.1212698334316535,-1.7190558505050255,-2.3925464760478685,-2.9634514187161822,-3.4113194217502603,-3.804870623402069,-4.126144473681105,-4.370638960267351,-4.629592543201215,-4.870690020303767,-5.1480226918805165,-5.439464591685928,-5.65567829130613,-5.806332634799257,-5.964088076053143,-6.0331722157723675,-6.127593312384403,-6.2052233364511595,-6.2624834872218855,-6.182013771732053,-6.147919347304798,-6.094019532682596,-6.016205337396484,-5.9483274474799295,-5.922022815397825,-5.920795161671268,-5.849994508531809,-5.868504446064342,-5.857602006505396,-5.850020355286543,-5.874123843723268,-5.910244213763301,-6.10425619280793,-6.461233539770209,-6.9528577752495355,-7.656271313429577,-8.439326732715033,-9.327493208460329,-10.308598559632973,-11.372614058857977,-12.316744629322317,-13.309592037350036,-14.217003817042475,-15.009976688392928,-15.707301996203002,-16.21010951704355,-16.633261131677514,-16.853679157144622,-16.918211086157605,-16.80151759852931,-16.45739827675029,-16.02447008126114,-15.366643920381128,-14.588685584878336,-13.671129184181522,-12.65353276700059,-11.658178953824523,-10.532766186772164,-9.482267663249848,-8.533134498240862,-7.698106948560091,-6.948334289735435,-6.406195670826057,-6.006651156998046,-5.772597967263968,-5.710028019475919,-5.670641852956888,-5.6692301317751665,-5.695029040280704,-5.696991360634677,-5.771200578888887,-5.79027652581688,-5.831957852907037,-5.915320603995475,-6.012009060977999,-6.10091506848224,-6.160159230112479,-6.277120736592015,-6.237438986296853,-6.187793185800253,-6.10272441618943,-6.030776587060011,-5.838851882354181,-5.641250677694852,-5.384824796697773,-5.042070869211991,-4.733637284727372,-4.464315266720496,-4.188844239388681,-3.9441955391343906,-3.6141443242436426,-3.2345839626952104,-2.789411757690241,-2.228749995769901,-1.5831482589487091,-1.0294255542019548,-0.497419851572165,0
0,-0.6408611738143898,-1.2978852329974744,-1.9852363687644132,-2.7447821807671344,-3.383549333118531,-3.8769617686372615,-4.300110769952599,-4.637377105891972,-4.871987809637414,-5.115911121847137,-5.35760877327893,-5.634839970935338,-5.907790097520551,-6.0924232092283646,-6.205443835713224,-6.323841360459598,-6.3549405192320805,-6.396812549652621,-6.443778088365735,-6.470749853129462,-6.366570993566629,-6.31933089692025,-6.254651869845288,-6.1657520291864385,-6.108464088328889,-6.1184551290431655,-6.15828880921957,-6.11718490205646,-6.1698982605233335,-6.208092370776121,-6.230683127244193,-6.293890766554696,-6.3798321354759775,-6.6187807789610895,-7.031899193573242,-7.571348731998144,-8.329292306206593,-9.180751469320816,-10.134070628312099,-11.189196540026352,-12.316744629322345,-13.324806106524608,-14.36968519070802,-15.320337071067613,-16.151779638993204,-16.872436660877106,-17.410100218844292,-17.854470637992755,-18.07710691881345,-18.141738167264634,-18.021785542869775,-17.656007138284124,-17.189655649654156,-16.511038173534075,-15.69316620350723,-14.733222827982187,-13.665185951069967,-12.607300311098024,-11.421387123679608,-10.302489108163378,-9.292788257987333,-8.388172151910716,-7.582813264156976,-6.99116669599922,-6.532844287508063,-6.253999014582986,-6.142322505099257,-6.0651656555585065,-6.033143481443439,-6.009367179240867,-5.97534500462723,-6.01613999428233,-5.991730458627584,-5.998547587285865,-6.069596698419855,-6.175546051726763,-6.273661460604092,-6.342450510173063,-6.479872614879262,-6.472745935100094,-6.454987556510674,-6.4236798953896015,-6.392634968596016,-6.2426144479540495,-6.087002177185057,-5.866868206695863,-5.547043832445657,-5.240945470530857,-4.972423379613815,-4.711701375742826,-4.474249982656316,-4.125421898367744,-3.713620196745884,-3.223473400268346,-2.5934057151543675,-1.8609996812874061,-1.21596110426088,-0.5995305991805548,0
0,-0.741847009511024,-1.4839784535847176,-2.253557727516088,-3.1010189067072673,-3.807179314189749,-4.340486685083043,-4.794640814031474,-5.1500434721219674,-5.3854239659937155,-5.621117295698172,-5.8642968655135075,-6.134188705417341,-6.389115710907553,-6.530546252750316,-6.606262505946191,-6.688304530261098,-6.669832913487348,-6.658469293372348,-6.667008886959783,-6.649312055437546,-6.516495953809192,-6.452511210036925,-6.376331073959644,-6.278620724227309,-6.230382173865041,-6.285029139281949,-6.377047401364999,-6.38524345642588,-6.48437143428875,-6.568961548472744,-6.632403175354281,-6.744633597510361,-6.886439006712817,-7.186439849661694,-7.6588343549921065,-8.25233281973456,-9.066672971869078,-9.98086212433235,-10.994636991348823,-12.12386093664829,-13.30959203735009,-14.369685190707989,-15.457064977631868,-16.444255591555635,-17.305803807678863,-18.043768779617412,-18.608159985575632,-19.06369498226309,-19.287534568060135,-19.35342582026348,-19.232017129895166,-18.85409357118839,-18.362260535460038,-17.66770728020792,-16.81823967199979,-15.819991461845484,-14.710110381087121,-13.602702303671173,-12.360737740869101,-11.174921976292483,-10.109497029400135,-9.14178260303622,-8.27849262843757,-7.629813377989718,-7.108496117287082,-6.76767290778709,-6.600931192872383,-6.475041463140543,-6.404077901800084,-6.336267093725386,-6.255398935385718,-6.243482977477199,-6.1640225365064145,-6.126508551298262,-6.185700567312396,-6.297596730353793,-6.405120984766895,-6.490171188951303,-6.65313503858073,-6.693599661988046,-6.717450496758497,-6.742820622870574,-6.765508813493098,-6.656447301659143,-6.5417003494245085,-6.368308234902251,-6.072201790864444,-5.77619612640552,-5.509040722729617,-5.256364982509018,-5.01540159731234,-4.644964972743165,-4.196717660131398,-3.665072403574803,-2.96430505126692,-2.1423930763519348,-1.4128998600503542,-0.7059956011699304,0
0,-0.8313436739788074,-1.649139963084677,-2.4998525918792165,-3.4170210953100737,-4.187841200146663,-4.761259299746192,-5.238743011181352,-5.610442260723401,-5.84838860435285,-6.083789650564081,-6.345201736619295,-6.622958627701839,-6.870234432648801,-6.984862092653815,-7.036860322848831,-7.085328723779559,-7.031655862331361,-6.972038641108511,-6.953602299699449,-6.903681066672582,-6.7470006210385165,-6.6722601167955435,-6.5860089436438845,-6.483227254918516,-6.436800743626783,-6.520471825754207,-6.656235982539252,-6.696985522001661,-6.824717664603243,-6.943295592862082,-7.034142380834676,-7.185708952476388,-7.374538142133157,-7.721428741780914,-8.240670387816072,-8.881849915083356,-9.746818115182736,-10.715087373648034,-11.778461557210932,-12.978627169634143,-14.217003817042475,-15.32033707106759,-16.444255591555585,-17.461415857898626,-18.34797797302142,-19.09397104475868,-19.67580656265201,-20.146953587505667,-20.374531267994968,-20.440993856833234,-20.316840304111793,-19.923738307782134,-19.415832702331127,-18.7154068891131,-17.837895106800833,-16.80866600584106,-15.662555886424286,-14.513640843777795,-13.222219985610476,-11.971843386996945,-10.860611332107732,-9.838265107074454,-8.922045743515039,-8.222719336366266,-7.649900906104668,-7.263461169514678,-7.052160122413167,-6.888983684492081,-6.794565569043099,-6.695242103205003,-6.58576183743428,-6.538321638754397,-6.412196370886942,-6.344742264324892,-6.39808146331932,-6.512315564588657,-6.625310827672874,-6.718652950298714,-6.901168898331518,-6.974055083355374,-7.023712830842593,-7.097496616392996,-7.157154497357291,-7.084415525203703,-6.997398693240306,-6.856829390812033,-6.575546060302396,-6.2763577489239255,-5.998215091765869,-5.75011779720594,-5.506187329607235,-5.118163481583509,-4.644389474698245,-4.071983897081989,-3.302933700061496,-2.4094279298710095,-1.5934839321641425,-0.8035663146194764,0
0,-0.9234361040961514,-1.8248946873572018,-2.762390554874462,-3.756592834878051,-4.601389581762045,-5.22909004572076,-5.737441114830735,-6.137274129047684,-6.39232037450484,-6.6434864372898375,-6.923885395203375,-7.208436820938139,-7.449666639351589,-7.547539602348248,-7.575648029376836,-7.589107376886411,-7.510660334609304,-7.413411524492647,-7.370768882097568,-7.296633755945493,-7.1220670131317485,-7.033285671316032,-6.933919174066186,-6.818553965915996,-6.765139962730808,-6.871767620074814,-7.03636488569561,-7.08800187537448,-7.2254048033942,-7.368588807957161,-7.477002519550666,-7.659275663892637,-7.881550237435684,-8.257617790403037,-8.80689556926336,-9.482863496315186,-10.380696149845097,-11.384798868184921,-12.482212798820807,-13.730505217105602,-15.00997668839293,-16.151779638993283,-17.305803807678938,-18.347977973021464,-19.255135806188104,-20.002053312594764,-20.601023624379703,-21.09262588937159,-21.3236337927021,-21.38834830791859,-21.258827709639398,-20.846350161211365,-20.322744690669197,-19.623305736510517,-18.724434653682984,-17.67126464651194,-16.497283916241177,-15.311312378419386,-13.982558022838747,-12.68931687202278,-11.547915369285256,-10.488845971495317,-9.539370363453344,-8.804110040537777,-8.198977542351123,-7.783884881877803,-7.540075230626648,-7.3478136919010355,-7.2374598147502995,-7.112598579061589,-6.991388114183576,-6.92992872826366,-6.772631569512708,-6.680660981058154,-6.735669288381414,-6.85939627681397,-6.9815853836714,-7.087051481305048,-7.284398819672669,-7.382958403343069,-7.455963013388242,-7.568335915991285,-7.657328657500049,-7.623762774345448,-7.565828908712559,-7.447751126424302,-7.1774641493557665,-6.874133369108224,-6.583538421042324,-6.323216999234729,-6.060300154768043,-5.6412226199431,-5.133483476695551,-4.504121273043381,-3.6556304186088977,-2.6844268475115807,-1.7786055665782143,-0.9003530043264298,0
0,-0.9852032295269734,-1.9488707607965394,-2.9420698875485014,-3.9893917859313626,-4.884730995031197,-5.550090572972195,-6.087434130765869,-6.499635252748508,-6.7618286978284585,-7.015148981322944,-7.3022411756262295,-7.5852251431002715,-7.8309719280303955,-7.912051884265619,-7.927036321150332,-7.920549509420184,-7.828086738031076,-7.700890477117634,-7.6367274739987465,-7.547436917771539,-7.365706544724369,-7.2710524052124486,-7.168573225989728,-7.050808983726289,-7.005321064442501,-7.150139786672088,-7.358063340690551,-7.442074843272175,-7.609843734128414,-7.785449290359566,-7.926199493806307,-8.136156510555212,-8.38094360121416,-8.778877222379938,-9.350891830081599,-10.055408254642622,-10.976092643305737,-12.005975432047194,-13.126260419561335,-14.404056318477016,-15.70730199620311,-16.87243666087719,-18.04376877961752,-19.09397104475872,-20.002053312594818,-20.735534267941873,-21.33694018592405,-21.833044366559122,-22.06697143784867,-22.130831002608062,-21.996684006838564,-21.580953373560888,-21.055890129736053,-20.372210110300514,-19.47384900753935,-18.414493084326093,-17.225842192112278,-16.020841929651752,-14.66951673970654,-13.351456095047807,-12.19017159833566,-11.10565636749969,-10.132488405836199,-9.368368605369165,-8.739261657625407,-8.299972434681228,-8.031210523602581,-7.810311644408788,-7.666325741237079,-7.505966661025845,-7.350410282263135,-7.252326368573664,-7.048289761529444,-6.917720695621225,-6.961717354390328,-7.08581241167155,-7.208302012873375,-7.319213149596693,-7.5206163053136015,-7.636565272342079,-7.734170001974811,-7.878458453995525,-7.9856627459326175,-7.97871331200313,-7.941277970336287,-7.845920597554753,-7.576450316126051,-7.277724961209624,-6.98429922342202,-6.722613658397633,-6.450454974818754,-6.01649805910755,-5.477835514192644,-4.810102300307364,-3.9070578015739375,-2.8808412649589084,-1.914489735130377,-0.9683388121618977,0
0,-1.0439503167147053,-2.0545644032967605,-3.098334296503511,-4.190585441518477,-5.123115938265538,-5.8138791833394405,-6.375587098484132,-6.798213554218347,-7.068134522863048,-7.317729684961452,-7.609412453954947,-7.889210470562922,-8.140830219227613,-8.212812041925346,-8.22042081896884,-8.189016930728577,-8.085601020216613,-7.925079367475737,-7.84175803773092,-7.739309227821557,-7.543398271754483,-7.440177958762361,-7.329668103232842,-7.2024112176387165,-7.1630865525249465,-7.3305089131712275,-7.563879635906339,-7.664812917893851,-7.840708436861456,-8.034053641598813,-8.186581750926093,-8.414911056640792,-8.671786121889134,-9.079333207988498,-9.67272138907399,-10.402869382707532,-11.342076767022043,-12.399688860224478,-13.552744456776294,-14.868949775588117,-16.21010951704359,-17.410100218844338,-18.60815998557569,-19.67580656265207,-20.601023624379764,-21.33694018592412,-21.949129913189278,-22.457336743129144,-22.699676995912935,-22.761903576968656,-22.614015227567922,-22.18284854578797,-21.644164337410775,-20.959469719127522,-20.041628344477278,-18.964641420502517,-17.75142876099315,-16.517201353394984,-15.133023634888284,-13.783088953013992,-12.595644399956273,-11.486995156763202,-10.497279926589018,-9.708392121742552,-9.057863725591663,-8.60955402538697,-8.32736779656979,-8.088096296263473,-7.930684527848827,-7.750708584896704,-7.583392199410266,-7.463585365663002,-7.229192197584869,-7.073959932778279,-7.106520217156504,-7.2364967062203664,-7.363076636375864,-7.481510058159498,-7.694362435425505,-7.824985517266943,-7.943637067648417,-8.12242243940551,-8.243658414947053,-8.267131372897193,-8.245283786643705,-8.165404501006929,-7.894971372081734,-7.604065753791711,-7.309082754490065,-7.051919877081551,-6.771159179095214,-6.324998657561608,-5.761927865767403,-5.069531063905126,-4.126242524435657,-3.052325112886226,-2.0301973253564483,-1.0318198590979433,0
0,-1.0951713369096812,-2.1440654241781782,-3.2296692902722923,-4.368652604472369,-5.3382242413457,-6.053446655562906,-6.63883119432516,-7.074307037441047,-7.351981548435765,-7.589023051805919,-7.88598508204304,-8.159197309897781,-8.396363569560467,-8.442341249028978,-8.435212678133066,-8.377101633471034,-8.26248552589992,-8.0747135368002,-7.968661793450474,-7.846845116969186,-7.634387451749346,-7.52874494782625,-7.4180813039272255,-7.276665988806501,-7.2406526898036265,-7.433637202568948,-7.690467368196426,-7.811847900946646,-7.997931025058788,-8.220003059532534,-8.379437712908853,-8.627099655753312,-8.901542379981384,-9.330028756746136,-9.950816872155116,-10.707019129310995,-11.660346438414251,-12.738605549988415,-13.918906433201109,-15.260929603103069,-16.63326113167754,-17.854470637992765,-19.063694982263147,-20.146953587505692,-21.092625889371558,-21.833044366559136,-22.457336743129144,-22.973490328654787,-23.21425417438912,-23.274976548984203,-23.12300227992352,-22.68108139835079,-22.12769821798256,-21.438607725087035,-20.49763334311087,-19.404661490278777,-18.182520102577676,-16.930820708581134,-15.521435050841065,-14.151213352400015,-12.94160413264153,-11.813734138350293,-10.812605844883667,-9.997226866825594,-9.318356383115544,-8.848508939028187,-8.546560194733201,-8.287334831620921,-8.120889980889512,-7.911855544893822,-7.732984847953402,-7.5909891513126855,-7.330629427937652,-7.148415328372269,-7.173377377024022,-7.316417625786253,-7.442638375258725,-7.565576721280437,-7.79605640647935,-7.949566700659327,-8.09104825805407,-8.298485981273314,-8.434483403213562,-8.48751577700699,-8.484742293686676,-8.433213110496588,-8.177974676931811,-7.895876096797324,-7.596321340218195,-7.351108809535968,-7.061296097218984,-6.5993639095219665,-6.011208075830784,-5.293903653830467,-4.310395087944479,-3.188021451002737,-2.122274058707248,-1.0833834103262803,0
0,-1.1189535587544739,-2.1944919407160497,-3.3021506193255874,-4.472895420849303,-5.474702513635085,-6.208859051215225,-6.811936281948079,-7.2558979318192875,-7.529928923683098,-7.746671049825084,-8.031129259590918,-8.290815754390481,-8.513053022609174,-8.537048541731327,-8.523711853304565,-8.451818291262075,-8.324812858487729,-8.123008199878436,-8.005514326103768,-7.8708195079528265,-7.651902916686981,-7.5517090902106965,-7.445859972643271,-7.296917665393817,-7.26197061522233,-7.4696864726823815,-7.743108143264094,-7.87866922192065,-8.082598391978738,-8.32125047952498,-8.487982949722035,-8.730739994711504,-9.011136935016255,-9.456726775279263,-10.091479578173843,-10.858288441574315,-11.821825228140058,-12.912023588712147,-14.105512488857249,-15.466247683233185,-16.853679157144644,-18.07710691881348,-19.28753456806014,-20.37453126799498,-21.32363379270219,-22.066971437848544,-22.699676995912895,-23.21425417438909,-23.4512081394262,-23.510353019158675,-23.358392927221637,-22.91752145814255,-22.355312014410472,-21.662693400402844,-20.716717279927984,-19.619805092154035,-18.396300130260737,-17.14465237199574,-15.723089969617401,-14.3400410811367,-13.119191720063016,-11.979529019587059,-10.968923831066732,-10.143358650592104,-9.450748036128905,-8.964690645048162,-8.656697221518483,-8.400522704757503,-8.223092706156454,-7.9945618599877335,-7.794662096785035,-7.6378521609486265,-7.360434815360824,-7.162631509209874,-7.185218515827102,-7.336602707096581,-7.458874332385339,-7.578321723875588,-7.81768297505045,-7.986613610859162,-8.141226389295912,-8.362715675899839,-8.512897730996304,-8.582623705445931,-8.588646928102857,-8.55963817600638,-8.318101004645865,-8.04716457069846,-7.756480687461282,-7.528309633168355,-7.239073203989801,-6.765945255484906,-6.159863745374687,-5.425272579891657,-4.4105385363673815,-3.2572672858255562,-2.17016696456902,-1.1057973496308777,0
0,-1.1259546073951827,-2.2092216502917017,-3.3248269767038114,-4.503036237857797,-5.511474853884014,-6.250141156106014,-6.855705875878955,-7.301757219269797,-7.575781099271081,-7.792644856798328,-8.075601547985197,-8.33409021697209,-8.554268036036307,-8.577969069501618,-8.564586331251022,-8.49347951640936,-8.367032325797302,-8.167277223597026,-8.05109668006743,-7.918271355417917,-7.701333403350001,-7.603080196628209,-7.497333736633564,-7.349093354487124,-7.316630800676335,-7.528229961729409,-7.806233685638885,-7.944457979708159,-8.151568405626014,-8.389350831806913,-8.555662386076257,-8.797101220157622,-9.077446842369811,-9.521870458403898,-10.154920994532935,-10.921257087005346,-11.884650606121326,-12.974508403608981,-14.16839835564703,-15.530341517440307,-16.918211086157616,-18.141738167264524,-19.353425820263478,-20.440993856833156,-21.388348307918612,-22.130831002608105,-22.76190357696862,-23.27497654898409,-23.51035301915865,-23.569015630533197,-23.417944493658904,-22.97775333106111,-22.41692627588642,-21.72497012167207,-20.78060962149021,-19.682922648503315,-18.457997300341116,-17.206427280200508,-15.784656293661598,-14.400687351845903,-13.17958139250776,-12.040855642877206,-11.030716599132012,-10.206231240544883,-9.515795198436162,-9.031105442016099,-8.723155063253275,-8.46776368978474,-8.290278302278253,-8.062311705107446,-7.859339189987107,-7.700030350436902,-7.4182734398626184,-7.216637540301427,-7.236994037127976,-7.387887235717556,-7.510372000516333,-7.628022335262385,-7.86578078711051,-8.032658638703511,-8.186004388923248,-8.405725001130657,-8.555928116034536,-8.625458081148283,-8.63150940852885,-8.602553577241896,-8.362899974149542,-8.092927134668967,-7.8031305717218,-7.574387275092597,-7.285135127819133,-6.809994297505207,-6.201376696189343,-5.46213821896029,-4.441119899792227,-3.280603377666222,-2.1854300744788593,-1.113181595142624,0
0,-1.1116030503071725,-2.180071715403809,-3.2831983688074025,-4.43940191836998,-5.4239583915563765,-6.151699536391202,-6.742051937048796,-7.180012370365537,-7.457622668115398,-7.695135047094392,-7.9880584925335,-8.259184433875701,-8.491741041864184,-8.53803263291302,-8.532492774949567,-8.480585268397848,-8.368941280390642,-8.188822854886194,-8.08779523764311,-7.973292927763714,-7.769050144414157,-7.671650984126496,-7.567156981072303,-7.429602065276772,-7.3982831486087415,-7.5993953313654,-7.8671988931508405,-7.998178376134905,-8.190227727016271,-8.410841154570134,-8.569089178174496,-8.812720806205519,-9.083231674833971,-9.507378730352192,-10.121884629189374,-10.875359293443388,-11.827437289561376,-12.90366762260712,-14.085101272504675,-15.428170034275277,-16.80151759852926,-18.02178554286976,-19.232017129895173,-20.31684030411177,-21.258827709639334,-21.996684006838528,-22.61401522756797,-23.123002279923426,-23.358392927221587,-23.417944493658933,-23.269477149632714,-22.832905047893917,-22.285934561309084,-21.59869346239451,-20.66148848027724,-19.56634098286313,-18.343089732346535,-17.092638728007085,-15.683212671911075,-14.312323524341418,-13.101910071486376,-11.977013639585401,-10.978117981452506,-10.167009589349567,-9.495912744515902,-9.030457208625439,-8.732160396953656,-8.47566076805807,-8.308862517161266,-8.100215574586443,-7.915496184950285,-7.764336303074969,-7.493595607088301,-7.303349057888364,-7.32449691863367,-7.464259222965301,-7.585342487934225,-7.700713759954787,-7.923807512148711,-8.069479537678369,-8.205674039471036,-8.405798267943693,-8.53972575557954,-8.588154460162386,-8.584379568900314,-8.531756757885944,-8.280243003872567,-7.999830868286891,-7.703334804150228,-7.456903514427879,-7.1672822666094005,-6.70298480726556,-6.10997423010992,-5.3805943500623306,-4.383289597169338,-3.2439253738348652,-2.1603367542330494,-1.1012689744462194,0
0,-1.0696345227538124,-2.108039090886797,-3.1764246217376155,-4.2923663991664665,-5.246668783764606,-5.9553877630643655,-6.5261195314608,-6.953603421799458,-7.225050757841352,-7.4768850520221966,-7.763359791767599,-8.041314335422499,-8.287877474426173,-8.360404702578522,-8.371903205566134,-8.351488639212336,-8.255093711645614,-8.108124552165876,-8.034959348008279,-7.9442941765844015,-7.760739862790736,-7.67111598016495,-7.572000029849152,-7.452511744688664,-7.4199957895839175,-7.597730767776312,-7.846474080015514,-7.960867303401139,-8.142467669757275,-8.3309992695218,-8.48056511122714,-8.700987255430366,-8.94903395120417,-9.34926481285357,-9.933222769199531,-10.656727361741728,-11.591757875119006,-12.644836341626812,-13.797682951605374,-15.114097194613148,-16.45739827675028,-17.65600713828407,-18.854093571188326,-19.9237383077821,-20.846350161211358,-21.5809533735609,-22.182848545787937,-22.681081398350774,-22.917521458142442,-22.977753331061002,-22.832905047893842,-22.409563576675726,-21.88065321712746,-21.196548356027797,-20.28157908829365,-19.20183591513387,-17.988093977563345,-16.755572372364167,-15.371034267333672,-14.021817871197895,-12.835340923442518,-11.732419048965749,-10.747855992096516,-9.96734225945177,-9.327673670689357,-8.886049748775083,-8.611666792417461,-8.37835014953506,-8.2214134614608,-8.044207886412945,-7.871092063249555,-7.738909496068044,-7.490396945320232,-7.325399590106739,-7.353090623305237,-7.476461840839509,-7.593089473195754,-7.699269091440446,-7.901737194735891,-8.020294224671595,-8.128973384172344,-8.294957881906798,-8.410473855663916,-8.425166573903443,-8.399901268689767,-8.31797229681496,-8.050999729971776,-7.761430125745188,-7.469705444287142,-7.208464241124653,-6.926060148624052,-6.475346443692395,-5.903378783645878,-5.193282367140208,-4.23023738678447,-3.1331263480103995,-2.0859737657110347,-1.0592197290086587,0
0,-1.0154911690146673,-2.01053585612566,-3.030995333058829,-4.105727580741019,-5.0260397051711365,-5.7132152327598655,-6.263424870738671,-6.681042415035876,-6.944891852200957,-7.201876496508814,-7.486137280650625,-7.769794180306041,-8.012373624830111,-8.09618990456452,-8.118438190523714,-8.12809862207931,-8.047664434159211,-7.9405071835499115,-7.89082769073899,-7.817704759293572,-7.653308166871474,-7.5769045492958185,-7.489724436872376,-7.383106718088735,-7.3468793605210205,-7.502308508899074,-7.727736705737646,-7.828390440089352,-8.002643199283558,-8.17044263940299,-8.306221851008024,-8.504836982628852,-8.737191856944552,-9.123803212165704,-9.682764555663063,-10.377496554240931,-11.291866567808803,-12.315703004156322,-13.43691230934858,-14.716460428094978,-16.02447008126104,-17.189655649654103,-18.362260535459914,-19.415832702331063,-20.32274469066916,-21.055890129735957,-21.644164337410725,-22.12769821798254,-22.355312014410416,-22.416926275886382,-22.28593456130907,-21.88065321712742,-21.36832315086433,-20.684181979746672,-19.787346228815593,-18.72407292083666,-17.533541477615756,-16.328804251832004,-14.974590254084168,-13.655733595277132,-12.494026044769658,-11.416751188172494,-10.450673421049048,-9.697945883254206,-9.08305553897571,-8.653703053479333,-8.395561477322326,-8.183391527017404,-8.041398116476913,-7.886464094189479,-7.724100065373312,-7.611053177976335,-7.391648081208414,-7.251717191971883,-7.289719285015017,-7.4049847890096245,-7.5144432695034915,-7.60902363983747,-7.796212533717371,-7.896116794862898,-7.979912075996526,-8.105020132738925,-8.201394802376985,-8.18040183267581,-8.135841391750446,-8.035830699182206,-7.767221808814773,-7.466866441047766,-7.173787917941545,-6.906092924495523,-6.631616924514199,-6.192444488806534,-5.641474150049976,-4.952307288170709,-4.026968353798036,-2.973670745251887,-1.979070155023695,-1.0006257821211628,0
0,-0.9568590150313308,-1.894185330909991,-2.8622215058487464,-3.8884786781410607,-4.76231103465332,-5.416093059061858,-5.9417419968161225,-6.350742894703979,-6.612622810570472,-6.8710457695627305,-7.151568695019963,-7.439091658773497,-7.679656587245262,-7.783889494648961,-7.823376441178976,-7.855693758328881,-7.790659070850494,-7.718139191572875,-7.692197161537628,-7.634880864363312,-7.477484813007216,-7.4045629519534675,-7.319192923904636,-7.213438941903024,-7.16817236865763,-7.28391880706721,-7.4650235483631695,-7.533621328085979,-7.674329458705808,-7.804830379526482,-7.903856585336873,-8.072037965120607,-8.279023816835604,-8.640867245573627,-9.174340006705778,-9.839099052106889,-10.728703012411467,-11.723698473603553,-12.824288587892362,-14.077941073597492,-15.366643920381062,-16.51103817353399,-17.667707280207814,-18.715406889113055,-19.623305736510485,-20.372210110300458,-20.95946971912739,-21.438607725087053,-21.662693400402794,-21.724970121672065,-21.59869346239447,-21.196548356027705,-20.68418197974659,-19.98181693954189,-19.082791730718675,-18.023498302231854,-16.846230271776506,-15.658006355908038,-14.322020517324079,-13.024453239787867,-11.880465025556052,-10.831496706754793,-9.89074717822963,-9.167963440243659,-8.579624162165915,-8.176578264910564,-7.945544760723731,-7.764702259746118,-7.660546748813316,-7.546046042438695,-7.421298885925905,-7.345504324207692,-7.175254092632814,-7.076311294909098,-7.127312699603252,-7.244421927724994,-7.355647553800074,-7.447632559669183,-7.6314017502056615,-7.713615951358087,-7.770605494936776,-7.85870848134242,-7.935226992133539,-7.884714329767864,-7.815043022024248,-7.688050631653707,-7.415495544489993,-7.107918714021449,-6.814338920607819,-6.544149412171448,-6.2733942837175,-5.845375881854854,-5.321270275861716,-4.666202381433834,-3.7916191179351446,-2.7886083219342703,-1.8512451078010577,-0.9360434267241569,0
0,-0.8635162573251552,-1.7168071682792558,-2.5973857282755866,-3.5450868334278747,-4.346224101214632,-4.947716214861916,-5.445740218397187,-5.8296300777461525,-6.077072861920232,-6.322978731611707,-6.586609555846678,-6.867968305775771,-7.115757657474446,-7.239105395839485,-7.304294339736763,-7.37184705482016,-7.3346977119442585,-7.302479013424383,-7.299221401628389,-7.263647634897209,-7.122686271410519,-7.062658675405727,-6.9872658059674455,-6.893613553829084,-6.854793767721266,-6.945529058678108,-7.097667965616924,-7.157126512473689,-7.290094281879433,-7.396469900316361,-7.477442520572952,-7.61483080005912,-7.788506967366031,-8.122116015721948,-8.625517211568717,-9.25428637807038,-10.108510603037322,-11.065423264629281,-12.132193830559043,-13.340233227170453,-14.588685584878219,-15.693166203507227,-16.818239671999752,-17.837895106800726,-18.724434653682874,-19.473849007539297,-20.04162834447716,-20.49763334311086,-20.716717279927995,-20.780609621490193,-20.66148848027716,-20.281579088293537,-19.787346228815554,-19.082791730718686,-18.20598322432846,-17.173816112900543,-16.025850852666895,-14.876023077084163,-13.576694146853708,-12.319322033126584,-11.204927087143796,-10.194529673475337,-9.289042733199807,-8.602788286796397,-8.046066083300358,-7.670361610725726,-7.471335098774839,-7.31931956351816,-7.231932299449596,-7.142811359209246,-7.027958490660959,-6.965041723633709,-6.827015484734175,-6.755456934899154,-6.806097234503094,-6.915096269387155,-7.020753483168735,-7.102066321576932,-7.272930747597257,-7.331973536815629,-7.366958707734359,-7.413230543411202,-7.456796377085592,-7.366624420917419,-7.265500475674859,-7.113753086038435,-6.829055090485988,-6.52479084293824,-6.241580825346243,-5.980549070208685,-5.725827797963319,-5.325868497235476,-4.832932978314214,-4.2327239037051845,-3.4365164439673883,-2.512703529955689,-1.6654663581722573,-0.8386574660023984,0
0,-0.7707095249316278,-1.5463957216363875,-2.3431980957651657,-3.2196800366995957,-3.9534611393851606,-4.516097543607192,-4.992672009403125,-5.363523654904895,-5.610742020952978,-5.861099207207871,-6.107594758494263,-6.382876548999375,-6.638309541972558,-6.790571073197121,-6.879240554465273,-6.980754345183895,-6.9782278799717945,-6.994460534795616,-7.015469270929032,-7.009383020643077,-6.889057041643755,-6.83514267947049,-6.766646098812367,-6.675537208448108,-6.633181595061641,-6.692214522766034,-6.797739923090434,-6.823181724944923,-6.927498930112905,-6.999230190108632,-7.053883413673797,-7.152312996097664,-7.281185987169203,-7.571473257753215,-8.029873328428591,-8.610991959781423,-9.41396142521451,-10.317665741428572,-11.337142463681403,-12.474362028171079,-13.671129184181524,-14.733222827982173,-15.819991461845492,-16.808666005841044,-17.6712646465119,-18.414493084326068,-18.964641420502492,-19.404661490278727,-19.61980509215396,-19.682922648503286,-19.566340982863032,-19.201835915133806,-18.724072920836623,-18.023498302231836,-17.173816112900493,-16.173009338812033,-15.062794080775156,-13.953609348137341,-12.703226918041574,-11.51057671158216,-10.439838137176471,-9.483298534005671,-8.631249401903661,-7.994889037031403,-7.487663218677823,-7.1542842863590215,-6.9981287557201535,-6.883151191788902,-6.8182551094117665,-6.7617075994195,-6.675792844112382,-6.649997609873642,-6.561898458545758,-6.523213849281043,-6.581882109460791,-6.691051026260119,-6.794382320111303,-6.871966665868551,-7.026586599249167,-7.05547808336382,-7.067054540928576,-7.064641013751623,-7.0715661841963575,-6.944160627224925,-6.815854826629684,-6.630022739887169,-6.331052540954008,-6.028077740527531,-5.7549773299370415,-5.48546176884631,-5.231130018995213,-4.845436042793805,-4.376510057986486,-3.8161367168634324,-3.0907072445128962,-2.239703133112618,-1.4812751254719303,-0.7387758693863204,0
0,-0.6649824951943266,-1.3498225760007383,-2.0594830609316173,-2.843919206002482,-3.5085163940191015,-4.031228265694801,-4.477079901822107,-4.8297345668692,-5.0793419272024645,-5.3436266036663005,-5.593427579017876,-5.879589931220946,-6.158408494916822,-6.356520665360978,-6.482118112169942,-6.61964283206032,-6.667222256440841,-6.736288297489853,-6.792336624333601,-6.827291153484083,-6.7325224237572465,-6.692760927974113,-6.630820364260286,-6.54459070293079,-6.4882580829550065,-6.497273310804664,-6.545809064138926,-6.51748976406952,-6.573837404998995,-6.595609339243687,-6.608184654541835,-6.659049606650063,-6.734789061328362,-6.967730847711518,-7.370966898830402,-7.900084421400999,-8.646929517010685,-9.490557460183634,-10.451436229079587,-11.514984309412613,-12.653532767000634,-13.665185951069976,-14.710110381087123,-15.66255588642426,-16.49728391624116,-17.225842192112243,-17.751428760993118,-18.182520102577634,-18.39630013026074,-18.45799730034108,-18.343089732346492,-17.988093977563345,-17.533541477615785,-16.846230271776488,-16.025850852666835,-15.062794080775186,-13.993551070734085,-12.93273068924572,-11.73849520468787,-10.612338423209424,-9.59522269786704,-8.6995877416917,-7.904929966447505,-7.323266844801135,-6.874878330751654,-6.60010587089264,-6.496748559844843,-6.429396026188814,-6.405550426143765,-6.397116429961298,-6.360057416834015,-6.391578709477466,-6.363771972740549,-6.3750931992008075,-6.450586943742392,-6.55785340723422,-6.656575086965276,-6.7201423426532,-6.8514978943478955,-6.835466249124922,-6.8079849537523565,-6.748753414042515,-6.700839276221518,-6.532605232813275,-6.36388346200858,-6.129263822095059,-5.802163943946122,-5.486342577553494,-5.207766979527999,-4.924931217578502,-4.671396350791876,-4.307973234981397,-3.875856454246954,-3.357272328622806,-2.704189730965276,-1.9464766824979258,-1.2764645574312192,-0.629090173249869,0
0,-0.5603180227700922,-1.1617190121156133,-1.7777410654510255,-2.471403437028784,-3.064190639379301,-3.5408490441921594,-3.956858671530919,-4.293872257214531,-4.554348834293851,-4.837580810670217,-5.089876932606746,-5.381175033670133,-5.682782926492868,-5.915713332811432,-6.078171613167174,-6.255497736584247,-6.341932336651363,-6.461589412494612,-6.546933305393244,-6.611736831462046,-6.539285770546945,-6.509523099577177,-6.454744672337312,-6.375271357301856,-6.304274855563367,-6.270580391431338,-6.270054553935015,-6.206334776770983,-6.223234229914128,-6.191441839823767,-6.1693561400459815,-6.178487681124114,-6.205658990905444,-6.396648267909934,-6.745831289031758,-7.2277701170937725,-7.920351010832054,-8.695834202495487,-9.592799929315992,-10.58289587163683,-11.658178953824535,-12.607300311098038,-13.602702303671176,-14.513640843777775,-15.31131237841931,-16.020841929651663,-16.51720135339497,-16.93082070858116,-17.14465237199581,-17.20642728020057,-17.092638728007014,-16.75557237236421,-16.328804251832075,-15.658006355908093,-14.876023077084119,-13.953609348137343,-12.932730689245727,-11.93303444393271,-10.799143835570082,-9.740581951633379,-8.782889258994382,-7.956413890865791,-7.217009716982499,-6.683782256633009,-6.291748445821648,-6.059079351682882,-6.0039046179113384,-5.9771507902002785,-5.988768007797978,-6.034794685928021,-6.039051381826469,-6.10958190956296,-6.133357484201022,-6.185947113196215,-6.277918193724974,-6.380377360383102,-6.47365618217334,-6.5306711807602325,-6.642465700206908,-6.593923734097662,-6.535668410752724,-6.424288228944383,-6.334199747580964,-6.123185971129548,-5.913255676551445,-5.639570330380172,-5.285959158069578,-4.962874712079443,-4.680431945931186,-4.379183590332042,-4.117698996928958,-3.772867469195222,-3.3735082830820073,-2.900602013731135,-2.3206183313089577,-1.6541894678437545,-1.0792311813762696,-0.5213349487177429,0
0,-0.4460246994097999,-0.9349837568409254,-1.4380354179048531,-2.0325069267257776,-2.541124462250319,-2.957018994377291,-3.3354532375549115,-3.657564062206241,-3.917268255733189,-4.222528577235339,-4.467033115940998,-4.757908583905672,-5.0744889985250685,-5.3410492022542195,-5.546033794904998,-5.76299713462628,-5.884989997376734,-6.0568995460701975,-6.179697452235206,-6.269685135163799,-6.218368637089213,-6.2015848887861065,-6.153813836572874,-6.079105860571631,-5.985249668504811,-5.900920385418021,-5.8447963503542955,-5.738243525534136,-5.724813965900396,-5.6392698443967415,-5.586028579948939,-5.559450640941166,-5.545537031955669,-5.69470101338444,-5.990395833680776,-6.423401401215427,-7.055376336162632,-7.763890783705121,-8.601018814393223,-9.520075412778972,-10.532766186772193,-11.421387123679661,-12.360737740869165,-13.222219985610508,-13.982558022838672,-14.669516739706445,-15.133023634888286,-15.521435050841024,-15.723089969617371,-15.784656293661524,-15.683212671911024,-15.37103426733372,-14.974590254084195,-14.322020517323997,-13.576694146853649,-12.703226918041578,-11.738495204687835,-10.799143835570039,-9.727144615465459,-8.7359677669103,-7.83509400864543,-7.076228169580816,-6.399060210241595,-5.917144578798671,-5.58064505520049,-5.389951028422771,-5.3763568819257,-5.384846444797682,-5.4283810341670815,-5.529342880404171,-5.565218387211804,-5.680665132403302,-5.760271259281388,-5.859018544844966,-5.971569831080507,-6.069039292440504,-6.156657347122441,-6.203055190601536,-6.294709979590516,-6.215348175724032,-6.116923261451437,-5.950133347535643,-5.822890387608524,-5.5707206171963835,-5.314785626249256,-5.00480674995004,-4.634603296807953,-4.31249996018194,-4.041222609676016,-3.7229940276423052,-3.466665160932987,-3.140020043580281,-2.7811839670585825,-2.368480612154658,-1.8736639915317161,-1.3073920236497958,-0.8461953790881819,-0.4062556746617951,0
0,-0.3372242018043899,-0.7124260417540915,-1.1135212120531428,-1.615371970865473,-2.0469796148758794,-2.4163479712059988,-2.767935622490108,-3.075739044643948,-3.3380986856429664,-3.6538701249106578,-3.901928558692501,-4.192454822572799,-4.519533120148869,-4.807866685240647,-5.046687760128828,-5.2907349567255935,-5.444129496793206,-5.652634928636968,-5.801853480295931,-5.902781964589257,-5.85159057966624,-5.834696759917452,-5.7814483927318845,-5.7089938677786884,-5.600924701302582,-5.476251596992122,-5.382406683250487,-5.248962659107303,-5.213493967643949,-5.100287766841936,-5.024780709006466,-4.97867362785715,-4.939928592433647,-5.0597751729177665,-5.310514384628522,-5.697300700862374,-6.264265740567907,-6.905820544738618,-7.68456313896461,-8.535584666398645,-9.482267663249859,-10.302489108163389,-11.174921976292516,-11.971843386996913,-12.68931687202273,-13.35145609504773,-13.783088953013905,-14.151213352400001,-14.34004108113662,-14.400687351845873,-14.312323524341359,-14.021817871197891,-13.655733595277074,-13.02445323978782,-12.319322033126548,-11.510576711582164,-10.61233842320936,-9.740581951633377,-8.735967766910312,-7.811378471512531,-6.966937670185984,-6.2743914827279745,-5.661071501101471,-5.22496210418146,-4.931269404559493,-4.767360757370886,-4.7787150096062545,-4.807370952655155,-4.874259389547696,-5.004340483806183,-5.065069349555952,-5.2120752350830495,-5.331225879964335,-5.468332221654522,-5.5944689202720195,-5.692146658588448,-5.785320530084339,-5.8318023452253165,-5.9218005700660665,-5.826213007561611,-5.697280339899287,-5.490714409921885,-5.329666484077396,-5.047528375641486,-4.7526656232370925,-4.419097297243567,-4.0404976400746335,-3.722344171599338,-3.4513958130182036,-3.1279025670889693,-2.8750243737955548,-2.5694928426790153,-2.242465157227922,-1.8754510214515476,-1.4583434140763092,-0.9854458839403342,-0.6240860013088233,-0.2994434418006118,0
0,-0.25674028277326244,-0.5590308391333874,-0.875177296228671,-1.305387490089204,-1.6833897251416736,-2.0173039103600314,-2.345066260587756,-2.6355462796339193,-2.9040992598553887,-3.22451352595571,-3.4692596314042863,-3.7468765856317834,-4.080431307887649,-4.378258597836058,-4.63739055330026,-4.892167005021423,-5.060943743208804,-5.297352112642312,-5.456112696837717,-5.5622259809598615,-5.523699017132027,-5.5139131244623,-5.4707886758785795,-5.406586697449624,-5.285437259448858,-5.1279456961265115,-5.001159109821521,-4.850065301129098,-4.792752729378885,-4.654211334257709,-4.555376730272927,-4.489762764716077,-4.4172467768036165,-4.503444333327608,-4.703491551144627,-5.0400449072926925,-5.545805665652794,-6.123106545916108,-6.8513290384138275,-7.644053016834751,-8.533134498240926,-9.29278825798728,-10.10949702940007,-10.860611332107643,-11.547915369285208,-12.190171598335606,-12.595644399956239,-12.941604132641467,-13.11919172006295,-13.179581392507721,-13.10191007148638,-12.835340923442491,-12.49402604476952,-11.880465025555997,-11.204927087143735,-10.43983813717638,-9.595222697866946,-8.782889258994356,-7.835094008645489,-6.966937670185908,-6.170944454288825,-5.541779482613029,-4.990322205439511,-4.604809437522518,-4.363633672070451,-4.23479190497237,-4.281316397101918,-4.3307378241750065,-4.4204322264399885,-4.5750299927659395,-4.65743735803467,-4.825114126852629,-4.977351613693421,-5.1448428101359625,-5.2831733466245705,-5.372814249342721,-5.455011004025882,-5.495917761245973,-5.572257591725752,-5.4695264377323625,-5.328544562063097,-5.09152908990224,-4.913894635755185,-4.620709875952731,-4.30346264556203,-3.9594683272955082,-3.575654939030535,-3.27182146219672,-3.0053149410832174,-2.678754725484557,-2.4227360383775802,-2.139791527739874,-1.8399301251099294,-1.5086495363952446,-1.1465194690149376,-0.7453895207301696,-0.4680183277409648,-0.21850490301273937,0
0,-0.18927900431138206,-0.4290562167743792,-0.6710080120421477,-1.0286293228559724,-1.3544750689747511,-1.6549745702259289,-1.9658433868776914,-2.2453296667221583,-2.5077237228326075,-2.8314406821293616,-3.0713888379804883,-3.335124323362603,-3.6568848112743644,-3.9540853869923835,-4.227609909398188,-4.492207906071301,-4.681674705954913,-4.934955096925968,-5.100338628511543,-5.217350927519365,-5.198272794145862,-5.21015619474545,-5.189662613229826,-5.147271473221555,-5.030280428754984,-4.858727187998175,-4.7243818416544725,-4.574023025676157,-4.514888498250874,-4.3569300258353145,-4.244743693764478,-4.1686356416392325,-4.077428787551876,-4.127267275927206,-4.2751165482385085,-4.55162462362254,-4.988090050369892,-5.496346296924224,-6.156061506465973,-6.87846225428424,-7.698106948560098,-8.388172151910593,-9.141782603036182,-9.838265107074406,-10.488845971495312,-11.105656367499606,-11.486995156763056,-11.81373413835016,-11.979529019587,-12.040855642877153,-11.977013639585435,-11.73241904896581,-11.416751188172466,-10.831496706754779,-10.194529673475234,-9.48329853400553,-8.699587741691666,-7.956413890865759,-7.0762281695808005,-6.2743914827279115,-5.541779482612992,-4.978173807905053,-4.493458451762659,-4.1654566525688255,-3.9747961036033552,-3.881974384711088,-3.9468506899533105,-4.005955002042418,-4.107992427978604,-4.281247993406683,-4.365574354690575,-4.536917696311831,-4.699604835983572,-4.882130630947363,-5.016860161474223,-5.0848051411896025,-5.143613398937365,-5.164012590481893,-5.222079659885959,-5.104669774705413,-4.953442832095488,-4.695612994665777,-4.495636048393576,-4.191848715049335,-3.8580126293557515,-3.514053950421294,-3.143221675790651,-2.8546004215126053,-2.5941752385379746,-2.266835060920057,-2.020560998477233,-1.7542130984572841,-1.474904987134085,-1.1775160051319586,-0.8687323937516617,-0.5399405689796799,-0.3356502819776641,-0.14993684239673363,0
0,-0.12891569559194044,-0.31069614589831257,-0.49248501609893836,-0.78796449003405,-1.0647606332361488,-1.343296804821502,-1.6353121618144693,-1.8986764554849251,-2.1606499815159688,-2.4808444496736555,-2.708574576261046,-2.9500059996464683,-3.253795771911627,-3.551721435716085,-3.8278876297548523,-4.103887366938801,-4.321134702883973,-4.599948581523956,-4.784230703966073,-4.924849134884445,-4.932057841687962,-4.969672815504695,-4.975925109289533,-4.959187035677028,-4.858447773122349,-4.682304654569329,-4.5428549259742255,-4.39497336152715,-4.326909299513235,-4.159581143571491,-4.02873164373922,-3.9421553178265922,-3.8342194699106757,-3.8448063115732922,-3.939360887115587,-4.145799712411807,-4.50659747338663,-4.945358492182925,-5.538393868877957,-6.191768250870049,-6.948334289735441,-7.582813264156895,-8.278492628437515,-8.922045743515008,-9.539370363453386,-10.13248840583613,-10.497279926588941,-10.812605844883485,-10.968923831066672,-11.030716599131917,-10.978117981452419,-10.747855992096524,-10.450673421049073,-9.890747178229637,-9.289042733199738,-8.63124940190361,-7.904929966447459,-7.217009716982487,-6.399060210241623,-5.661071501101519,-4.990322205439601,-4.493458451762631,-4.083494899520629,-3.82401598860956,-3.6859016455206297,-3.631187568476603,-3.7129633838849285,-3.7838086149313908,-3.904008886330295,-4.084970854271212,-4.17701425720993,-4.346853396087666,-4.515527192542475,-4.70201420987882,-4.820005251248482,-4.861314324371922,-4.890961624201183,-4.883899731372548,-4.9148480930955385,-4.769904516517362,-4.59443034856579,-4.309104894109032,-4.080300626858578,-3.7646507322204275,-3.42909158474989,-3.0851932025724924,-2.735026942432745,-2.471940326970713,-2.224936357096506,-1.902201433715271,-1.6590477891473943,-1.4126260607757932,-1.1552223930066408,-0.8823087284532639,-0.6242670651113996,-0.35755460012518925,-0.21341090065732368,-0.08601143000629302,0
0,-0.07187438820212953,-0.2072856320454916,-0.3450723765090598,-0.5889023271644392,-0.8253842508106062,-1.0778608836725305,-1.3513591613613944,-1.5965331377397085,-1.8526828881997615,-2.159412065471728,-2.3633993322150046,-2.575642034997024,-2.856130659719897,-3.140682893303713,-3.4160033525378997,-3.7100450486295014,-3.9460246829251537,-4.2421321291287315,-4.445003885077647,-4.606825418081085,-4.641309216519436,-4.703801497467933,-4.742758673574421,-4.756906311981699,-4.67966274555917,-4.52056336738053,-4.402818481526085,-4.279806971502449,-4.222884308622177,-4.067322009114898,-3.9445218725869062,-3.8575406893283395,-3.738017155020887,-3.717499699954664,-3.7642155262747297,-3.894335125845691,-4.185714188605743,-4.56307364234105,-5.10013394382563,-5.704002456689528,-6.406195670826127,-6.991166695999263,-7.6298133779896835,-8.22271933636625,-8.80411004053778,-9.368368605369078,-9.70839212174247,-9.997226866825478,-10.14335865059203,-10.206231240544852,-10.167009589349522,-9.967342259451794,-9.697945883254212,-9.167963440243687,-8.602788286796388,-7.994889037031414,-7.323266844801132,-6.683782256633052,-5.9171445787986885,-5.22496210418152,-4.604809437522462,-4.165456652568862,-3.824015988609552,-3.642059145400454,-3.553337215480414,-3.5316851606888857,-3.6268130063406065,-3.700358801197809,-3.8119408212070964,-3.979720146478855,-4.060366857292816,-4.204200895575872,-4.349565739404741,-4.515550200535382,-4.606944952466287,-4.613151975454316,-4.607377288968565,-4.5740154106956386,-4.575505795097781,-4.406985054577713,-4.209018663771552,-3.9047111866441653,-3.656963324103106,-3.3252062406540164,-2.9936678615616055,-2.6644668942477576,-2.3402222811836104,-2.109670591314982,-1.8886129836421222,-1.5816957221190244,-1.34758956253192,-1.121567405578401,-0.8837841773702442,-0.6394226960387797,-0.4220273495883229,-0.20511263049410253,-0.10581573297050095,-0.025476478437871236,0
0,-0.03193339600206629,-0.11827259699219472,-0.21050017890645872,-0.4089346999840785,-0.6140615412245817,-0.8371888437656972,-1.084674944324384,-1.3052961731580222,-1.5341388035627301,-1.8174626579791777,-2.002546331910157,-2.193675880212813,-2.4405947502198453,-2.7070092685636697,-2.971507171009028,-3.2643038679644443,-3.5078222104914705,-3.812915597552037,-4.027824901954647,-4.1960000291884105,-4.2470956370520625,-4.339904722958017,-4.417752107139567,-4.470017169432823,-4.423339838678141,-4.291780605033797,-4.213697238347491,-4.143630606692735,-4.127231051755493,-3.992973160816624,-3.8842941325133267,-3.8068368339912166,-3.699181901278228,-3.663936732217863,-3.6841873804960574,-3.7648002601307407,-3.9998869654552376,-4.322137120140043,-4.802240167142981,-5.3616059125493996,-6.006651156998145,-6.532844287508128,-7.108496117287062,-7.6499009061046905,-8.198977542351017,-8.739261657625265,-9.057863725591591,-9.318356383115441,-9.450748036128823,-9.515795198436074,-9.49591274451588,-9.3276736706893,-9.083055538975653,-8.57962416216592,-8.046066083300293,-7.487663218677737,-6.874878330751647,-6.2917484458216295,-5.5806450552004545,-4.931269404559527,-4.363633672070432,-3.9747961036033854,-3.6859016455206435,-3.5533372154803673,-3.4912140279064783,-3.486348861009009,-3.572353900487161,-3.6388700423301987,-3.739321485421729,-3.8872122280573467,-3.9295875208670634,-4.02009460472233,-4.123327349027281,-4.258246465003199,-4.314027977933826,-4.277036670147157,-4.228112876635653,-4.158849509000763,-4.139465497867536,-3.9602053990212456,-3.7437669678236207,-3.425906581771025,-3.1696757063096377,-2.841662401778965,-2.5233669636798024,-2.2152717895686513,-1.9308382361308685,-1.727874864200397,-1.5309653333314335,-1.2514800003590894,-1.0498550518270036,-0.8528120312138855,-0.6426375854439556,-0.4299167367148855,-0.24526022455344842,-0.07386686330888341,-0.019484544933804835,0.014491461821172663,0
0,-0.0055240399912788955,-0.06352382580999068,-0.1305607319466559,-0.290900743042877,-0.46853975403647696,-0.6678317504520006,-0.8831181724714171,-1.080387134453036,-1.2835484239505253,-1.5459410439238266,-1.7096119103667078,-1.8747269511311557,-2.081092036421659,-2.3235734805680703,-2.5651711398679304,-2.8433660291604808,-3.079805197651974,-3.3777817214286103,-3.5965062058367683,-3.7715366879733296,-3.842567248190174,-3.9590545386619747,-4.078785682628126,-4.171841267762993,-4.154345448301701,-4.0535061852678425,-4.008346158578108,-3.9860454953904196,-4.00950050657741,-3.9046984195013947,-3.815090705184097,-3.768457104155622,-3.6951029349710245,-3.664908680145251,-3.6704078706963594,-3.7177643064963135,-3.911783678225492,-4.191937201217847,-4.634868653259031,-5.168594302151255,-5.77259796726388,-6.253999014582903,-6.767672907787029,-7.2634611695146445,-7.783884881877711,-8.299972434681042,-8.609554025386853,-8.848508939028076,-8.964690645048119,-9.031105442016022,-9.03045720862546,-8.886049748775042,-8.653703053479324,-8.176578264910557,-7.670361610725608,-7.154284286358958,-6.600105870892593,-6.059079351682824,-5.389951028422787,-4.767360757370933,-4.2347919049723775,-3.881974384711083,-3.631187568476574,-3.5316851606888813,-3.48634886100899,-3.479971038013309,-3.53489822386875,-3.574757847942694,-3.658823032993609,-3.7789956210400755,-3.7835259069234537,-3.824512452956077,-3.89029197144845,-3.9887434575142517,-4.007801196995821,-3.9232777565218826,-3.8280259348392476,-3.730246236113274,-3.6865937903259285,-3.4986149132759072,-3.2716273917139236,-2.956393824357234,-2.707026443937301,-2.3950788999431984,-2.1030032535519427,-1.8221279272393673,-1.5842621352065998,-1.4149991649542506,-1.246838221932869,-0.9946518764283597,-0.8249622624473684,-0.6549304965830359,-0.4758677749877513,-0.28751783957971144,-0.1290155512821412,0.0054287526483396695,0.03467060540532611,0.04212861086097263,0
0,0.027372668294688852,0.007878140025051671,-0.016491822139741163,-0.13376015638246638,-0.2811924027822995,-0.4502965542017797,-0.6302562111491034,-0.8041751620500676,-0.9897445089846062,-1.2334396488208672,-1.3963337186674047,-1.5463551302875533,-1.7353129505982885,-1.9576050077668201,-2.1771689152922407,-2.439276376624627,-2.6614084932028965,-2.9439613430732057,-3.163178333980058,-3.3358623953341455,-3.4164857496797296,-3.5574628451933132,-3.7122752270971198,-3.839034686189064,-3.854328354342679,-3.7956226634510264,-3.7972881181898144,-3.826713726678581,-3.8947416191563096,-3.8358868587675885,-3.7809168172798566,-3.7763013479300342,-3.7486357328151447,-3.7513368516571513,-3.7664987491509128,-3.8009151137509463,-3.974843477757078,-4.231818920526359,-4.637918931604062,-5.148056323664738,-5.7100280194757795,-6.142322505099162,-6.600931192872361,-7.052160122413135,-7.540075230626557,-8.031210523602484,-8.327367796569725,-8.546560194733043,-8.656697221518291,-8.723155063253177,-8.732160396953617,-8.611666792417404,-8.395561477322335,-7.945544760723709,-7.471335098774833,-6.998128755720197,-6.496748559844866,-6.003904617911289,-5.376356881925713,-4.778715009606263,-4.281316397101894,-3.9468506899532474,-3.7129633838848703,-3.6268130063405852,-3.5723539004871494,-3.534898223868769,-3.5461309218961308,-3.5457935350023186,-3.598008723033267,-3.6718064715531207,-3.631881525941115,-3.6212047525157254,-3.6359270488304487,-3.6870023891129713,-3.665472796720201,-3.5393001878117007,-3.402476570053779,-3.2773224647724213,-3.2190527100736555,-3.032359669893412,-2.8002196629772436,-2.4979738415757997,-2.264140067382865,-1.973506902826837,-1.7085720631694337,-1.451663179087771,-1.2381824816195053,-1.0909329165804464,-0.9315786527284526,-0.7034769388053616,-0.5545611351289019,-0.4107227496936117,-0.2652796608151558,-0.10711605617811562,0.022300879629293256,0.11507131065993943,0.10404787562171182,0.07503919146394378,0
0,0.07907135032149319,0.12023887213971898,0.15132573169372002,0.09262027845132578,-0.00866003325614145,-0.13966444307171524,-0.2803941427271176,-0.4228163811053054,-0.5917899583276595,-0.8323537132895087,-1.006439645340557,-1.1677599797080311,-1.3710856070418018,-1.599434359962575,-1.8221393204763974,-2.0741757143527395,-2.2916095239604397,-2.558575168979003,-2.7738883149317792,-2.941600955628608,-3.036665060950614,-3.202823484174126,-3.3872925658733486,-3.5408275321758653,-3.578227161365054,-3.54607449442052,-3.5931764150847547,-3.6721784706522747,-3.7770169433026006,-3.756775529331174,-3.739421222926913,-3.7654239746576206,-3.7801959210671754,-3.8121461590178725,-3.8338973374474126,-3.865642612836301,-4.024152647749825,-4.267621778935375,-4.651550272634684,-5.1428897077896885,-5.670641852956859,-6.065165655558395,-6.47504146314055,-6.888983684492004,-7.347813691900946,-7.810311644408786,-8.088096296263446,-8.2873348316209,-8.400522704757416,-8.467763689784704,-8.475660768058127,-8.378350149535047,-8.183391527017433,-7.764702259746105,-7.31931956351818,-6.883151191788858,-6.4293960261888525,-5.977150790200221,-5.38484644479765,-4.807370952655091,-4.3307378241749666,-4.005955002042446,-3.783808614931401,-3.70035880119776,-3.6388700423301534,-3.574757847942726,-3.5457935350023435,-3.51594104728867,-3.532139716012574,-3.567515674411988,-3.489692040995991,-3.4276474820784335,-3.3913009749609606,-3.4111620517110355,-3.359482654804211,-3.1983237343703093,-3.0246359067493036,-2.8688288898569207,-2.787182049140605,-2.5994863465036175,-2.364213455196053,-2.074382858493557,-1.8453012496547836,-1.5674194259537155,-1.3061172081126498,-1.0513188512772882,-0.8337528713998112,-0.6852636181880307,-0.5263763511223978,-0.3105735982050737,-0.18457357665929258,-0.07760650327287469,0.027056403137415124,0.1443212177568044,0.2309999746105133,0.26706870075014577,0.20294803593765792,0.12042696973604304,0
0,0.11160686949018236,0.19455653645448331,0.26736984643351164,0.25910543378773887,0.19830872151456738,0.0980534778739171,-0.007141129928188748,-0.12494128829579794,-0.2844784830046668,-0.5147142187003831,-0.6972529642734164,-0.8603642420934923,-1.0719891759474502,-1.3026548204247166,-1.5201222658784252,-1.7549270901044833,-1.9723310223511572,-2.2295365536708656,-2.4462563621632887,-2.611431613682974,-2.71784721410434,-2.9073664685009044,-3.120833543112415,-3.304377085742034,-3.3656400782205127,-3.36915868066916,-3.4576101673962656,-3.5805490335333126,-3.7169701128657904,-3.7398403031801943,-3.741296840650231,-3.8037778647086484,-3.8509933957264564,-3.899368470733416,-3.931352783320737,-3.9699981128288546,-4.10786786662794,-4.336743627650803,-4.700078958702678,-5.169481025158294,-5.669230131775098,-6.033143481443415,-6.404077901800085,-6.794565569043078,-7.237459814750215,-7.666325741236994,-7.930684527848781,-8.120889980889553,-8.22309270615642,-8.290278302278265,-8.308862517161314,-8.221413461460763,-8.041398116476847,-7.660546748813346,-7.231932299449572,-6.8182551094117585,-6.405550426143733,-5.9887680077980425,-5.428381034167122,-4.874259389547692,-4.420432226439996,-4.107992427978609,-3.904008886330235,-3.8119408212070334,-3.7393214854217516,-3.658823032993603,-3.5980087230332867,-3.532139716012597,-3.5303131996955623,-3.521867191439248,-3.410830599153475,-3.3011643289061543,-3.2158789845818347,-3.196632448592067,-3.113087828740418,-2.914423315771741,-2.7049783791633777,-2.5220797120762315,-2.420985300482576,-2.231792984078017,-1.988497677614403,-1.7061844907635033,-1.4769765905232632,-1.2191654014899638,-0.969116384850629,-0.7196239855345707,-0.5039953335206342,-0.3629055901327157,-0.20748214595110726,-0.010701404911901365,0.10112663663700028,0.17905123381369678,0.24769491392215714,0.33273790899373784,0.3821381543452257,0.36975462340400445,0.26708870755599656,0.14862170602855726,0
0,0.14395825101114393,0.27246077131170465,0.3898093350670577,0.4330032212012297,0.41019430362041037,0.33910916875352803,0.2675347837291455,0.1751532835282654,0.03285686828413944,-0.17518539772407007,-0.35276011699526727,-0.5047631920021984,-0.6978309438865951,-0.9103051872291091,-1.1173222217520469,-1.3343840026789635,-1.5547355670980223,-1.798108880857551,-2.0041806084095892,-2.158711494912071,-2.2829598757238125,-2.5030583677298575,-2.7529502077900823,-2.9662678605782813,-3.064009490361642,-3.118217834270574,-3.2674470619326863,-3.4514184716840437,-3.639649282636619,-3.7202426883979234,-3.7643603524396436,-3.8633841033392873,-3.955102855653799,-4.032340177162545,-4.080884074048604,-4.129476574633306,-4.259145205853344,-4.466689012279983,-4.804449171672259,-5.248145700677661,-5.695029040280666,-6.009367179240776,-6.336267093725316,-6.695242103204988,-7.112598579061588,-7.5059666610258,-7.750708584896627,-7.911855544893906,-7.994561859987785,-8.0623117051074,-8.100215574586432,-8.044207886412945,-7.886464094189461,-7.54604604243873,-7.142811359209244,-6.761707599419472,-6.397116429961326,-6.034794685928074,-5.529342880404223,-5.00434048380621,-4.575029992765988,-4.281247993406717,-4.084970854271218,-3.9797201464788214,-3.887212228057394,-3.7789956210400564,-3.6718064715530803,-3.567515674412007,-3.52186719143921,-3.4547039166904026,-3.28961762295987,-3.116748021223746,-2.966206889469401,-2.892675414754152,-2.765766500008374,-2.531928144066678,-2.281937233644157,-2.0648937972566785,-1.9392044001448119,-1.7571337143513714,-1.5185846242378744,-1.2475690923245761,-1.0162171087501153,-0.7784670370097156,-0.5457113606892057,-0.3214354523520718,-0.13310694380364024,-0.00975767426256678,0.1339384700293545,0.3034619897531041,0.39478739748352004,0.4441044323924208,0.4781567500114599,0.5301982812642911,0.5437397894671463,0.4817628384358785,0.33609857694975376,0.17720876123543816,0
0,0.1774559510239832,0.3471324983144948,0.5024422503990271,0.5818812548336677,0.5833689267209987,0.5467564507066458,0.5007020677333446,0.4284697376184153,0.2894397790022001,0.10758645822439361,-0.06900005266285622,-0.2035806974598058,-0.3817072524624528,-0.5688576118097383,-0.7663367665572834,-0.9592236561742516,-1.1657534955905064,-1.376087409105356,-1.568614928992702,-1.713781736041473,-1.8364972799360582,-2.073400065171073,-2.3466647590124645,-2.5708148712350045,-2.690742214409714,-2.792587645942956,-2.9871524894091124,-3.2160371089792217,-3.450021868081859,-3.5817205111170822,-3.6579070400150346,-3.795521951339316,-3.935790893061501,-4.056387505646902,-4.143215112969759,-4.204469711683376,-4.327856190988398,-4.534688163577044,-4.852836360119577,-5.278763682503693,-5.696991360634581,-5.975345004627163,-6.255398935385631,-6.5857618374343065,-6.991388114183505,-7.350410282263044,-7.583392199410301,-7.7329848479534125,-7.794662096785038,-7.859339189987066,-7.915496184950267,-7.87109206324952,-7.724100065373284,-7.421298885925879,-7.027958490660923,-6.675792844112409,-6.360057416834044,-6.039051381826544,-5.565218387211816,-5.065069349556026,-4.657437358034721,-4.365574354690582,-4.177014257209914,-4.060366857292789,-3.9295875208670146,-3.7835259069234333,-3.6318815259410955,-3.4896920409959926,-3.410830599153454,-3.289617622959849,-3.0775743462508207,-2.8564498072960602,-2.6519328486797678,-2.525714816641291,-2.3675713551024975,-2.114450095120748,-1.8330079676476556,-1.5943780060883748,-1.4627648270654388,-1.2871547781155128,-1.0564452689812955,-0.8160944205462834,-0.599578866077177,-0.390740351410178,-0.17501232943235845,0.014347017941148014,0.17771452054778153,0.2783251022668033,0.4153499651544855,0.5546305594928771,0.6405873870220431,0.6688320546813762,0.6775694575324822,0.6919173663823901,0.6820182342598397,0.585361990940038,0.40429374038744453,0.20814433334230129,0
0,0.21776034434941183,0.42889688612487614,0.6140067740646195,0.7332056019231797,0.7706674316263324,0.7734021153078949,0.7623387019546177,0.7135882575555046,0.5913899750414507,0.4245138395871688,0.2545310973246839,0.12749510683402465,-0.03776811679486995,-0.2036386210708564,-0.3782224788847359,-0.5437117569224431,-0.7322888398283085,-0.9007762674455246,-1.0729004182235828,-1.2115979101671288,-1.3448376152180679,-1.5880867388036177,-1.8820122302582565,-2.127474060767747,-2.2770376804621146,-2.429866026731784,-2.6784426070081744,-2.966899828146109,-3.247115497522538,-3.442104231797932,-3.5640003227948083,-3.7533872097196754,-3.946369853780107,-4.120973516490775,-4.2627928588144295,-4.352639875628027,-4.482629275611791,-4.686887060908128,-4.990126238322867,-5.390977212937379,-5.771200578888874,-6.016139994282277,-6.243482977477185,-6.538321638754421,-6.929928728263661,-7.252326368573594,-7.463585365662959,-7.590989151312689,-7.637852160948642,-7.700030350436856,-7.7643363030749,-7.738909496068007,-7.611053177976323,-7.34550432420765,-6.965041723633609,-6.649997609873639,-6.391578709477488,-6.109581909563014,-5.680665132403367,-5.212075235083073,-4.825114126852614,-4.536917696311888,-4.346853396087738,-4.2042008955759105,-4.02009460472234,-3.8245124529560255,-3.621204752515706,-3.4276474820784255,-3.3011643289061334,-3.116748021223795,-2.856449807296077,-2.569658612561013,-2.301589242405295,-2.1154771175539917,-1.9178572850615583,-1.6347120460251323,-1.3245587322527057,-1.0769982736683543,-0.930635136502579,-0.7602968135586192,-0.5455871513797,-0.34488167832970956,-0.14895434409338676,0.026239984620066267,0.20778136279261195,0.3649676459588022,0.5055426391099136,0.5906543720554378,0.7124235102362445,0.8296199210509253,0.8972252478621151,0.9038860860946193,0.8797938479509505,0.8537223492485505,0.8114210222465996,0.6797868122932804,0.4747119161842972,0.24412827382870836,0
0,0.2655113681196047,0.5267919794867231,0.7542376133740037,0.9248777458858732,1.0078202016247604,1.062490753760288,1.1025526510599162,1.0841718022504716,0.9825040687666267,0.843127467221911,0.6833037703505495,0.5691362759066911,0.41132832393354163,0.25324950904003524,0.09239999290464422,-0.0489074998568975,-0.22206658558741557,-0.35839466287881905,-0.5260773286726966,-0.6762034082273074,-0.825262028154419,-1.0894417384506447,-1.413405149927498,-1.6982119829840838,-1.886646670695136,-2.090451099457488,-2.3995462402344936,-2.7437903127652397,-3.072119809914607,-3.3264436859975204,-3.4934960888657014,-3.7316152156097826,-3.9748328960346084,-4.1879604779476205,-4.373189565275369,-4.48965421169549,-4.616555701297848,-4.8143093362206635,-5.091840509541064,-5.460175147728998,-5.790276525816876,-5.991730458627585,-6.164022536506409,-6.412196370886938,-6.772631569512695,-7.048289761529439,-7.229192197584864,-7.3306294279376045,-7.360434815360757,-7.41827343986261,-7.4935956070882135,-7.490396945320179,-7.391648081208365,-7.1752540926328106,-6.827015484734166,-6.561898458545804,-6.363771972740596,-6.13335748420108,-5.760271259281354,-5.331225879964349,-4.977351613693338,-4.699604835983644,-4.515527192542457,-4.349565739404653,-4.123327349027189,-3.8902919714484523,-3.6359270488303657,-3.3913009749609464,-3.21587898458189,-2.966206889469452,-2.651932848679778,-2.3015892424053352,-1.9632480751966768,-1.7186942497734896,-1.4724397465599275,-1.1417026058760815,-0.7951825185619997,-0.5251437015289044,-0.3570105572485573,-0.17328499969826086,0.037592000454824345,0.20615451766003554,0.3832793181608455,0.5248210992714852,0.6802796981875973,0.8176083666543805,0.9385406954942661,1.0012741562438972,1.1046974545042878,1.1888154551694075,1.233661159574745,1.2094591525415193,1.1347979530352472,1.0563064122612569,0.9725774643478906,0.7950122937322975,0.5549273735501548,0.2818402591687173,0
0,0.3186057083066887,0.6173255592281347,0.8818647788109545,1.0961430422966734,1.2198290923095578,1.3030036099185676,1.3764867689632818,1.3823703381927817,1.3014322030102645,1.179172866682506,1.020324241548697,0.9043361913323509,0.7596285945544381,0.6151787287684333,0.46703797189431295,0.3380340395594642,0.1739254652347448,0.05376293444585395,-0.10972842966807242,-0.2786618948041613,-0.4459662552983888,-0.7235235331920962,-1.0765508924998115,-1.3919344706833359,-1.6096271890608478,-1.850854278874092,-2.210098881166015,-2.6050412991110545,-2.9803185155381553,-3.282542728687237,-3.4847160486014293,-3.7524267752966147,-4.042992577440534,-4.292222231094029,-4.507142527878449,-4.645294289320988,-4.771481806191876,-4.957348639202872,-5.210070195038934,-5.545719144035747,-5.831957852907123,-5.998547587285889,-6.126508551298304,-6.3447422643248865,-6.680660981058154,-6.917720695621251,-7.073959932778247,-7.148415328372248,-7.162631509209918,-7.216637540301404,-7.303349057888291,-7.325399590106651,-7.251717191971848,-7.076311294909154,-6.755456934899265,-6.523213849281154,-6.375093199200824,-6.185947113196212,-5.859018544845021,-5.468332221654504,-5.144842810135967,-4.882130630947387,-4.702014209878776,-4.515550200535353,-4.258246465003146,-3.9887434575142433,-3.687002389112856,-3.411162051711056,-3.196632448592098,-2.892675414754182,-2.525714816641306,-2.115477117554064,-1.7186942497734465,-1.4321747505699494,-1.150425212453508,-0.781934879896712,-0.40251210170955565,-0.1164960415273894,0.07641503428363533,0.2791655278566133,0.4848009400322537,0.6354317920904871,0.7978932752505081,0.919828007831479,1.0519079709359147,1.1639418280136242,1.2597028914988306,1.316268561288156,1.4106106018107978,1.4711950666157725,1.493485340325382,1.4473725082875681,1.3412724996264835,1.232158592089178,1.1121353453793084,0.8964478490148916,0.625377878306282,0.3238577898051725,0
0,0.3736593743284894,0.7180613595661313,1.0218920786809638,1.2774306014703156,1.4351624184899618,1.5539731658199556,1.664629636284254,1.6937329755605042,1.6352867932628157,1.5265364696036627,1.367964056320794,1.2456041559895847,1.1117088535589903,0.9802103939231456,0.844108885865316,0.7310250999201424,0.5717838518125632,0.45550307587818367,0.28680203898599327,0.10235123567980599,-0.0823334986394844,-0.377509706786941,-0.7540059075204792,-1.0949086573842763,-1.3353828552414038,-1.6070910710305184,-2.0081117646633344,-2.4350377045353913,-2.836999368658058,-3.178935817916298,-3.4115872557517326,-3.708366527247375,-4.040637538656345,-4.328290945827502,-4.577195039085974,-4.742488239407857,-4.887490585772564,-5.078016581683486,-5.321791890283414,-5.646781043793335,-5.915320603995576,-6.069596698419901,-6.185700567312474,-6.398081463319366,-6.7356692883815,-6.961717354390402,-7.1065202171565085,-7.173377377023986,-7.18521851582709,-7.236994037127946,-7.324496918633586,-7.3530906233052375,-7.289719285015001,-7.1273126996032605,-6.806097234503129,-6.581882109460927,-6.450586943742424,-6.2779181937250215,-5.971569831080552,-5.5944689202720195,-5.283173346624617,-5.016860161474284,-4.820005251248463,-4.606944952466311,-4.314027977933828,-4.0078011969958585,-3.6654727967202043,-3.3594826548042,-3.1130878287405044,-2.765766500008409,-2.3675713551025397,-1.9178572850616207,-1.4724397465599117,-1.1504252124535477,-0.8408223193862734,-0.44211348059870254,-0.0361143925223387,0.2685741165009874,0.48142157364195337,0.700640105079882,0.9131701788805084,1.0586133900092065,1.210487527736479,1.3105740164468804,1.4229780949375306,1.5109059380649095,1.5830180277597647,1.6386724671690989,1.724132252412229,1.7643733642864279,1.7632090616010927,1.694746895930609,1.5528125522626277,1.4100576091172656,1.2606380373121566,1.0073454721302124,0.7042083159562522,0.36754999576401937,0
0,0.4211201724045319,0.812011543285721,1.1599362567371596,1.468205089878206,1.6642103991436545,1.8306571115000236,1.9894461230669302,2.0607297704637446,2.028074558213164,1.9508563816052626,1.8042862921787663,1.686078879608236,1.5571509014768932,1.4463387681664228,1.3194681279313567,1.2229382863529048,1.0685922656447642,0.9552828272786911,0.774469216920492,0.576368649349135,0.3776828639029038,0.06696501092077928,-0.33327612402037904,-0.7129562816495444,-0.9803718705443971,-1.287065671599525,-1.728291601726338,-2.177607677436969,-2.593320259672671,-2.9670184702458813,-3.234069008820929,-3.5624641155185084,-3.9364541041598513,-4.2728712885854065,-4.56390894552215,-4.764928198385769,-4.9381181567150385,-5.15342112399918,-5.408452885838613,-5.736615124397311,-6.012009060978031,-6.175546051726831,-6.297596730353852,-6.5123155645887465,-6.859396276814074,-7.085812411671574,-7.236496706220328,-7.316417625786234,-7.336602707096594,-7.387887235717497,-7.464259222965295,-7.476461840839492,-7.4049847890095855,-7.244421927724984,-6.915096269387142,-6.691051026260248,-6.55785340723426,-6.380377360383209,-6.069039292440581,-5.692146658588472,-5.372814249342761,-5.084805141189708,-4.861314324371927,-4.613151975454317,-4.277036670147152,-3.9232777565219434,-3.539300187811733,-3.198323734370374,-2.914423315771778,-2.5319281440666934,-2.114450095120753,-1.634712046025174,-1.14170260587615,-0.7819348798968152,-0.4421134805987267,-0.0017966287497844947,0.4290117985558679,0.7484652938650724,0.9762227006808953,1.2084652030896537,1.4314333884098567,1.5697719343850063,1.7121249963682617,1.7894946130223208,1.8837951043889303,1.9396966488313283,1.9972343722369108,2.0434794874337077,2.1115092451957946,2.1173303456594863,2.091281612616594,1.9833368894980707,1.7941976504896497,1.6033192403439822,1.4192973205614674,1.1187175394793536,0.7781227253834889,0.40421949623931897,0
0,0.4589487071439616,0.8934413998509901,1.280716781602511,1.6250425177829548,1.8623514296261883,2.0729774235163165,2.2791284714703988,2.379387231059766,2.371578566808074,2.3291854704519204,2.2001900045070304,2.0952734785534664,1.9774400445923517,1.8804915231238797,1.761765366050274,1.67090759220395,1.5214589061263908,1.4093466319388945,1.2201530065303818,1.0179045383376986,0.804871827669511,0.48310982835842736,0.0719293742839537,-0.3296073732905362,-0.6215852937067868,-0.9584546414327235,-1.4284855091854514,-1.8989812489036557,-2.3398330128936746,-2.7507760311925744,-3.0477681927039666,-3.4068175047197022,-3.8188680748716646,-4.2005650652400295,-4.534435302113899,-4.771425067249321,-4.9781471540177105,-5.220396961392633,-5.491605916256307,-5.817338559958045,-6.10091506848229,-6.273661460604157,-6.405120984766933,-6.625310827673024,-6.98158538367147,-7.2083020128733875,-7.363076636375897,-7.4426383752587935,-7.458874332385393,-7.5103720005163135,-7.585342487934245,-7.593089473195787,-7.514443269503506,-7.3556475538001465,-7.020753483168853,-6.79438232011141,-6.656575086965303,-6.473656182173438,-6.156657347122507,-5.785320530084336,-5.455011004025881,-5.143613398937404,-4.890961624201233,-4.607377288968566,-4.228112876635714,-3.8280259348392804,-3.402476570053814,-3.024635906749375,-2.7049783791633915,-2.28193723364415,-1.8330079676476894,-1.3245587322527315,-0.795182518562012,-0.4025121017096063,-0.036114392522319926,0.42901179855587296,0.8706698476532859,1.2003795441127452,1.4412178035536258,1.674586233471037,1.9005330063069648,2.0314175261208436,2.160757800393018,2.2258152130007707,2.303835351775626,2.337117166471633,2.3757457617375612,2.404803608950923,2.4541155616158563,2.426056261465598,2.3764887798669334,2.2429744345631177,2.0100678824271916,1.7758351919984205,1.5530860096375305,1.2201812008231747,0.8439240256367735,0.43402707465474244,0
0,0.4901667193996224,0.9654796646537189,1.3860513378054096,1.7631084773687007,2.027825978958041,2.274197355697043,2.5178100879605188,2.64331227155888,2.6563615261893783,2.649671378039385,2.5266289196217735,2.4366545767269834,2.315189839104092,2.2238597739100254,2.1066231268845135,2.024123300821902,1.8695527609377445,1.754308045991793,1.5480483437813435,1.3349983590032897,1.1188775394851092,0.7863048830513382,0.3679092645625036,-0.045317737231200916,-0.35171745130187304,-0.7012952023644201,-1.1868532797446325,-1.6590626151651973,-2.1137023286193624,-2.552873171540276,-2.871693550117474,-3.257758642585104,-3.6950938576865617,-4.105979909637161,-4.475917364937779,-4.742841146732584,-4.981350521071911,-5.2487758210830355,-5.532043937060736,-5.862937726357664,-6.160159230112556,-6.342450510173167,-6.490171188951376,-6.718652950298812,-7.087051481305121,-7.319213149596728,-7.4815100581594525,-7.565576721280409,-7.578321723875622,-7.628022335262392,-7.700713759954899,-7.699269091440514,-7.609023639837532,-7.44763255966929,-7.102066321576998,-6.871966665868633,-6.720142342653268,-6.530671180760246,-6.203055190601503,-5.831802345225303,-5.495917761245947,-5.164012590481922,-4.883899731372532,-4.57401541069566,-4.158849509000814,-3.730246236113349,-3.2773224647724435,-2.868828889857007,-2.522079712076348,-2.064893797256674,-1.5943780060884032,-1.07699827366837,-0.525143701528956,-0.1164960415273823,0.2685741165009653,0.7484652938650119,1.2003795441127265,1.5432768172548632,1.7872648595848986,2.029264704636758,2.2661093184286822,2.393209839763283,2.5188047970340484,2.5673468547559692,2.6354145448156783,2.65355266490304,2.688547816283273,2.6997311324002786,2.742389313316001,2.6797493853080394,2.6126689915038352,2.4569363870904692,2.187738622883287,1.9199574352442306,1.6730426185646141,1.3098308730650359,0.9026948632470415,0.4579419279989896,0
0,0.5167957103501835,1.000559332710467,1.441916299020726,1.8376220956934715,2.1183962705417088,2.3881599651755017,2.660807060321245,2.821684953828774,2.855711254846617,2.8855037246118824,2.767569348611658,2.6872541420212697,2.562743987775624,2.487142421250645,2.373933069717908,2.30106852002228,2.1378891463970082,2.012721518979539,1.800359433499317,1.5675807295914272,1.3412402646182693,1.0080577326015312,0.5789511081094165,0.15207587539382533,-0.1714521750382011,-0.5437882963429567,-1.0444730547497427,-1.524813760362971,-1.978953532087156,-2.4371203214195303,-2.77050152110184,-3.1788710833711766,-3.6300010039306265,-4.066088471522443,-4.460044401590527,-4.76008601140003,-5.031027671329198,-5.321682627578914,-5.624105698791141,-5.958766014329932,-6.277120736592066,-6.479872614879321,-6.653135038580838,-6.901168898331632,-7.284398819672671,-7.520616305313653,-7.6943624354254885,-7.796056406479416,-7.817682975050542,-7.8657807871105545,-7.9238075121488185,-7.901737194735963,-7.796212533717352,-7.631401750205706,-7.272930747597364,-7.026586599249289,-6.851497894347958,-6.642465700206952,-6.294709979590524,-5.92180057006608,-5.5722575917257,-5.222079659885996,-4.914848093095494,-4.575505795097762,-4.1394654978675325,-3.6865937903260133,-3.2190527100737416,-2.787182049140652,-2.420985300482626,-1.939204400144842,-1.462764827065462,-0.9306351365026186,-0.3570105572486127,0.07641503428355637,0.4814215736419284,0.9762227006808359,1.4412178035535865,1.7872648595849325,2.0426019479276882,2.300686076700434,2.5367320507229243,2.664278117988567,2.7897433775993505,2.8203054954483964,2.8747438656841053,2.8690065827358575,2.9019468325800326,2.9016790788846745,2.9406978672335247,2.845798637661052,2.7619712482077703,2.575365974750828,2.2799100183100713,1.9897797850135066,1.7302952156690816,1.3520167796207536,0.9267303591521638,0.4793092444351809,0
0,0.5457169738153727,1.041707819532244,1.4993235215681924,1.9107201760951082,2.211499983345008,2.51867926324628,2.8294134162161146,3.015202391749969,3.0820852069576565,3.1401153903171566,3.049523324046719,2.9824096927088117,2.8694939317610526,2.8042700057867544,2.6919002411656328,2.6240274812006965,2.4480487911822872,2.3015852324150505,2.0651908628074076,1.8056061466618287,1.562000806497171,1.2209413368939452,0.7935174907731171,0.3573755249403437,0.01958851781497302,-0.3690241026741213,-0.8767009226440392,-1.3452729513891395,-1.787777232486009,-2.234849838812405,-2.5654450052398134,-2.9731729624526895,-3.4233519651099047,-3.869922185089096,-4.27960983091861,-4.608247126434648,-4.913444020941044,-5.224021299036806,-5.537697610562717,-5.888429069735819,-6.237438986296885,-6.472745935100227,-6.69359966198816,-6.974055083355426,-7.38295840334309,-7.636565272342093,-7.824985517266954,-7.949566700659377,-7.986613610859206,-8.03265863870356,-8.069479537678518,-8.02029422467164,-7.896116794862997,-7.713615951358138,-7.33197353681568,-7.0554780833639485,-6.83546624912496,-6.593923734097755,-6.2153481757241344,-5.82621300756156,-5.469526437732341,-5.104669774705456,-4.769904516517397,-4.406985054577691,-3.960205399021255,-3.4986149132759747,-3.0323596698935136,-2.599486346503725,-2.2317929840780915,-1.757133714351464,-1.287154778115559,-0.7602968135586223,-0.17328499969831576,0.279165527856576,0.7006401050797689,1.2084652030896008,1.6745862334710069,2.029264704636787,2.300686076700413,2.5846608552022543,2.83765231351229,2.9781649528264915,3.1067195141287685,3.123168054810658,3.167894819142472,3.1463737251800357,3.164669018189535,3.150653892393415,3.165801782164422,3.047268643712651,2.9345521820324487,2.729214423959055,2.400893005242408,2.075416188210496,1.7968756108460873,1.4046605104641574,0.9646920041845768,0.5053868205709998,0
0,0.5635357335926748,1.0821878803809741,1.5588994623350259,1.9877235323416527,2.311907454619684,2.6414350750159454,2.9827604073540672,3.1979227593414365,3.2960062568995214,3.3820542143669017,3.320143033543834,3.2686242995438213,3.1658409172790565,3.109552557827613,3.0058753510849336,2.938538944286255,2.7519732059983517,2.5799747195608402,2.309560852188547,2.0314853534829327,1.787367122897007,1.434288069574488,1.0035383347503493,0.5574772142397263,0.21119596386746023,-0.17189936631914404,-0.6728823094354415,-1.1193332904619708,-1.550080222739591,-1.989840514017756,-2.326884840379397,-2.7362876799735814,-3.1906708257026057,-3.646086211809167,-4.075983527613734,-4.431095153183463,-4.765228446368657,-5.090409473249902,-5.417722991275169,-5.799241234090834,-6.187793185800314,-6.4549875565107655,-6.717450496758552,-7.023712830842655,-7.455963013388297,-7.734170001974772,-7.9436370676484165,-8.091048258054045,-8.14122638929598,-8.186004388923273,-8.205674039471123,-8.128973384172408,-7.979912075996603,-7.77060549493687,-7.366958707734465,-7.067054540928618,-6.807984953752471,-6.53566841075282,-6.116923261451443,-5.697280339899181,-5.328544562063078,-4.953442832095453,-4.594430348565764,-4.209018663771512,-3.743766967823591,-3.2716273917139786,-2.800219662977338,-2.364213455196155,-1.9884976776145167,-1.518584624237987,-1.0564452689814035,-0.5455871513797265,0.03759200045477307,0.4848009400322683,0.9131701788804661,1.4314333884098258,1.9005330063069228,2.266109318428661,2.5367320507228905,2.8376523135122755,3.1175766097604973,3.2758363858860906,3.4061005479774877,3.414115792529662,3.441121243162039,3.4067770549779657,3.415505858033612,3.3880895838059937,3.3774775565020962,3.2355850993067734,3.0972823018807247,2.8711384190310976,2.5163406214921857,2.169025452689707,1.8684838817073444,1.4603398608055391,1.0019559130646198,0.5190632753945371,0
0,0.5632833951359414,1.0804168123965685,1.5476585989491738,1.9730161093843912,2.3037000701227264,2.6464326425921483,3.0039968241766806,3.2474003506952007,3.35947742709968,3.4762804200047306,3.4447212884306775,3.4172468254430366,3.314003526350639,3.2725121835676503,3.177353639487715,3.1138199623388183,2.9263880845996133,2.7399868954572217,2.442836257436756,2.1460316912229676,1.900486818305209,1.548976272556493,1.1245033285370702,0.6847755597151423,0.34457798376953547,-0.017675592494069605,-0.48194474911736757,-0.8812252966340653,-1.2768888317071894,-1.7007762958022745,-2.02842683148016,-2.425844623579077,-2.866599975544838,-3.3215002589034115,-3.768548483568167,-4.1488078160414466,-4.517267506165822,-4.87113969408045,-5.234294086978151,-5.6587987398241,-6.10272441618949,-6.423679895389654,-6.742820622870559,-7.097496616392993,-7.568335915991301,-7.878458453995516,-8.122422439405572,-8.298485981273403,-8.362715675899969,-8.40572500113069,-8.405798267943757,-8.294957881906898,-8.10502013273895,-7.858708481342524,-7.413230543411268,-7.06464101375167,-6.74875341404259,-6.424288228944359,-5.950133347535656,-5.490714409921812,-5.091529089902193,-4.695612994665774,-4.30910489410901,-3.90471118664417,-3.425906581771007,-2.956393824357318,-2.497973841575866,-2.0743828584936512,-1.7061844907635972,-1.2475690923246154,-0.8160944205463406,-0.34488167832972244,0.20615451765998752,0.6354317920904549,1.0586133900091537,1.5697719343849408,2.031417526120788,2.3932098397632884,2.664278117988586,2.978164952826452,3.275836385886121,3.4377269890066806,3.5561979331833236,3.550413391397856,3.561206176644113,3.5078438208452476,3.5168225252352032,3.468795318476102,3.435924958681235,3.2751125299618526,3.1296952840872208,2.881551593188597,2.515645311080569,2.1586626844859027,1.8530389198511847,1.446434458397708,0.9964977492082514,0.5154099640398644,0
0,0.5569773758404932,1.0654790064538178,1.5201000605989647,1.9481092537833549,2.273906741833274,2.624585828273556,2.987547411278862,3.2525905040585315,3.3945034733539763,3.539368527133187,3.5298317156398418,3.5184168568314713,3.4201230573025443,3.397564737101829,3.304410347912486,3.2532485432064675,3.065073385144695,2.8802216415386734,2.5703806748484195,2.2651606959063932,2.0157776843313804,1.6636682169790917,1.2503440340683254,0.8159936662432226,0.48665652869028925,0.13958357471267188,-0.3023995219002117,-0.6765277400101838,-1.0536562447696654,-1.475755654957126,-1.8008520398153463,-2.192399884603605,-2.6160503765056697,-3.0666729190598763,-3.523512940984468,-3.9262604905360656,-4.328442870143486,-4.708357502663456,-5.0916724078094155,-5.549760970172719,-6.030776587060089,-6.3926349685959964,-6.765508813493098,-7.157154497357321,-7.657328657500061,-7.985662745932604,-8.243658414947092,-8.434483403213637,-8.512897730996304,-8.55592811603455,-8.539725755579576,-8.410473855663993,-8.201394802377,-7.935226992133524,-7.456796377085622,-7.071566184196429,-6.700839276221657,-6.334199747580923,-5.822890387608464,-5.3296664840773165,-4.913894635755136,-4.495636048393532,-4.0803006268586275,-3.6569633241031427,-3.1696757063096124,-2.7070264439373313,-2.2641400673829155,-1.8453012496547716,-1.4769765905232919,-1.0162171087501133,-0.5995788660772057,-0.1489543440933931,0.38327931816080085,0.7978932752505272,1.21048752773649,1.7121249963682774,2.1607578003930694,2.5188047970340173,2.7897433775993754,3.1067195141287423,3.406100547977402,3.556197933183278,3.664727690460851,3.6360148097326244,3.6373238157796717,3.5595081022227837,3.5644121847477175,3.5047765824220236,3.4572079169491525,3.2780585566012643,3.111188802439745,2.8479248964982267,2.480109249716735,2.118638731296554,1.819796661838954,1.4112908230293948,0.9756094678412337,0.5033540822941059,0
0,0.5254987144056065,1.0014252044183738,1.4366213930542726,1.839592831942097,2.1552681646852982,2.499942250791706,2.8591860740884547,3.1262506420583778,3.291727216200986,3.4601715282907657,3.4683482125257195,3.469288398994975,3.3870337887701054,3.3764668727771587,3.290016635629164,3.257279560321109,3.0802878031066867,2.8991438413587187,2.5889063275225106,2.29297310732286,2.057683218959547,1.7194040026512478,1.3170141315039,0.9007512613454949,0.5900633358058511,0.2610968778317853,-0.14545573816584317,-0.48394841972180513,-0.8283250538846393,-1.2278906155177096,-1.5301471419133976,-1.9094478025250292,-2.3102568228227054,-2.7432882591251238,-3.198180620553731,-3.6176111136309186,-4.03603773517451,-4.428768036631087,-4.8269463147642595,-5.315029206360882,-5.838851882354182,-6.242614447954036,-6.656447301659142,-7.084415525203623,-7.623762774345454,-7.978713312003121,-8.267131372897198,-8.487515777006998,-8.582623705446009,-8.62545808114834,-8.588154460162434,-8.42516657390351,-8.180401832675814,-7.884714329767836,-7.366624420917429,-6.944160627225007,-6.532605232813366,-6.12318597112958,-5.570720617196349,-5.047528375641368,-4.620709875952696,-4.191848715049274,-3.764650732220436,-3.3252062406540572,-2.841662401778977,-2.3950788999432113,-1.9735069028269183,-1.5674194259537109,-1.2191654014899886,-0.7784670370097042,-0.3907403514102002,0.026239984620094314,0.5248210992715173,0.9198280078315023,1.3105740164468922,1.7894946130223974,2.225815213000756,2.5673468547559772,2.8203054954484204,3.1231680548106526,3.4141157925295804,3.550413391397782,3.6360148097326266,3.5802796272231494,3.568509492623697,3.4753692133335865,3.4640344809169448,3.39543741119981,3.3411998895817407,3.151760339383453,2.9700182062800287,2.709346338764656,2.349843918660649,1.9990491372523738,1.712191295235807,1.326497830680872,0.9089590258791553,0.46896592703636975,0
0,0.5025673071700961,0.9464544634530605,1.360593200281761,1.7455237069723855,2.055180297917483,2.398080881435328,2.757784135601,3.0406604423754793,3.2216438687245685,3.408491333944143,3.437957500785587,3.472940648144628,3.3971615471608114,3.3993827370522234,3.3212817253046256,3.2977574970564922,3.123239626091582,2.9509805779211606,2.6510941881630963,2.3580404139991926,2.132654900453662,1.8003277959737043,1.4106431807886683,1.0049444674832242,0.7091101122536022,0.4007150580163304,0.018336286535837316,-0.2854165812164425,-0.6103087983569786,-0.9922523648051683,-1.283584506646893,-1.658941827185877,-2.032217893399648,-2.4371063557212618,-2.877757189636528,-3.2932042575116474,-3.7154971623620243,-4.127441033401066,-4.547134366098712,-5.073726610992872,-5.64125067769486,-6.0870021771850675,-6.541700349424471,-6.997398693240353,-7.565828908712612,-7.941277970336332,-8.245283786643718,-8.48474229368675,-8.58864692810293,-8.631509408528926,-8.584379568900406,-8.399901268689769,-8.135841391750471,-7.815043022024169,-7.265500475674836,-6.815854826629712,-6.3638834620087,-5.913255676551502,-5.314785626249293,-4.752665623237064,-4.3034626455620515,-3.8580126293557404,-3.4290915847499557,-2.9936678615616588,-2.523366963679852,-2.1030032535519414,-1.7085720631694783,-1.3061172081126635,-0.96911638485068,-0.5457113606892493,-0.17501232943241127,0.20778136279262116,0.680279698187588,1.0519079709359314,1.422978094937603,1.8837951043889596,2.3038353517756347,2.635414544815745,2.8747438656841307,3.167894819142446,3.441121243162064,3.5612061766440646,3.6373238157795758,3.5685094926236025,3.545528265722874,3.4387913560219867,3.4231432984999643,3.3255083964467436,3.2581080985571838,3.0589357585538313,2.8691594423948947,2.5984273739489603,2.24181813020966,1.8959092422653272,1.6171449431357559,1.248222320172879,0.8529140697426411,0.4451687313748924,0
0,0.46657387841093617,0.8841678831011925,1.272965270122029,1.6229217413850023,1.9119496499245643,2.24460630448607,2.600134470655743,2.8792690685742124,3.0623519027132433,3.25317722741469,3.3071153592137468,3.371876863771835,3.319355191025506,3.3390061099666246,3.274554232869056,3.2653938446860358,3.1095162679151933,2.94773750500318,2.6535643211615634,2.3718870735411306,2.166507256230687,1.8467255389280264,1.4769722219207757,1.0969582930198372,0.8200877369271593,0.5342589472135416,0.1656780841039752,-0.10905197004979741,-0.40054072202869423,-0.7581586539788926,-1.0456196037762535,-1.4208256289528987,-1.7716500529853518,-2.148940668493445,-2.5668069432348974,-2.966561220957729,-3.389537659046528,-3.8041775891700573,-4.235067362240456,-4.78293447115073,-5.384824796697773,-5.866868206695846,-6.3683082349022495,-6.856829390812133,-7.44775112642443,-7.845920597554849,-8.165404501006957,-8.433213110496622,-8.559638176006459,-8.602553577241952,-8.531756757886026,-8.317972296814967,-8.035830699182162,-7.6880506316536374,-7.113753086038439,-6.630022739887165,-6.129263822095044,-5.639570330380184,-5.004806749950083,-4.419097297243586,-3.9594683272955558,-3.5140539504212622,-3.085193202572507,-2.664466894247778,-2.2152717895686673,-1.8221279272393516,-1.451663179087795,-1.0513188512773404,-0.7196239855345768,-0.3214354523520453,0.014347017941214693,0.36496764595892645,0.8176083666543987,1.16394182801363,1.5109059380649106,1.9396966488314105,2.3371171664717574,2.6535526649031134,2.8690065827359392,3.146373725180141,3.4067770549779604,3.507843820845256,3.5595081022227837,3.4753692133335354,3.4387913560219205,3.3161350895430477,3.279140073683323,3.1587913857777914,3.0762734966858956,2.8837471007530047,2.7005998663351245,2.4386284746219133,2.088991514693024,1.757377089391176,1.5021839125616763,1.1656864032206267,0.7936070595613929,0.4104173709862929,0
0,0.4380899511805653,0.8368797822509267,1.1977862866869782,1.5288497127672593,1.7985343224667507,2.1255867044275902,2.470964049103402,2.756890127050731,2.9440153108077367,3.14097307573067,3.223919892372914,3.333339987269302,3.310943522239768,3.353650286379411,3.295507720911987,3.3020044998770737,3.147680197297562,2.982937456873036,2.6972064778921836,2.4276897602770355,2.2219184610814335,1.905861092801778,1.55123501007839,1.1780749144118399,0.9208028921428805,0.6566544374736478,0.3042823838079673,0.04913055641908926,-0.22200685813048335,-0.554717081388504,-0.8429198180850876,-1.2252918962194521,-1.552404264444844,-1.8842072713384346,-2.262876589455684,-2.637565354700529,-3.039557245262088,-3.441180166616197,-3.8730030699437537,-4.426427005544744,-5.042070869212027,-5.547043832445624,-6.0722017908643675,-6.575546060302434,-7.177464149355873,-7.576450316126129,-7.89497137208175,-8.177974676931875,-8.318101004645914,-8.362899974149519,-8.280243003872592,-8.050999729971812,-7.76722180881476,-7.415495544489896,-6.829055090485915,-6.331052540953982,-5.802163943946151,-5.285959158069625,-4.634603296807974,-4.040497640074699,-3.5756549390305494,-3.143221675790703,-2.7350269424327753,-2.340222281183648,-1.9308382361308318,-1.5842621352065438,-1.238182481619476,-0.8337528713998116,-0.5039953335206072,-0.13310694380361834,0.17771452054789183,0.5055426391100638,0.938540695494336,1.259702891498888,1.5830180277597596,1.9972343722369685,2.375745761737655,2.688547816283321,2.901946832580104,3.1646690181896435,3.4155058580336233,3.5168225252352494,3.5644121847476957,3.4640344809168986,3.4231432984999355,3.279140073683354,3.2148469643808517,3.053705501868937,2.9487477708665746,2.757901090440404,2.573377410990069,2.3055746041346,1.9678321473392177,1.6441963637685408,1.4100173551347268,1.0910703498854746,0.7451815060006485,0.38167911745784494,0
0,0.390319453140959,0.7361518706531597,1.048483981279412,1.3444920469609043,1.602462112216516,1.9118650498803766,2.240506849883067,2.520245043446729,2.7100476319266265,2.924188041398616,3.0409278530381125,3.2043845704641756,3.2267365049787924,3.2964683182782295,3.270336128418903,3.2835537117190765,3.1382091725212793,2.9920062373844076,2.7160348363674114,2.4540588137639086,2.2536471293150866,1.9532107635293439,1.6116973651393895,1.2428902635067176,0.981225414309475,0.7189519052398924,0.38570709541392634,0.1418156993663862,-0.10813715820629859,-0.4255372550142886,-0.7088405159494223,-1.095042099768856,-1.4017396455880864,-1.6992596794947727,-2.050391878681267,-2.392130164282942,-2.7695968625688607,-3.1542634750056733,-3.570983457995918,-4.119867071917535,-4.733637284727415,-5.240945470530844,-5.776196126405559,-6.276357748923951,-6.874133369108267,-7.277724961209751,-7.604065753791823,-7.895876096797405,-8.047164570698524,-8.092927134669013,-7.99983086828688,-7.761430125745293,-7.466866441047747,-7.107918714021382,-6.524790842938124,-6.028077740527499,-5.486342577553501,-4.962874712079467,-4.312499960181988,-3.722344171599407,-3.2718214621967627,-2.854600421512646,-2.471940326970773,-2.109670591314957,-1.7278748642004047,-1.4149991649541263,-1.090932916580308,-0.6852636181879399,-0.36290559013266144,-0.009757674262553825,0.27832510226690194,0.5906543720555086,1.0012741562440108,1.3162685612882012,1.6386724671691573,2.0434794874338142,2.4048036089509948,2.699731132400293,2.9016790788846873,3.150653892393434,3.388089583805991,3.468795318476143,3.504776582421986,3.395437411199728,3.3255083964467467,3.1587913857778287,3.0537055018689134,2.8456035652976825,2.7160167106784447,2.5171397059444796,2.336930761589495,2.078219125399778,1.761472710950321,1.4594171705822014,1.2361986419076125,0.951662945997776,0.6522642034661215,0.3389536769458474,0
0,0.3508830827452738,0.6678483717226054,0.9479073790115367,1.2180385857550085,1.4620122807111238,1.7663747369458238,2.087888022094781,2.369647246092545,2.573589199303958,2.7937003129217945,2.930664395121141,3.1234804179800735,3.173940416144104,3.262100398133068,3.2528484343234068,3.275292507324836,3.1435891173179384,3.0189559181292056,2.766675050113123,2.5242447643852572,2.3227457851366418,2.026982592272682,1.6989223137722178,1.3421335009845334,1.0843111471428872,0.8273228595332144,0.5083815574538355,0.27524980452031933,0.030032251647498395,-0.27904845057303607,-0.5634971141197747,-0.9530978796963081,-1.2520326517646239,-1.5227957496076114,-1.8505286097472606,-2.1660245179707247,-2.529869370713989,-2.907306057781643,-3.317268068358749,-3.86323539716695,-4.4643152667205115,-4.972423379613831,-5.509040722729628,-5.998215091765879,-6.583538421042344,-6.984299223422119,-7.309082754490164,-7.596321340218259,-7.7564806874613135,-7.803130571721781,-7.703334804150206,-7.469705444287191,-7.1737879179414845,-6.814338920607797,-6.241580825346218,-5.754977329937005,-5.207766979527938,-4.68043194593116,-4.041222609675981,-3.451395813018232,-3.0053149410832196,-2.5941752385379893,-2.224936357096561,-1.8886129836421763,-1.5309653333314417,-1.2468382219328358,-0.9315786527284435,-0.5263763511222898,-0.2074821459509827,0.13393847002944242,0.41534996515462747,0.7124235102363352,1.1046974545043702,1.4106106018108815,1.7241322524122666,2.111509245195818,2.4541155616158985,2.7423893133160178,2.940697867233473,3.1658017821644107,3.3774775565020723,3.435924958681239,3.4572079169491237,3.3411998895817585,3.2581080985571083,3.0762734966858294,2.948747770866541,2.7160167106783937,2.573664332216554,2.3766975430181656,2.188656189852178,1.931082406780559,1.6238692344288208,1.3294642930398513,1.1204619425843607,0.8602950956706665,0.5896861055315383,0.3038194373374526,0
0,0.3187178526095268,0.5963731804524782,0.8407600216135707,1.0788017510614611,1.3030728884422962,1.5892434903902972,1.8939693406535598,2.173546902131962,2.3751906855195695,2.595219179829218,2.735123924089595,2.9415481016685505,2.9952532094769544,3.0837213146072036,3.0906007388265193,3.126049765001348,3.0166406165038944,2.912575739933824,2.6837182982108914,2.462065909488288,2.2917164798488012,2.029915997179108,1.733755853419432,1.4075508024705614,1.166062643072664,0.9283169977453734,0.636274601484201,0.41976342479938594,0.19856044605017145,-0.08949790020230576,-0.3596545225658725,-0.7398500401851189,-1.0193488462313882,-1.2647562930503267,-1.5671485431729484,-1.868741261517861,-2.2261388151675034,-2.604304429967319,-3.018504100602939,-3.5707350951247827,-4.188844239388682,-4.711701375742898,-5.256364982508995,-5.750117797205995,-6.323216999234726,-6.722613658397657,-7.051919877081583,-7.351108809536032,-7.528309633168358,-7.574387275092603,-7.4569035144279,-7.208464241124744,-6.906092924495554,-6.544149412171369,-5.980549070208683,-5.485461768846324,-4.92493121757852,-4.3791835903320795,-3.7229940276423066,-3.1279025670889933,-2.678754725484526,-2.266835060920055,-1.9022014337152755,-1.5816957221190164,-1.251480000359067,-0.9946518764282825,-0.703476938805303,-0.3105735982049628,-0.010701404911745838,0.30346198975324024,0.5546305594929987,0.8296199210510022,1.1888154551695214,1.4711950666158726,1.7643733642865433,2.117330345659584,2.4260562614657353,2.6797493853080665,2.84579863766097,3.0472686437126555,3.2355850993067543,3.2751125299618216,3.278058556601156,3.151760339383447,3.0589357585537815,2.883747100752974,2.7579010904403645,2.517139705944431,2.376697543018176,2.182709112795097,1.9989792168052811,1.7447840561793917,1.4558881204001406,1.1818645114874675,0.9918593055124143,0.7614968707852005,0.5241977846987083,0.2750853371820035,0
0,0.27216785272693367,0.5134997565807154,0.7220419622341403,0.9293301729485132,1.1255281098868486,1.3907947138987506,1.6848410027973382,1.9618257000105837,2.1814253278823155,2.3992720370859715,2.550558430130708,2.757339514911825,2.8213563498319174,2.910925675984953,2.9312645584867436,2.9894572290773445,2.907317405377355,2.8128185027081827,2.6111243464304033,2.4179268508986183,2.2626184182798026,2.016856367981321,1.739250916810887,1.431478898202727,1.2074533907766607,0.988662474180012,0.7107576986956528,0.506597735436007,0.2852129372893629,0.012811736476771226,-0.2480877091022488,-0.6079338214195117,-0.8660702756717412,-1.080558272651458,-1.3533605653573335,-1.6457559171324165,-1.9977517775457434,-2.3664307548132886,-2.782600003891971,-3.331229393707808,-3.9441955391344523,-4.474249982656389,-5.015401597312342,-5.5061873296072825,-6.060300154768003,-6.450454974818749,-6.77115917909521,-7.061296097219031,-7.239073203989825,-7.285135127819197,-7.167282266609465,-6.9260601486241224,-6.631616924514218,-6.273394283717488,-5.7258277979632775,-5.231130018995202,-4.671396350791966,-4.117698996929066,-3.4666651609330996,-2.8750243737955175,-2.422736038377612,-2.020560998477252,-1.6590477891473776,-1.347589562531919,-1.0498550518270242,-0.8249622624473452,-0.5545611351288269,-0.18457357665920454,0.10112663663706246,0.3947873974835845,0.64058738702207,0.8972252478621635,1.2336611595748381,1.4934853403254547,1.7632090616012506,2.09128161261668,2.376488779866995,2.6126689915038357,2.761971248207781,2.9345521820324034,3.0972823018805977,3.129695284087179,3.111188802439701,2.9700182062799785,2.869159442394819,2.7005998663350606,2.5733774109900542,2.336930761589497,2.188656189852167,1.998979216805313,1.7975399129544443,1.5451786112324792,1.2665333788335675,1.0141652769092533,0.8514999793987685,0.6487257986065765,0.4447653723540624,0.23079896328971103,0
0,0.2166495136779762,0.40652985911333206,0.5713667633172854,0.7360233635069706,0.9112581764464577,1.145052819257277,1.4198054745909334,1.6868238242769105,1.903997211278061,2.1197017641113787,2.273466871927384,2.4767115522556677,2.5539945662677783,2.644614564351874,2.6846654425602856,2.7500342946415026,2.690730557820959,2.620298870917177,2.4420232485482765,2.2693744847214345,2.1459397488639227,1.922530356824042,1.6664139338296855,1.3940246132026808,1.1857544008909442,0.9828635146908602,0.7279697404139742,0.5382465615383447,0.3345845547320791,0.08745873087006573,-0.14983587610195004,-0.47463697181116427,-0.7088184510491554,-0.8959110843720368,-1.1402987151352344,-1.4112068658418262,-1.7420927273926257,-2.0957955323153294,-2.489798971311736,-3.0189585718996907,-3.614144324243686,-4.1254218983677715,-4.644964972743106,-5.11816348158348,-5.641222619943026,-6.016498059107514,-6.324998657561635,-6.599363909522016,-6.765945255484915,-6.809994297505288,-6.702984807265535,-6.475346443692438,-6.192444488806592,-5.845375881854833,-5.325868497235482,-4.845436042793784,-4.307973234981425,-3.7728674691952966,-3.140020043580299,-2.569492842678983,-2.1397915277399266,-1.7542130984572983,-1.4126260607758034,-1.1215674055784484,-0.8528120312139419,-0.6549304965830614,-0.41072274969357636,-0.07760650327281533,0.17905123381378324,0.4441044323923905,0.6688320546813217,0.9038860860946786,1.2094591525416032,1.4473725082876638,1.694746895930751,1.9833368894981753,2.2429744345631617,2.4569363870905474,2.575365974750898,2.729214423959073,2.871138419031029,2.88155159318854,2.8479248964981574,2.70934633876464,2.598427373948898,2.4386284746218645,2.3055746041345375,2.0782191253997464,1.9310824067805559,1.7447840561794798,1.5451786112325319,1.2992379205110953,1.0388323347458948,0.8185209389501568,0.6744819600172322,0.5101560739742643,0.3451961103271238,0.1788392544008607,0
0,0.1681798644773752,0.30912063163631354,0.42722508400643366,0.5563665731999686,0.704965507804778,0.904012372967839,1.1357014583496199,1.3822646706136,1.5877819479899973,1.7840856670555072,1.9300167314130325,2.1176167561799026,2.192755871542698,2.285436583974736,2.331473326047679,2.396916007620218,2.349345043309745,2.297476964406546,2.1523763323066807,2.015095859811105,1.9197044976343522,1.7355098092196766,1.5221472434208927,1.2939109198921621,1.1158869783557566,0.9388648804584779,0.7296054126130452,0.5660690561899885,0.38243598655744104,0.16439392615236137,-0.04293370425227994,-0.3300230525176834,-0.5329566881903454,-0.6923426928288734,-0.9125306971008206,-1.165779430672231,-1.4765206145186385,-1.8114670504987478,-2.178613509596002,-2.6779635315669585,-3.234583962695255,-3.713620196745899,-4.196717660131374,-4.644389474698217,-5.13348347669547,-5.477835514192673,-5.761927865767382,-6.011208075830756,-6.15986374537473,-6.201376696189379,-6.109974230109876,-5.903378783645908,-5.641474150049978,-5.321270275861812,-4.832932978314166,-4.376510057986496,-3.875856454246975,-3.3735082830820757,-2.78118396705867,-2.2424651572279273,-1.839930125110086,-1.4749049871341553,-1.155222393006644,-0.883784177370239,-0.6426375854438771,-0.4758677749877423,-0.26527966081518084,0.02705640313742218,0.24769491392217247,0.47815675001146446,0.6775694575324621,0.879793847950968,1.1347979530353505,1.3412724996265353,1.5528125522627894,1.7941976504897372,2.0100678824272267,2.1877386228832445,2.2799100183100323,2.400893005242426,2.516340621492193,2.515645311080531,2.4801092497167128,2.349843918660643,2.2418181302095554,2.088991514693034,1.9678321473392082,1.7614727109502932,1.6238692344288224,1.4558881204001952,1.2665333788336317,1.0388323347458652,0.8213165559584819,0.6334396189251218,0.5099820985966224,0.3778573475109317,0.2569879134357175,0.13689269952334915,0
0,0.11678500701871128,0.22197459759445376,0.30519364398359666,0.4035056881425079,0.5226845483909455,0.6918174015226809,0.8904369596108669,1.1015845408074583,1.2855018597427363,1.4623539391904055,1.6041169695231274,1.7766513503901435,1.8527242116744362,1.9409221874513538,1.9913131315496386,2.0541885715279413,2.0218958220308845,1.9854779297275602,1.8664275030237647,1.7687252640915156,1.6956674041699782,1.5460906377333703,1.3774926736605404,1.196685020233185,1.0486154540021473,0.8994019687615509,0.7365499714483755,0.6059910215810204,0.4551721163328332,0.26600259654607744,0.08700986423051033,-0.1622697899306352,-0.33707402400509157,-0.47618211696132423,-0.670869067942103,-0.9004754733351613,-1.1896093571587958,-1.49408290690424,-1.8304030249781817,-2.287684759085153,-2.7894117576902744,-3.2234734002684364,-3.6650724035748166,-4.071983897081999,-4.5041212730433235,-4.8101023003073315,-5.069531063905135,-5.293903653830508,-5.425272579891678,-5.462138218960334,-5.380594350062377,-5.193282367140206,-4.952307288170693,-4.666202381433817,-4.232723903705182,-3.8161367168634204,-3.3572723286227935,-2.9006020137311737,-2.3684806121547033,-1.875451021451542,-1.5086495363952668,-1.1775160051320144,-0.8823087284533482,-0.6394226960387541,-0.42991673671484937,-0.2875178395796315,-0.10711605617809203,0.14432121775681675,0.332737908993728,0.5301982812643287,0.6919173663823649,0.85372234924859,1.0563064122613117,1.2321585920892524,1.4100576091173453,1.6033192403440484,1.7758351919984994,1.9199574352442417,1.9897797850134635,2.0754161882105358,2.1690254526897323,2.158662684485865,2.1186387312965675,1.9990491372523451,1.8959092422652422,1.7573770893911422,1.6441963637685681,1.4594171705822667,1.3294642930399387,1.1818645114875548,1.0141652769093246,0.8185209389501715,0.6334396189251082,0.4760703983836404,0.37789295775298515,0.2748169206752287,0.18509480590202837,0.09360188241495722,0
0,0.08108516711717967,0.16425723576714577,0.22501998142227775,0.3095841741343581,0.40410162418526113,0.5446762131680462,0.720864834327625,0.9119495981283424,1.0664069327942993,1.2211546338272552,1.3482586066590674,1.5149691668172098,1.5808852372491773,1.6569260653535467,1.7100081415001283,1.7709468884301571,1.7452488507581967,1.7219286388128874,1.628594106240788,1.5522738198605415,1.4941893154819146,1.3703523464872545,1.241043099781783,1.0939023404415427,0.9709359325558614,0.8522361074804039,0.7221988155177477,0.6168280448602815,0.4852114854101281,0.32972478117089077,0.1845580247547851,-0.023006355810415213,-0.169726586265747,-0.28305273168995637,-0.4463873083553052,-0.6394539480120721,-0.8801284624130276,-1.1375656367847342,-1.4229654974131396,-1.808826354360487,-2.2287499957699373,-2.5934057151543985,-2.964305051266901,-3.302933700061537,-3.655630418608893,-3.90705780157386,-4.12624252443568,-4.310395087944401,-4.410538536367331,-4.441119899792244,-4.383289597169311,-4.230237386784388,-4.026968353797981,-3.7916191179350998,-3.4365164439674016,-3.090707244512944,-2.704189730965335,-2.3206183313089648,-1.873663991531685,-1.4583434140762896,-1.1465194690150067,-0.8687323937517449,-0.6242670651114555,-0.42202734958835164,-0.24526022455344182,-0.12901555128212097,0.02230087962923762,0.2309999746105446,0.3821381543452073,0.5437397894671421,0.6820182342599077,0.8114210222466527,0.9725774643478878,1.1121353453793763,1.2606380373122557,1.4192973205615178,1.553086009637577,1.673042618564614,1.7302952156692293,1.7968756108461539,1.8684838817074152,1.8530389198512442,1.8197966618390433,1.7121912952358438,1.617144943135827,1.5021839125617704,1.4100173551347652,1.2361986419076894,1.1204619425844218,0.9918593055125285,0.8514999793988884,0.6744819600172568,0.5099820985965574,0.37789295775300846,0.29952709194620614,0.21068460457003257,0.14232843596163428,0.06564196619345837,0
0,0.058647059431683524,0.11686239042538242,0.1558626496946539,0.20713447804647775,0.28134030564136997,0.3903478067508142,0.5328549420566012,0.6817715926232369,0.8045791966746272,0.9251803221945003,1.027590540835354,1.1621884088981682,1.218366853598126,1.2744488438431256,1.3220054855032815,1.3719236260916277,1.3605898181112028,1.3460299217987068,1.2754148096796967,1.2165839742167364,1.1767213931143778,1.0861066485467954,0.9900271667524955,0.8896774023308226,0.7966250044075339,0.7107065532778652,0.6185958268955744,0.5414438980397329,0.4412793764963841,0.33305321980469105,0.23449199393958123,0.08157588965458254,-0.0250962988294448,-0.10135362982829871,-0.22181991189933248,-0.3673872195151149,-0.5486684892304443,-0.7386785922631578,-0.9582010777483329,-1.2575973745722373,-1.5831482589487125,-1.8609996812874678,-2.142393076351974,-2.4094279298710446,-2.6844268475115465,-2.880841264958869,-3.0523251128862015,-3.1880214510027445,-3.257267285825473,-3.2806033776661727,-3.2439253738348297,-3.1331263480103573,-2.97367074525192,-2.7886083219342717,-2.512703529955697,-2.239703133112753,-1.9464766824980182,-1.6541894678438795,-1.3073920236498622,-0.9854458839403394,-0.7453895207301685,-0.5399405689796659,-0.35755460012517987,-0.20511263049417636,-0.07386686330888127,0.005428752648310001,0.1150713106599275,0.26706870075011035,0.3697546234040306,0.4817628384359232,0.5853619909401632,0.6797868122933762,0.7950122937322897,0.8964478490149929,1.007345472130295,1.1187175394794162,1.2201812008231676,1.3098308730650938,1.352016779620834,1.404660510464186,1.4603398608056068,1.4464344583977244,1.41129082302942,1.3264978306810133,1.2482223201730425,1.1656864032206702,1.0910703498855,0.9516629459978487,0.8602950956706853,0.7614968707852408,0.648725798606649,0.5101560739742753,0.3778573475109983,0.27481692067529623,0.21068460457010105,0.1531682729766027,0.10535718809986618,0.04937585812419709,0
0,0.040191897304275824,0.07538243342149385,0.10523154409917403,0.13798130081290477,0.18654845626050845,0.26133755585945295,0.3557697235704059,0.4633563428309754,0.5502726135473862,0.6289999899277582,0.6990307649276344,0.7891092393744359,0.8257825241760981,0.868568979500326,0.9043626657703551,0.947930881573438,0.9392242245759914,0.9255509503717146,0.8790824773340403,0.8394804763900758,0.8189159539622404,0.7606453053760519,0.7000354580483242,0.6331821391817941,0.5654338380711453,0.50355128099527,0.43797971756687376,0.37812858964404106,0.3117506727697487,0.24412947170214935,0.18183005927100507,0.08106439990616847,0.011624725787343245,-0.039913246718213585,-0.11831525160642094,-0.22044960119337823,-0.34128602559101734,-0.46293286369604214,-0.6044426355571693,-0.8108572668705647,-1.029425554201971,-1.2159611042609022,-1.4128998600503717,-1.5934839321641576,-1.778605566578287,-1.9144897351303904,-2.030197325356481,-2.1222740587072755,-2.1701669645690402,-2.185430074478884,-2.1603367542330716,-2.0859737657110133,-1.9790701550236722,-1.85124510780104,-1.665466358172262,-1.4812751254719727,-1.2764645574312496,-1.0792311813763673,-0.8461953790882164,-0.6240860013088416,-0.46801832774099467,-0.3356502819776975,-0.2134109006573553,-0.10581573297053264,-0.019484544933856436,0.03467060540528987,0.10404787562171394,0.20294803593768007,0.2670887075560189,0.3360985769497214,0.40429374038747284,0.4747119161843197,0.5549273735502228,0.6253778783063397,0.704208315956312,0.7781227253835624,0.8439240256367962,0.9026948632470507,0.926730359152192,0.964692004184624,1.0019559130646822,0.9964977492082834,0.975609467841268,0.9089590258791796,0.8529140697426902,0.7936070595614353,0.7451815060006515,0.6522642034661973,0.5896861055315822,0.5241977846988002,0.44476537235409647,0.34519611032716685,0.25698791343572686,0.18509480590207902,0.14232843596169448,0.1053571880998333,0.06934869626189386,0.0336799024341058,0
0,0.0270172753890276,0.037548794794725726,0.05071173380003649,0.06443473308916858,0.094282873288241,0.13883557137895663,0.18477238736694335,0.2402810669017474,0.2873172774940992,0.3227302304027639,0.3623800092854771,0.40275113406381285,0.4250882606138258,0.4521299760397751,0.4654670491827771,0.48790417384435275,0.48533416207976754,0.4800299668481457,0.46303821556574615,0.4374432922947878,0.4185494131763491,0.3956523805845219,0.3680992277914151,0.3350477902944074,0.2977994738584088,0.2598232949495743,0.22923410781520562,0.19792434511205848,0.16715672893076172,0.13877268606350354,0.11243979240059764,0.06490940753616836,0.030924445844359317,0.004267218433956519,-0.03323951768412256,-0.09039143165196022,-0.15349369098432697,-0.21666018377943222,-0.29084619682262336,-0.3890973271038757,-0.4974198515722104,-0.5995305991805355,-0.7059956011699222,-0.8035663146194464,-0.9003530043264,-0.968338812161924,-1.0318198590980054,-1.0833834103263091,-1.1057973496308917,-1.1131815951425976,-1.101268974446218,-1.059219729008682,-1.0006257821211426,-0.9360434267240801,-0.8386574660023582,-0.7387758693862948,-0.6290901732497844,-0.5213349487177702,-0.4062556746617701,-0.29944344180061505,-0.21850490301280084,-0.14993684239676444,-0.08601143000632841,-0.025476478437882904,0.014491461821161358,0.04212861086101798,0.07503919146401507,0.12042696973608463,0.14862170602860486,0.17720876123547116,0.20814433334227636,0.24412827382871993,0.2818402591686964,0.32385778980521734,0.367549995764036,0.40421949623931536,0.43402707465476514,0.45794192799906497,0.4793092444352434,0.5053868205710422,0.5190632753946307,0.515409964039938,0.5033540822941215,0.46896592703641593,0.4451687313749626,0.41041737098628983,0.3816791174577782,0.3389536769458328,0.30381943733744565,0.27508533718199224,0.23079896328968144,0.17883925440086945,0.1368926995233378,0.09360188241498224,0.06564196619346495,0.04937585812417485,0.03367990243414173,0.02387109525044815,0
0,0,0,0,0,0,0,0,0,0,0,0,0,0,0,0,0,0,0,0,0,0,0,0,0,0,0,0,0,0,0,0,0,0,0,0,0,0,0,0,0,0,0,0,0,0,0,0,0,0,0,0,0,0,0,0,0,0,0,0,0,0,0,0,0,0,0,0,0,0,0,0,0,0,0,0,0,0,0,0,0,0,0,0,0,0,0,0,0,0,0,0,0,0,0,0,0,0,0,0
