0,0,0,0,0,0,0,0,0,0,0,0,0,0,0,0,0,0,0,0,0,0,0,0,0,0,0,0,0,0,0,0,0,0,0,0,0,0,0,0,0,0,0,0,0,0,0,0,0,0,0,0,0,0,0,0,0,0,0,0,0,0,0,0,0,0,0,0,0,0,0,0,0,0,0,0,0,0,0,0,0,0,0,0,0,0,0,0,0,0,0,0,0,0,0,0,0,0,0,0
0,0,0,0,0,0,0.00000000000000000000000000000000000000000000000000000000000000000000000000000000008961061610372191,0.00000000000000000000000000000000000000000000000000000000000000000000000000000014035147254893917,0.00000000000000000000000000000000000000000000000000000000000000000000000000010582892065929051,0.00000000000000000000000000000000000000000000000000000000000000000000000005116577052351336,0.000000000000000000000000000000000000000000000000000000000000000000000017823206946228627,0.000000000000000000000000000000000000000000000000000000000000000000004765540321134805,0.0000000000000000000000000000000000000000000000000000000000000000010174509714707287,0.0000000000000000000000000000000000000000000000000000000000000001781613840918079,0.00000000000000000000000000000000000000000000000000000000000002608048561635753,0.0000000000000000000000000000000000000000000000000000000000032371476514378773,0.0000000000000000000000000000000000000000000000000000000003443518232530967,0.00000000000000000000000000000000000000000000000000000003165174674232288,0.0000000000000000000000000000000000000000000000000000025298095016560593,0.00000000000000000000000000000000000000000000000000017667074434972525,0.000000000000000000000000000000000000000000000000010819123393941494,0.00000000000000000000000000000000000000000000000058249024241767064,0.00000000000000000000000000000000000000000000002761747446619643,0.0000000000000000000000000000000000000000000011541329943014233,0.000000000000000000000000000000000000000000042516026067891854,0.0000000000000000000000000000000000000000013797572899306794,0.0000000000000000000000000000000000000000393923849680241,0.0000000000000000000000000000000000000009873072624141478,0.00000000000000000000000000000000000002165871639671197,0.0000000000000000000000000000000000004142497376695986,0.000000000000000000000000000000000006873710588016828,0.00000000000000000000000000000000009834032139227132,0.0000000000000000000000000000000012037802371466859,0.000000000000000000000000000000012488322952988598,0.00000000000000000000000000000010850946706057568,0.0000000000000000000000000000007780908901993302,0.0000000000000000000000000000045202790691756146,0.000000000000000000000000000020789725808386235,0.00000000000000000000000000007360532852896043,0.0000000000000000000000000001945988389031091,0.00000000000000000000000000037689774170149174,0.0000000000000000000000000005531295899593487,0.0000000000000000000000000006965525454428418,0.0000000000000000000000000008185220316431882,0.0000000000000000000000000009305565401548475,0.000000000000000000000000001034779527221255,0.0000000000000000000000000011282496203134132,0.0000000000000000000000000012066906447131295,0.0000000000000000000000000012660317198759748,0.0000000000000000000000000013030278420415382,0.000000000000000000000000001315598604643996,0.0000000000000000000000000013030277523885926,0.0000000000000000000000000012660306348207033,0.0000000000000000000000000012066796089722173,0.0000000000000000000000000011281561739868346,0.0000000000000000000000000010341322462904344,0.0000000000000000000000000009269735666089093,0.0000000000000000000000000008031718489480249,0.0000000000000000000000000006479262484818353,0.0000000000000000000000000004467545374803032,0.00000000000000000000000000023230631677407316,0.00000000000000000000000000008822378642406375,0.000000000000000000000000000024979031567954004,0.000000000000000000000000000005439543113223222,0.0000000000000000000000000000009373055232376448,0.00000000000000000000000000000013080995937733445,0.000000000000000000000000000000015063140444453224,0.0000000000000000000000000000000014525811010484704,0.00000000000000000000000000000000011870449936579387,0.000000000000000000000000000000000008299286484036002,0.0000000000000000000000000000000000005002701985661489,0.00000000000000000000000000000000000002616085733580638,0.0000000000000000000000000000000000000011927132647558486,0.00000000000000000000000000000000000000004759383122994382,0.0000000000000000000000000000000000000000016672008481783687,0.00000000000000000000000000000000000000000005137813802020589,0.0000000000000000000000000000000000000000000013948156030225466,0.00000000000000000000000000000000000000000000003337919087032722,0.000000000000000000000000000000000000000000000000704056908675388,0.000000000000000000000000000000000000000000000000013077820577023985,0.0000000000000000000000000000000000000000000000000002135647200972977,0.0000000000000000000000000000000000000000000000000000030582431772485583,0.000000000000000000000000000000000000000000000000000000038264783645472743,0.0000000000000000000000000000000000000000000000000000000004163127058115222,0.0000000000000000000000000000000000000000000000000000000000039137584232793704,0.00000000000000000000000000000000000000000000000000000000000003153262434961103,0.0000000000000000000000000000000000000000000000000000000000000002154119639039936,0.000000000000000000000000000000000000000000000000000000000000000001230213601756103,0.000000000000000000000000000000000000000000000000000000000000000000005762209952271285,0.00000000000000000000000000000000000000000000000000000000000000000000002155122082298102,0.00000000000000000000000000000000000000000000000000000000000000000000000006186911849698713,0.0000000000000000000000000000000000000000000000000000000000000000000000000001279695128738451,0.00000000000000000000000000000000000000000000000000000000000000000000000000000016971736701934757,0.00000000000000000000000000000000000000000000000000000000000000000000000000000000010836160146924408,0,0,0,0,0,0
0,0,0,0,0,0.00000000000000000000000000000000000000000000000000000000000000000000000000000000009985182937271868,0.00000000000000000000000000000000000000000000000000000000000000000000000000000016099055267604067,0.0000000000000000000000000000000000000000000000000000000000000000000000000001250689273803243,0.000000000000000000000000000000000000000000000000000000000000000000000000062356807768407304,0.000000000000000000000000000000000000000000000000000000000000000000000022421887954708056,0.000000000000000000000000000000000000000000000000000000000000000000006194846773301895,0.000000000000000000000000000000000000000000000000000000000000000001368183385735841,0.0000000000000000000000000000000000000000000000000000000000000002481249419111188,0.000000000000000000000000000000000000000000000000000000000000037665959964091767,0.0000000000000000000000000000000000000000000000000000000000048547163892885657,0.0000000000000000000000000000000000000000000000000000000005370427685618135,0.00000000000000000000000000000000000000000000000000000005141591571948137,0.0000000000000000000000000000000000000000000000000000042877245391637945,0.000000000000000000000000000000000000000000000000000313006629349391,0.00000000000000000000000000000000000000000000000002007775552910533,0.0000000000000000000000000000000000000000000000011347869858313494,0.00000000000000000000000000000000000000000000005662094791026523,0.0000000000000000000000000000000000000000000024968519171439653,0.0000000000000000000000000000000000000000000973507109261143,0.000000000000000000000000000000000000000003355028067723267,0.00000000000000000000000000000000000000010210553908428992,0.0000000000000000000000000000000000000027395728606051528,0.00000000000000000000000000000000000006464922302171746,0.0000000000000000000000000000000000013375545062765325,0.00000000000000000000000000000000002416358962112061,0.0000000000000000000000000000000003792302920322607,0.000000000000000000000000000000005138108783504836,0.00000000000000000000000000000005963491185296709,0.0000000000000000000000000000005873025510363124,0.0000000000000000000000000000048505733041968554,0.000000000000000000000000000033112489617624503,0.0000000000000000000000000001835050070201022,0.0000000000000000000000000008075270144340434,0.000000000000000000000000002748800072782061,0.000000000000000000000000007044575557596861,0.00000000000000000000000001340274679519274,0.000000000000000000000000019626840070616488,0.000000000000000000000000024755372910950768,0.000000000000000000000000029118899442555973,0.000000000000000000000000033110687761505,0.00000000000000000000000003681506585939606,0.00000000000000000000000004013429704102407,0.00000000000000000000000004291895945799183,0.000000000000000000000000045025269259947366,0.000000000000000000000000046338339218102913,0.00000000000000000000000004678448450763496,0.00000000000000000000000004633833456038018,0.000000000000000000000000045025215827723556,0.000000000000000000000000042918444106804975,0.000000000000000000000000040130154752486284,0.00000000000000000000000003678779975357075,0.00000000000000000000000003296706186992748,0.000000000000000000000000028532133653649805,0.000000000000000000000000022976471500343597,0.000000000000000000000000015875426517620605,0.000000000000000000000000008404417574945163,0.000000000000000000000000003293162004600986,0.0000000000000000000000000009698986621748955,0.00000000000000000000000000022076122552788153,0.000000000000000000000000000039879115442592506,0.00000000000000000000000000000584638379219857,0.0000000000000000000000000000007082847637977774,0.0000000000000000000000000000000719513028316405,0.000000000000000000000000000000006201428582988241,0.0000000000000000000000000000000004578379185060424,0.000000000000000000000000000000000029178849478268837,0.000000000000000000000000000000000001615471258467803,0.00000000000000000000000000000000000007809423368892482,0.000000000000000000000000000000000000003309756761785913,0.00000000000000000000000000000000000000012337063727359165,0.000000000000000000000000000000000000000004054163190938319,0.00000000000000000000000000000000000000000011764710416685982,0.000000000000000000000000000000000000000000003017639584826712,0.00000000000000000000000000000000000000000000006843532759824632,0.0000000000000000000000000000000000000000000000013716488822528773,0.00000000000000000000000000000000000000000000000002426981149517284,0.000000000000000000000000000000000000000000000000000378377275272522,0.0000000000000000000000000000000000000000000000000000051834225468094486,0.00000000000000000000000000000000000000000000000000000006215896391493149,0.0000000000000000000000000000000000000000000000000000000006492769326700487,0.00000000000000000000000000000000000000000000000000000000000586946499147338,0.00000000000000000000000000000000000000000000000000000000000004554031712884406,0.00000000000000000000000000000000000000000000000000000000000000030000516527114985,0.0000000000000000000000000000000000000000000000000000000000000000016542950948541164,0.00000000000000000000000000000000000000000000000000000000000000000000749046467945851,0.000000000000000000000000000000000000000000000000000000000000000000000027111849309140782,0.00000000000000000000000000000000000000000000000000000000000000000000000007540131800460325,0.00000000000000000000000000000000000000000000000000000000000000000000000000015123488531457834,0.00000000000000000000000000000000000000000000000000000000000000000000000000000019467486982293962,0.00000000000000000000000000000000000000000000000000000000000000000000000000000000012074578449430056,0,0,0,0,0
0,0,0,0,0.0000000000000000000000000000000000000000000000000000000000000000000000000000000001053991532267586,0.00000000000000000000000000000000000000000000000000000000000000000000000000000017478919741163948,0.00000000000000000000000000000000000000000000000000000000000000000000000000013978167082319944,0.00000000000000000000000000000000000000000000000000000000000000000000000007180351724111976,0.0000000000000000000000000000000000000000000000000000000000000000000000266251669554462,0.000000000000000000000000000000000000000000000000000000000000000000007593313064980189,0.0000000000000000000000000000000000000000000000000000000000000000017329071064421172,0.00000000000000000000000000000000000000000000000000000000000000032509584823707965,0.00000000000000000000000000000000000000000000000000000000000005111085206016252,0.000000000000000000000000000000000000000000000000000000000006831261018738872,0.0000000000000000000000000000000000000000000000000000000007847106757545677,0.00000000000000000000000000000000000000000000000000000007812647774270883,0.000000000000000000000000000000000000000000000000000006786015458787413,0.0000000000000000000000000000000000000000000000000005168606206886962,0.00000000000000000000000000000000000000000000000003465583599153176,0.000000000000000000000000000000000000000000000002051632995594081,0.00000000000000000000000000000000000000000000010746155790360581,0.000000000000000000000000000000000000000000004986801489820602,0.00000000000000000000000000000000000000000020516120061266645,0.000000000000000000000000000000000000000007483097762205641,0.0000000000000000000000000000000000000002418337190416855,0.00000000000000000000000000000000000000691613908141157,0.00000000000000000000000000000000000017470292705550201,0.000000000000000000000000000000000003887776978621062,0.00000000000000000000000000000000007596435690682506,0.0000000000000000000000000000000012977597316413189,0.000000000000000000000000000000019283776491563616,0.0000000000000000000000000000002476470134250231,0.000000000000000000000000000002727329910900639,0.00000000000000000000000000002551420960145377,0.0000000000000000000000000002004117792179334,0.0000000000000000000000000013031004056076265,0.000000000000000000000000006892431607678647,0.00000000000000000000000002903688313272317,0.00000000000000000000000009509588312129856,0.00000000000000000000000023643616492228967,0.0000000000000000000000004421666432001136,0.0000000000000000000000006459180198046058,0.0000000000000000000000008159060801971253,0.0000000000000000000000009606967792129241,0.0000000000000000000000010926296397684973,0.0000000000000000000000012147448871588312,0.0000000000000000000000013240546548772936,0.0000000000000000000000014157275358334518,0.0000000000000000000000014850576875160556,0.0000000000000000000000015282742532934757,0.000000000000000000000001542957453934163,0.000000000000000000000001528274030131154,0.0000000000000000000000014850552591204597,0.0000000000000000000000014157053117944853,0.000000000000000000000001323885008271853,0.0000000000000000000000012136832963187499,0.0000000000000000000000010873062301894893,0.000000000000000000000000939949202969666,0.0000000000000000000000007556722649011634,0.0000000000000000000000005233532880759937,0.00000000000000000000000028189531341607317,0.0000000000000000000000001138714331936777,0.00000000000000000000000003486206782533678,0.000000000000000000000000008289306889465077,0.0000000000000000000000000015690220286706452,0.000000000000000000000000000241509565519027,0.000000000000000000000000000030765173611237294,0.000000000000000000000000000003290166958153452,0.00000000000000000000000000000029886304646419056,0.000000000000000000000000000000023278672764216526,0.000000000000000000000000000000001566981233721026,0.00000000000000000000000000000000009174128287282484,0.0000000000000000000000000000000000046959973455462445,0.00000000000000000000000000000000000021105094163220745,0.000000000000000000000000000000000000008356081950760456,0.00000000000000000000000000000000000000029221371017632866,0.000000000000000000000000000000000000000009042824236739086,0.0000000000000000000000000000000000000000002479430899393286,0.000000000000000000000000000000000000000000006027107265493911,0.00000000000000000000000000000000000000000000012988727960681545,0.000000000000000000000000000000000000000000000002479915632498461,0.000000000000000000000000000000000000000000000000041892363518860555,0.0000000000000000000000000000000000000000000000000006248144048034144,0.000000000000000000000000000000000000000000000000000008203698195572413,0.00000000000000000000000000000000000000000000000000000009445146341844393,0.000000000000000000000000000000000000000000000000000000000948711572841566,0.000000000000000000000000000000000000000000000000000000000008259208941008671,0.00000000000000000000000000000000000000000000000000000000000006179630671326863,0.0000000000000000000000000000000000000000000000000000000000000003930715959102784,0.0000000000000000000000000000000000000000000000000000000000000000020952964757095072,0.000000000000000000000000000000000000000000000000000000000000000000009181437461551903,0.00000000000000000000000000000000000000000000000000000000000000000000003219438873325148,0.00000000000000000000000000000000000000000000000000000000000000000000000008682432116877231,0.000000000000000000000000000000000000000000000000000000000000000000000000000169025864678366,0.00000000000000000000000000000000000000000000000000000000000000000000000000000021136071479394555,0.00000000000000000000000000000000000000000000000000000000000000000000000000000000012745388363287284,0,0,0,0
0,0,0,0.0000000000000000000000000000000000000000000000000000000000000000000000000000000001053991532267586,0.00000000000000000000000000000000000000000000000000000000000000000000000000000017964426655920892,0.00000000000000000000000000000000000000000000000000000000000000000000000000014776853818099184,0.00000000000000000000000000000000000000000000000000000000000000000000000007813828351991694,0.00000000000000000000000000000000000000000000000000000000000000000000002985184818067597,0.000000000000000000000000000000000000000000000000000000000000000000008779465607417188,0.0000000000000000000000000000000000000000000000000000000000000000020681977575317064,0.0000000000000000000000000000000000000000000000000000000000000004009199707542918,0.00000000000000000000000000000000000000000000000000000000000006520313222996797,0.000000000000000000000000000000000000000000000000000000000009025641513138743,0.0000000000000000000000000000000000000000000000000000000010751230299776469,0.00000000000000000000000000000000000000000000000000000011114977938781317,0.000000000000000000000000000000000000000000000000000010039747732317281,0.0000000000000000000000000000000000000000000000000007964632343043463,0.00000000000000000000000000000000000000000000000005571818059741069,0.000000000000000000000000000000000000000000000003447918222407354,0.00000000000000000000000000000000000000000000018915979468157424,0.000000000000000000000000000000000000000000009214703202982181,0.0000000000000000000000000000000000000000003989320360309314,0.000000000000000000000000000000000000000015353264478565448,0.0000000000000000000000000000000000000005251110757966193,0.00000000000000000000000000000000000001594638737416961,0.0000000000000000000000000000000000004293277188488998,0.00000000000000000000000000000000001022624192549162,0.00000000000000000000000000000000021490086446187033,0.000000000000000000000000000000003970349857307154,0.0000000000000000000000000000000642094226012217,0.0000000000000000000000000000009041495181787123,0.000000000000000000000000000011014190288819547,0.00000000000000000000000000011517154239827144,0.0000000000000000000000000010240279535264071,0.000000000000000000000000007653687629283812,0.00000000000000000000000004742119377253168,0.00000000000000000000000023949756329641675,0.0000000000000000000000009664414973809498,0.000000000000000000000003047229502330832,0.000000000000000000000007356125830146543,0.000000000000000000000013530486633606275,0.000000000000000000000019711766581511188,0.00000000000000000000002493324334455433,0.000000000000000000000029388350803220286,0.000000000000000000000033432462638582486,0.000000000000000000000037165344299584666,0.00000000000000000000004050306224928844,0.00000000000000000000004330112829317379,0.000000000000000000000045416875443818545,0.00000000000000000000004673559262242917,0.00000000000000000000004718361844838488,0.00000000000000000000004673558275899806,0.000000000000000000000045416773566445657,0.00000000000000000000004330024318539276,0.0000000000000000000000404966431343122,0.00000000000000000000003712714444686425,0.00000000000000000000003325004919550858,0.000000000000000000000028709854833606736,0.000000000000000000000023045867729876387,0.000000000000000000000016002594894880847,0.000000000000000000000008764614538282849,0.000000000000000000000003646954143516208,0.0000000000000000000000011598538876529031,0.0000000000000000000000002879455277674043,0.00000000000000000000000005708412022250731,0.00000000000000000000000000922134105169263,0.0000000000000000000000000012345726433496233,0.00000000000000000000000000013891996994956686,0.000000000000000000000000000013290458726707348,0.0000000000000000000000000000010913443116831673,0.00000000000000000000000000000007752279168147447,0.0000000000000000000000000000000047945685018113095,0.0000000000000000000000000000000002595579427135245,0.000000000000000000000000000000000012353102820885373,0.0000000000000000000000000000000000005186847727135673,0.000000000000000000000000000000000000019267437292511523,0.0000000000000000000000000000000000000006345323184753549,0.000000000000000000000000000000000000000018554067215292297,0.0000000000000000000000000000000000000000004821352323330574,0.000000000000000000000000000000000000000000011137283352521633,0.00000000000000000000000000000000000000000000022863970575084897,0.00000000000000000000000000000000000000000000000416775378693273,0.000000000000000000000000000000000000000000000000067353790915986,0.0000000000000000000000000000000000000000000000000009628284418738682,0.000000000000000000000000000000000000000000000000000012137306794934968,0.00000000000000000000000000000000000000000000000000000013437639589646218,0.0000000000000000000000000000000000000000000000000000000012998285896233262,0.000000000000000000000000000000000000000000000000000000000010912352116204085,0.00000000000000000000000000000000000000000000000000000000000007883518424812984,0.0000000000000000000000000000000000000000000000000000000000000004847521379602276,0.0000000000000000000000000000000000000000000000000000000000000000025007121088436337,0.000000000000000000000000000000000000000000000000000000000000000000010615698308131152,0.000000000000000000000000000000000000000000000000000000000000000000000036096068019039335,0.0000000000000000000000000000000000000000000000000000000000000000000000000944844033215557,0.00000000000000000000000000000000000000000000000000000000000000000000000000017868384023794212,0.00000000000000000000000000000000000000000000000000000000000000000000000000000021723170520724203,0.00000000000000000000000000000000000000000000000000000000000000000000000000000000012745388363287284,0,0,0
0,0,0.00000000000000000000000000000000000000000000000000000000000000000000000000000000009985182937271868,0.00000000000000000000000000000000000000000000000000000000000000000000000000000017478919741163948,0.00000000000000000000000000000000000000000000000000000000000000000000000000014776853818099184,0.00000000000000000000000000000000000000000000000000000000000000000000000008037051941813432,0.00000000000000000000000000000000000000000000000000000000000000000000003160751693638761,0.000000000000000000000000000000000000000000000000000000000000000000009577402064742126,0.0000000000000000000000000000000000000000000000000000000000000000023266401376653824,0.0000000000000000000000000000000000000000000000000000000000000004655585656669832,0.00000000000000000000000000000000000000000000000000000000000007823730281013834,0.000000000000000000000000000000000000000000000000000000000011202930312740896,0.0000000000000000000000000000000000000000000000000000000013820774643509414,0.00000000000000000000000000000000000000000000000000000014816741540871543,0.000000000000000000000000000000000000000000000000000013897181544081589,0.0000000000000000000000000000000000000000000000000011464756607524565,0.000000000000000000000000000000000000000000000000083536703918958835,0.000000000000000000000000000000000000000000000005393390151687279,0.0000000000000000000000000000000000000000000003092898867810009,0.00000000000000000000000000000000000000000001578086275251266,0.0000000000000000000000000000000000000000007171738791260405,0.000000000000000000000000000000000000000029044330858365975,0.0000000000000000000000000000000000000010481312993862033,0.000000000000000000000000000000000000033684251198963697,0.0000000000000000000000000000000000009629388126156537,0.00000000000000000000000000000000002444507525611815,0.0000000000000000000000000000000005498034289567586,0.000000000000000000000000000000010923694320950265,0.00000000000000000000000000000019102474331280356,0.0000000000000000000000000000029270319616287054,0.0000000000000000000000000000390873236015399,0.0000000000000000000000000004519494514679458,0.000000000000000000000000004489462986797006,0.00000000000000000000000003795497836720442,0.00000000000000000000000027002465901603937,0.0000000000000000000000015947699710436273,0.000000000000000000000007693368156216866,0.000000000000000000000029749795689450187,0.00000000000000000000009036456960599304,0.00000000000000000000021196353356839543,0.0000000000000000000003836625857180084,0.000000000000000000000557276621978171,0.0000000000000000000007057603320288609,0.0000000000000000000008327444088762712,0.0000000000000000000009476001624647093,0.0000000000000000000010533098346134815,0.0000000000000000000011477117389214864,0.0000000000000000000012268144890919936,0.000000000000000000001286616180647413,0.000000000000000000001323886059689165,0.0000000000000000000013365476700248369,0.000000000000000000001323885657610954,0.0000000000000000000012866122366464371,0.0000000000000000000012267819485183442,0.0000000000000000000011474874649000463,0.000000000000000000001052040327125928,0.000000000000000000000941826020342674,0.000000000000000000000812241192107898,0.0000000000000000000006510840786307756,0.00000000000000000000045340253755300085,0.0000000000000000000002523725379031956,0.00000000000000000000010808944914322538,0.00000000000000000000003568831620790785,0.000000000000000000000009246578921077264,0.0000000000000000000000019192260341809276,0.0000000000000000000000003252624834666572,0.00000000000000000000000004575063705565994,0.0000000000000000000000000054143944586479305,0.0000000000000000000000000005452841796678006,0.000000000000000000000000000047174869793462105,0.0000000000000000000000000000035336004506090495,0.0000000000000000000000000000002306612661295534,0.00000000000000000000000000000001319271200032819,0.0000000000000000000000000000000006641087866007886,0.00000000000000000000000000000000002953116676391404,0.0000000000000000000000000000000000011634224338032755,0.000000000000000000000000000000000000040701335069634345,0.0000000000000000000000000000000000000012665871603564892,0.0000000000000000000000000000000000000000351005482480774,0.0000000000000000000000000000000000000000008667748997844002,0.000000000000000000000000000000000000000000019073865646427985,0.00000000000000000000000000000000000000000000037384971052902775,0.000000000000000000000000000000000000000000000006519497772340079,0.00000000000000000000000000000000000000000000000010098306594353576,0.0000000000000000000000000000000000000000000000000013859679043013627,0.000000000000000000000000000000000000000000000000000016800825035491337,0.0000000000000000000000000000000000000000000000000000001791309972340693,0.000000000000000000000000000000000000000000000000000000001670949640331291,0.000000000000000000000000000000000000000000000000000000000013544858175404238,0.00000000000000000000000000000000000000000000000000000000000009459486961233888,0.0000000000000000000000000000000000000000000000000000000000000005629088232538155,0.000000000000000000000000000000000000000000000000000000000000000002813210290722601,0.000000000000000000000000000000000000000000000000000000000000000000011580551738864484,0.000000000000000000000000000000000000000000000000000000000000000000000038219045120896885,0.00000000000000000000000000000000000000000000000000000000000000000000000009718373384351423,0.00000000000000000000000000000000000000000000000000000000000000000000000000017868398100009035,0.0000000000000000000000000000000000000000000000000000000000000000000000000000002113608754176778,0.00000000000000000000000000000000000000000000000000000000000000000000000000000000012074578449430056,0,0
0,0.00000000000000000000000000000000000000000000000000000000000000000000000000000000008961061610372191,0.00000000000000000000000000000000000000000000000000000000000000000000000000000016099055267604067,0.00000000000000000000000000000000000000000000000000000000000000000000000000013978167082319944,0.00000000000000000000000000000000000000000000000000000000000000000000000007813828351991694,0.00000000000000000000000000000000000000000000000000000000000000000000003160751693638761,0.000000000000000000000000000000000000000000000000000000000000000000009859023059949162,0.0000000000000000000000000000000000000000000000000000000000000000024676051875743267,0.0000000000000000000000000000000000000000000000000000000000000005091877922683369,0.00000000000000000000000000000000000000000000000000000000000008832762321674769,0.000000000000000000000000000000000000000000000000000000000013069002348436262,0.0000000000000000000000000000000000000000000000000000000016678248871870798,0.00000000000000000000000000000000000000000000000000000018517837822854663,0.000000000000000000000000000000000000000000000000000018010786571944254,0.0000000000000000000000000000000000000000000000000015428677331636114,0.00000000000000000000000000000000000000000000000011690522661266661,0.000000000000000000000000000000000000000000000007861341282934998,0.00000000000000000000000000000000000000000000047034997332426374,0.000000000000000000000000000000000000000000025084951835844893,0.0000000000000000000000000000000000000000011940248373434632,0.00000000000000000000000000000000000000005075965976973077,0.000000000000000000000000000000000000001927517590962092,0.00000000000000000000000000000000000006535834516560241,0.0000000000000000000000000000000000019772297749803948,0.00000000000000000000000000000000005329356401395958,0.0000000000000000000000000000000012774097152429331,0.000000000000000000000000000000027161398504810043,0.0000000000000000000000000000005107385605956211,0.000000000000000000000000000008461091955279191,0.0000000000000000000000000001229276770723678,0.000000000000000000000000001557712582618631,0.000000000000000000000000017103900630226228,0.00000000000000000000000016146570747491166,0.0000000000000000000000012983611290331361,0.000000000000000000000008794573263452207,0.000000000000000000000049522575461260345,0.0000000000000000000002282593002284282,0.0000000000000000000008461623404702811,0.000000000000000000002477393359096091,0.000000000000000000005650421309287881,0.000000000000000000010069287321108814,0.000000000000000000014578738371224477,0.000000000000000000018483235189031166,0.00000000000000000002183213253869643,0.000000000000000000024851015241116513,0.000000000000000000027621072009927836,0.00000000000000000003009139697386516,0.000000000000000000032160296602751663,0.0000000000000000000337240461645388,0.00000000000000000003469850731448794,0.000000000000000000035029541980129165,0.000000000000000000034698492203104876,0.00000000000000000003372390534008238,0.00000000000000000003215919294311964,0.000000000000000000030084167143598714,0.00000000000000000002758214067676587,0.00000000000000000002468233716528289,0.000000000000000000021260215586197827,0.000000000000000000017020451159621484,0.000000000000000000011889919882964097,0.000000000000000000006722726422032143,0.0000000000000000000029616028210275062,0.0000000000000000000010146093296864106,0.00000000000000000000027424538797168615,0.0000000000000000000000595812243947515,0.000000000000000000000010591242298088108,0.0000000000000000000000015647429713936479,0.00000000000000000000000019470101909198814,0.00000000000000000000000002063340676506588,0.00000000000000000000000000187980573170354,0.0000000000000000000000000001483873982384739,0.000000000000000000000000000010215840645857003,0.00000000000000000000000000000061677985683948555,0.00000000000000000000000000000003280609313056567,0.000000000000000000000000000000001543096492157782,0.00000000000000000000000000000000006438574519890103,0.000000000000000000000000000000000002389006470811349,0.00000000000000000000000000000000000007897702471267992,0.000000000000000000000000000000000000002329339856905894,0.0000000000000000000000000000000000000000613456812649894,0.0000000000000000000000000000000000000000014431319311201007,0.000000000000000000000000000000000000000000030320085576673965,0.0000000000000000000000000000000000000000000005685389816077692,0.000000000000000000000000000000000000000000000009502887283999558,0.00000000000000000000000000000000000000000000000014132232410887803,0.0000000000000000000000000000000000000000000000000018651845184603344,0.00000000000000000000000000000000000000000000000000002177411911928606,0.00000000000000000000000000000000000000000000000000000022387815341915386,0.000000000000000000000000000000000000000000000000000000002016435229958843,0.000000000000000000000000000000000000000000000000000000000015801111424214774,0.00000000000000000000000000000000000000000000000000000000000010679531755777353,0.0000000000000000000000000000000000000000000000000000000000000006156633570212231,0.000000000000000000000000000000000000000000000000000000000000000002983664066304059,0.000000000000000000000000000000000000000000000000000000000000000000011921101887845129,0.00000000000000000000000000000000000000000000000000000000000000000000003821911001932343,0.00000000000000000000000000000000000000000000000000000000000000000000000009448463519786259,0.0000000000000000000000000000000000000000000000000000000000000000000000000001690262647407347,0.0000000000000000000000000000000000000000000000000000000000000000000000000000001946751663590607,0.00000000000000000000000000000000000000000000000000000000000000000000000000000000010836160146924408,0
0,0.00000000000000000000000000000000000000000000000000000000000000000000000000000014035147254893917,0.0000000000000000000000000000000000000000000000000000000000000000000000000001250689273803243,0.00000000000000000000000000000000000000000000000000000000000000000000000007180351724111976,0.00000000000000000000000000000000000000000000000000000000000000000000002985184818067597,0.000000000000000000000000000000000000000000000000000000000000000000009577402064742126,0.0000000000000000000000000000000000000000000000000000000000000000024676051875743267,0.000000000000000000000000000000000000000000000000000000000000000524611945364117,0.0000000000000000000000000000000000000000000000000000000000000938455552803277,0.000000000000000000000000000000000000000000000000000000000014333037117442207,0.0000000000000000000000000000000000000000000000000000000018900521508528545,0.0000000000000000000000000000000000000000000000000000002170801244720581,0.000000000000000000000000000000000000000000000000000021866580236656613,0.0000000000000000000000000000000000000000000000000019424229586263943,0.0000000000000000000000000000000000000000000000001528287437440432,0.000000000000000000000000000000000000000000000010687055338522928,0.00000000000000000000000000000000000000000000066597454999660495,0.000000000000000000000000000000000000000000037056671757851455,0.0000000000000000000000000000000000000000018436929938563087,0.00000000000000000000000000000000000000008209070054795263,0.000000000000000000000000000000000000003272155920530443,0.0000000000000000000000000000000000001167486321998928,0.000000000000000000000000000000000003726373357879942,0.0000000000000000000000000000000001062849131698354,0.000000000000000000000000000000002704771248336128,0.0000000000000000000000000000000612863814765112,0.0000000000000000000000000000012332009218636213,0.000000000000000000000000000021965433076841175,0.00000000000000000000000000034497552743913056,0.0000000000000000000000000047550254660349885,0.00000000000000000000000005720355171258878,0.0000000000000000000000005966786434734817,0.000000000000000000000005354519955236491,0.000000000000000000000040959789100584586,0.0000000000000000000002641930623096882,0.000000000000000000001418600074593266,0.0000000000000000000062484245122864505,0.000000000000000000022212004863251398,0.00000000000000000006271556896922014,0.0000000000000000001391763107717116,0.00000000000000000024428282922536842,0.0000000000000000003524568179549477,0.0000000000000000004472696375733469,0.0000000000000000005288767286860662,0.0000000000000000006022154132594148,0.00000000000000000066929643595010805,0.0000000000000000007290271113144989,0.0000000000000000007790218719883557,0.0000000000000000008168004692127572,0.000000000000000000840339651882765,0.0000000000000000008483357180063341,0.0000000000000000008403391285661496,0.0000000000000000008167958347183924,0.0000000000000000007789873678245601,0.0000000000000000007288122719147888,0.0000000000000000006681959250452436,0.0000000000000000005976732140215773,0.0000000000000000005141691520056738,0.0000000000000000004111750166582859,0.000000000000000000288207680583039,0.0000000000000000001654621425750647,0.00000000000000000007492717339980299,0.00000000000000000002662094805415931,0.000000000000000000007504428182859124,0.0000000000000000000017062252744463674,0.00000000000000000000031808916967070283,0.00000000000000000000004935366144074041,0.0000000000000000000000064556048293125185,0.0000000000000000000000007197071389597054,0.00000000000000000000000006902348542911766,0.0000000000000000000000000057392533887257525,0.0000000000000000000000000004164825663834328,0.000000000000000000000000000026523863015427066,0.0000000000000000000000000000014893800820032825,0.00000000000000000000000000000007402857479184446,0.0000000000000000000000000000000032675389497317606,0.00000000000000000000000000000000012841312338367537,0.000000000000000000000000000000000004502624176657893,0.00000000000000000000000000000000000014108071830952723,0.0000000000000000000000000000000000000039544141774954195,0.0000000000000000000000000000000000000000992135168880507,0.0000000000000000000000000000000000000000022283896964725805,0.000000000000000000000000000000000000000000044791124325028336,0.000000000000000000000000000000000000000000000805014905095068,0.000000000000000000000000000000000000000000000012918827392900588,0.00000000000000000000000000000000000000000000000018475112536061352,0.0000000000000000000000000000000000000000000000000023482338097896318,0.0000000000000000000000000000000000000000000000000000264358049688299,0.00000000000000000000000000000000000000000000000000000026244885075342896,0.0000000000000000000000000000000000000000000000000000000022851266764295666,0.000000000000000000000000000000000000000000000000000000000017329484679191006,0.00000000000000000000000000000000000000000000000000000000000011346742808669136,0.0000000000000000000000000000000000000000000000000000000000000006343150172886025,0.000000000000000000000000000000000000000000000000000000000000000002983672278762771,0.00000000000000000000000000000000000000000000000000000000000000000001158060285764094,0.000000000000000000000000000000000000000000000000000000000000000000000036096252192619498,0.00000000000000000000000000000000000000000000000000000000000000000000000008682474831452866,0.00000000000000000000000000000000000000000000000000000000000000000000000000015123548370304867,0.00000000000000000000000000000000000000000000000000000000000000000000000000000016971775622300655,0
