0,0,0,0,0,0,0,0,0,0,0,0,0,0,0,0,0,0,0,0,0,0,0,0,0,0,0,0,0,0,0,0,0,0,0,0,0,0,0,0,0,0,0,0,0,0,0,0,0,0,0,0,0,0,0,0,0,0,0,0,0,0,0,0,0,0,0,0,0,0,0,0,0,0,0,0,0,0,0,0,0,0,0,0,0,0,0,0,0,0,0,0,0,0,0,0,0,0,0,0
0,0,0,0,0,0.000000000000000000000000000000000000000000000000000000000000000000000000000000000007578497819057623,0.000000000000000000000000000000000000000000000000000000000000000000000000000000012218564542630041,0.000000000000000000000000000000000000000000000000000000000000000000000000000009493120804215886,0.000000000000000000000000000000000000000000000000000000000000000000000000004734047758736591,0.0000000000000000000000000000000000000000000000000000000000000000000000017027933497762126,0.0000000000000000000000000000000000000000000000000000000000000000000004706691745788713,0.00000000000000000000000000000000000000000000000000000000000000000010401167211564716,0.000000000000000000000000000000000000000000000000000000000000000018876472675345426,0.0000000000000000000000000000000000000000000000000000000000000028679745862930654,0.0000000000000000000000000000000000000000000000000000000000003700261747737859,0.00000000000000000000000000000000000000000000000000000000004098168305453194,0.0000000000000000000000000000000000000000000000000000000039288422821321867,0.0000000000000000000000000000000000000000000000000000003281389457149411,0.000000000000000000000000000000000000000000000000000023995531922536655,0.000000000000000000000000000000000000000000000000001542142804220062,0.00000000000000000000000000000000000000000000000008734697986117399,0.000000000000000000000000000000000000000000000004368492176641992,0.00000000000000000000000000000000000000000000019313920676349362,0.000000000000000000000000000000000000000000007551762641748167,0.00000000000000000000000000000000000000000026106675926568263,0.000000000000000000000000000000000000000007972093005166314,0.00000000000000000000000000000000000000021468519066980094,0.000000000000000000000000000000000000005086449389082188,0.000000000000000000000000000000000000105691195757514,0.000000000000000000000000000000000001918298478571162,0.000000000000000000000000000000000030258278244929685,0.000000000000000000000000000000000412189345745293,0.000000000000000000000000000000004811906120274394,0.00000000000000000000000000000004768413335368235,0.0000000000000000000000000000003964311504511171,0.0000000000000000000000000000027250779759256046,0.000000000000000000000000000015210936545909003,0.00000000000000000000000000006742298474403769,0.00000000000000000000000000023109190511266983,0.0000000000000000000000000005956657542424306,0.000000000000000000000000001137197976815085,0.0000000000000000000000000016659726816333706,0.0000000000000000000000000021006325863378308,0.0000000000000000000000000024704358424611365,0.0000000000000000000000000028090017861550134,0.000000000000000000000000003123336157624486,0.000000000000000000000000003405035651383782,0.0000000000000000000000000036413805919897766,0.000000000000000000000000003820155987992656,0.000000000000000000000000003931605978875999,0.000000000000000000000000003969473921563185,0.000000000000000000000000003931605605007894,0.0000000000000000000000000038201516736825506,0.000000000000000000000000003641338713651761,0.0000000000000000000000000034046967281792925,0.0000000000000000000000000031210889085972592,0.0000000000000000000000000027970729097358742,0.0000000000000000000000000024213128003085567,0.000000000000000000000000001950525456578004,0.0000000000000000000000000013471866184646723,0.0000000000000000000000000007107308346689018,0.00000000000000000000000000027687969107373285,0.00000000000000000000000000008098477535284352,0.00000000000000000000000000001829994259145849,0.0000000000000000000000000000032820601267700016,0.0000000000000000000000000000004778289486905011,0.00000000000000000000000000000005750794575687718,0.0000000000000000000000000000000058057905101622804,0.00000000000000000000000000000000049749646722852924,0.00000000000000000000000000000000003653059275085238,0.0000000000000000000000000000000000023164657476544144,0.0000000000000000000000000000000000001276523870364814,0.000000000000000000000000000000000000006144298297741044,0.00000000000000000000000000000000000000025936826681120963,0.00000000000000000000000000000000000000000963243510563257,0.00000000000000000000000000000000000000000031546968720985632,0.000000000000000000000000000000000000000000009126226427695193,0.0000000000000000000000000000000000000000000002334240834101266,0.0000000000000000000000000000000000000000000000052800165751734626,0.00000000000000000000000000000000000000000000000010557884470161834,0.0000000000000000000000000000000000000000000000000018641298165563344,0.000000000000000000000000000000000000000000000000000029006955069351938,0.0000000000000000000000000000000000000000000000000000003966867641081378,0.0000000000000000000000000000000000000000000000000000000047497520218338617,0.00000000000000000000000000000000000000000000000000000000004954627439689505,0.0000000000000000000000000000000000000000000000000000000000004473703345695752,0.00000000000000000000000000000000000000000000000000000000000000346754709907029,0.000000000000000000000000000000000000000000000000000000000000000022823339742831183,0.00000000000000000000000000000000000000000000000000000000000000000012576238807553212,0.0000000000000000000000000000000000000000000000000000000000000000000005691070489920248,0.0000000000000000000000000000000000000000000000000000000000000000000000020589647847130028,0.000000000000000000000000000000000000000000000000000000000000000000000000005724370069722483,0.000000000000000000000000000000000000000000000000000000000000000000000000000011479198472641953,0.000000000000000000000000000000000000000000000000000000000000000000000000000000014775074820394898,0.000000000000000000000000000000000000000000000000000000000000000000000000000000000009164295438541786,0,0,0,0,0
0,0,0,0,0.000000000000000000000000000000000000000000000000000000000000000000000000000000000008210039303979091,0.000000000000000000000000000000000000000000000000000000000000000000000000000000013614917369553008,0.00000000000000000000000000000000000000000000000000000000000000000000000000001088905726944349,0.000000000000000000000000000000000000000000000000000000000000000000000000005594677291559433,0.0000000000000000000000000000000000000000000000000000000000000000000000020752146001749417,0.0000000000000000000000000000000000000000000000000000000000000000000005921040276526663,0.00000000000000000000000000000000000000000000000000000000000000000013520584638369366,0.000000000000000000000000000000000000000000000000000000000000000025383147303983744,0.000000000000000000000000000000000000000000000000000000000000003994151462593169,0.00000000000000000000000000000000000000000000000000000000000053438773429894825,0.00000000000000000000000000000000000000000000000000000000006145818550827546,0.000000000000000000000000000000000000000000000000000000006127130827488863,0.000000000000000000000000000000000000000000000000000000533016552647627,0.00000000000000000000000000000000000000000000000000004066762100604587,0.0000000000000000000000000000000000000000000000000027320479913154806,0.0000000000000000000000000000000000000000000000001620840711465864,0.000000000000000000000000000000000000000000000008509810730795912,0.0000000000000000000000000000000000000000000003959296379690235,0.000000000000000000000000000000000000000000016335387757416097,0.0000000000000000000000000000000000000000005976810952255324,0.000000000000000000000000000000000000000019381230720118246,0.0000000000000000000000000000000000000005563325507546749,0.000000000000000000000000000000000000014109603666496094,0.0000000000000000000000000000000000003153592800413363,0.000000000000000000000000000000000006190959003098748,0.00000000000000000000000000000000010630379128550299,0.000000000000000000000000000000001588267684948586,0.000000000000000000000000000000020517281136265045,0.00000000000000000000000000000022738539274465764,0.0000000000000000000000000000021415551602040016,0.000000000000000000000000000016942208550473573,0.00000000000000000000000000011098914705695267,0.0000000000000000000000000005916146491495001,0.000000000000000000000000002511821110441933,0.00000000000000000000000000828677453685041,0.00000000000000000000000002072886690314981,0.000000000000000000000000038904667102564854,0.00000000000000000000000005686007498253823,0.00000000000000000000000007180131720518771,0.00000000000000000000000008452544950269567,0.00000000000000000000000009612924942985333,0.00000000000000000000000010687527766704906,0.0000000000000000000000001164963655589095,0.00000000000000000000000012456568325191137,0.00000000000000000000000013066852279506757,0.00000000000000000000000013447276120597354,0.00000000000000000000000013576529495350711,0.00000000000000000000000013447274270483758,0.000000000000000000000000130668320176273,0.00000000000000000000000012456381601226966,0.00000000000000000000000011648200570382324,0.00000000000000000000000010678470557716853,0.00000000000000000000000009567127823791643,0.00000000000000000000000008272517997961793,0.00000000000000000000000006653047614330622,0.000000000000000000000000046055054607275294,0.000000000000000000000000024717550806397175,0.000000000000000000000000009923846527886885,0.000000000000000000000000003015933474968934,0.0000000000000000000000000007115515873642085,0.00000000000000000000000000013364345721260833,0.000000000000000000000000000020417057175829475,0.0000000000000000000000000000025823534507863205,0.00000000000000000000000000000027431522017198186,0.000000000000000000000000000000024760788143559603,0.000000000000000000000000000000001917318156235782,0.0000000000000000000000000000000001283576376648946,0.000000000000000000000000000000000007476797784492572,0.0000000000000000000000000000000000003809204872298906,0.000000000000000000000000000000000000017045263182262122,0.0000000000000000000000000000000000000006721634319390077,0.000000000000000000000000000000000000000023418886725502963,0.000000000000000000000000000000000000000000722259273008316,0.000000000000000000000000000000000000000000019741810554824912,0.0000000000000000000000000000000000000000000004785259123473384,0.000000000000000000000000000000000000000000000010285700533525485,0.000000000000000000000000000000000000000000000000195919631603551,0.000000000000000000000000000000000000000000000000003302532612031178,0.00000000000000000000000000000000000000000000000000004916166664814494,0.00000000000000000000000000000000000000000000000000000064437059542824286,0.000000000000000000000000000000000000000000000000000000007407433204076235,0.00000000000000000000000000000000000000000000000000000000007430268029283487,0.0000000000000000000000000000000000000000000000000000000000006460916601414735,0.0000000000000000000000000000000000000000000000000000000000000048291865995694743,0.000000000000000000000000000000000000000000000000000000000000000030690626172405377,0.0000000000000000000000000000000000000000000000000000000000000000001634804022895816,0.0000000000000000000000000000000000000000000000000000000000000000000007159412842846016,0.0000000000000000000000000000000000000000000000000000000000000000000000025092900661948403,0.000000000000000000000000000000000000000000000000000000000000000000000000006765045520406559,0.00000000000000000000000000000000000000000000000000000000000000000000000000001316719362912533,0.000000000000000000000000000000000000000000000000000000000000000000000000000000016463595628144921,0.000000000000000000000000000000000000000000000000000000000000000000000000000000000009927986725086937,0,0,0,0
0,0,0,0.000000000000000000000000000000000000000000000000000000000000000000000000000000000008431932258140689,0.00000000000000000000000000000000000000000000000000000000000000000000000000000001437127300077117,0.000000000000000000000000000000000000000000000000000000000000000000000000000011822329251829248,0.000000000000000000000000000000000000000000000000000000000000000000000000006252788616301195,0.0000000000000000000000000000000000000000000000000000000000000000000000023895821865376503,0.0000000000000000000000000000000000000000000000000000000000000000000007030955618759325,0.00000000000000000000000000000000000000000000000000000000000000000016572624275943813,0.000000000000000000000000000000000000000000000000000000000000000032149203227543338,0.000000000000000000000000000000000000000000000000000000000000005233084719511954,0.0000000000000000000000000000000000000000000000000000000000007251218279531365,0.0000000000000000000000000000000000000000000000000000000000864778760721974,0.000000000000000000000000000000000000000000000000000000008952484010560751,0.0000000000000000000000000000000000000000000000000000008098862862318861,0.00000000000000000000000000000000000000000000000000006435996492491507,0.0000000000000000000000000000000000000000000000000045111053703512456,0.0000000000000000000000000000000000000000000000002797506472169814,0.000000000000000000000000000000000000000000000015383973081055998,0.0000000000000000000000000000000000000000000007513628129993357,0.000000000000000000000000000000000000000000032621593244911735,0.0000000000000000000000000000000000000000012593912754359071,0.0000000000000000000000000000000000000000432202832697767,0.0000000000000000000000000000000000000013173630693736673,0.00000000000000000000000000000000000003561041735143013,0.0000000000000000000000000000000000008519140549394307,0.000000000000000000000000000000000017987255399702468,0.00000000000000000000000000000000033401582601508164,0.0000000000000000000000000000000054315300068572375,0.00000000000000000000000000000007693627742374265,0.0000000000000000000000000000009431937344281125,0.000000000000000000000000000009929925101197024,0.00000000000000000000000000008893248394208676,0.0000000000000000000000000006698134547751205,0.0000000000000000000000000041836133594849094,0.000000000000000000000000021304989098830244,0.00000000000000000000000008668594160675126,0.0000000000000000000000002754515544446905,0.0000000000000000000000006691823130143736,0.0000000000000000000000012354198526468035,0.0000000000000000000000018008696948666015,0.0000000000000000000000022771919957795956,0.0000000000000000000000026834665927419734,0.000000000000000000000003052576265701727,0.000000000000000000000003393485306973528,0.000000000000000000000003698378939024574,0.000000000000000000000003953998450004363,0.000000000000000000000004147291468275365,0.0000000000000000000000042677708878424996,0.0000000000000000000000043087034041351736,0.000000000000000000000004267770042543145,0.000000000000000000000004147282676799831,0.000000000000000000000003953921495241751,0.00000000000000000000000369781634556171,0.000000000000000000000003390108726060329,0.0000000000000000000000030363075895688907,0.0000000000000000000000026223968899055967,0.0000000000000000000000021057828541669397,0.000000000000000000000001461386055328655,0.0000000000000000000000007974263216245708,0.0000000000000000000000003296986734764277,0.0000000000000000000000001040424128320357,0.000000000000000000000000025616238770374868,0.000000000000000000000000005036312965993495,0.000000000000000000000000000807032446251028,0.00000000000000000000000000010721999110298992,0.000000000000000000000000000011977704373106289,0.0000000000000000000000000000011381372771512784,0.00000000000000000000000000000009286620704577512,0.000000000000000000000000000000006557779358158509,0.0000000000000000000000000000000004033582800633814,0.000000000000000000000000000000000021725191755052196,0.0000000000000000000000000000000000010291006169434097,0.000000000000000000000000000000000000043022267867690443,0.000000000000000000000000000000000000001591726615876736,0.00000000000000000000000000000000000000005222654186973516,0.0000000000000000000000000000000000000000015219485100861644,0.000000000000000000000000000000000000000000039425375574815714,0.0000000000000000000000000000000000000000000009081303520061492,0.000000000000000000000000000000000000000000000018594812055839779,0.00000000000000000000000000000000000000000000000033815558779260263,0.000000000000000000000000000000000000000000000000005453161791181083,0.00000000000000000000000000000000000000000000000000007780351319282166,0.0000000000000000000000000000000000000000000000000000009790925695302783,0.000000000000000000000000000000000000000000000000000000010823259625397176,0.0000000000000000000000000000000000000000000000000000000001045521672373848,0.0000000000000000000000000000000000000000000000000000000000008767006885959395,0.00000000000000000000000000000000000000000000000000000000000000632716922011121,0.00000000000000000000000000000000000000000000000000000000000000003887158918403722,0.00000000000000000000000000000000000000000000000000000000000000000020038395516661124,0.0000000000000000000000000000000000000000000000000000000000000000000008501486281021375,0.000000000000000000000000000000000000000000000000000000000000000000000002889419857015502,0.000000000000000000000000000000000000000000000000000000000000000000000000007560839327082542,0.00000000000000000000000000000000000000000000000000000000000000000000000000001429573049060964,0.000000000000000000000000000000000000000000000000000000000000000000000000000000017378211945931987,0.000000000000000000000000000000000000000000000000000000000000000000000000000000000010196310690629828,0,0,0
0,0,0.000000000000000000000000000000000000000000000000000000000000000000000000000000000008210039303979091,0.00000000000000000000000000000000000000000000000000000000000000000000000000000001437127300077117,0.000000000000000000000000000000000000000000000000000000000000000000000000000012150701399665005,0.000000000000000000000000000000000000000000000000000000000000000000000000006610045569137602,0.0000000000000000000000000000000000000000000000000000000000000000000000026003894744561294,0.0000000000000000000000000000000000000000000000000000000000000000000007882985258097092,0.00000000000000000000000000000000000000000000000000000000000000000019161282691660583,0.00000000000000000000000000000000000000000000000000000000000000003836916780370059,0.000000000000000000000000000000000000000000000000000000000000006453541062656806,0.0000000000000000000000000000000000000000000000000000000000009250362983428198,0.00000000000000000000000000000000000000000000000000000000011425436286477357,0.00000000000000000000000000000000000000000000000000000001226536581699343,0.0000000000000000000000000000000000000000000000000000011521793917440983,0.00000000000000000000000000000000000000000000000000009521520276202152,0.000000000000000000000000000000000000000000000000006951107949596841,0.0000000000000000000000000000000000000000000000004497445455415124,0.00000000000000000000000000000000000000000000002585202813658083,0.0000000000000000000000000000000000000000000013224755875706252,0.00000000000000000000000000000000000000000006027243495220752,0.0000000000000000000000000000000000000000024485497252581962,0.00000000000000000000000000000000000000008866240831198947,0.0000000000000000000000000000000000000028599444286960385,0.00000000000000000000000000000000000008208710483600414,0.0000000000000000000000000000000000020929578869825836,0.00000000000000000000000000000000004729615804298889,0.0000000000000000000000000000000009445028418791759,0.000000000000000000000000000000016607891902146513,0.00000000000000000000000000000025599365056530974,0.000000000000000000000000000003440404844676231,0.000000000000000000000000000040053308393791905,0.0000000000000000000000000004007983707561704,0.0000000000000000000000000034150014733955005,0.000000000000000000000000024496992540548313,0.00000000000000000000000014593553145337511,0.000000000000000000000000710287773413845,0.0000000000000000000000027709492187486565,0.000000000000000000000008485938867467902,0.000000000000000000000020037291313267323,0.00000000000000000000003640728235616825,0.000000000000000000000052918814480095605,0.00000000000000000000006699844898540724,0.00000000000000000000007903334029700607,0.00000000000000000000008992823106188273,0.00000000000000000000009996237967149394,0.000000000000000000000108925750043044,0.00000000000000000000011643726627383467,0.00000000000000000000012211622793458194,0.00000000000000000000012565557863154444,0.00000000000000000000012685800736985248,0.00000000000000000000012565554296648846,0.00000000000000000000012211587547743958,0.0000000000000000000001164343346555574,0.00000000000000000000010890536958101445,0.00000000000000000000009984595345314922,0.0000000000000000000000893935779039255,0.00000000000000000000007711613426558959,0.0000000000000000000000618368802919186,0.00000000000000000000004303320379970236,0.00000000000000000000002386105716775802,0.000000000000000000000010151680632874087,0.000000000000000000000003324370173979282,0.000000000000000000000000853743187332185,0.0000000000000000000000001756346154565604,0.00000000000000000000000002950931310662447,0.000000000000000000000000004116530466222807,0.0000000000000000000000000004833823087531703,0.00000000000000000000000000004832576125143387,0.0000000000000000000000000000041523128555957684,0.00000000000000000000000000000030904643454081076,0.000000000000000000000000000000020054101675537716,0.0000000000000000000000000000000011406981950670538,0.00000000000000000000000000000000005712944737200762,0.0000000000000000000000000000000000025284341280836774,0.00000000000000000000000000000000000009917797679836986,0.0000000000000000000000000000000000000034557365239774004,0.0000000000000000000000000000000000000001071420490519316,0.0000000000000000000000000000000000000000029591180526794425,0.00000000000000000000000000000000000000000007284525701478694,0.0000000000000000000000000000000000000000000015984394507548085,0.00000000000000000000000000000000000000000000003124829970275774,0.0000000000000000000000000000000000000000000000005436489612097318,0.000000000000000000000000000000000000000000000000008402829111737558,0.0000000000000000000000000000000000000000000000000001151051758186355,0.000000000000000000000000000000000000000000000000000001392913522177569,0.000000000000000000000000000000000000000000000000000000014828549713057973,0.00000000000000000000000000000000000000000000000000000000013813504372141164,0.000000000000000000000000000000000000000000000000000000000001118411637086367,0.000000000000000000000000000000000000000000000000000000000000007802824605880603,0.00000000000000000000000000000000000000000000000000000000000000004639232647979012,0.00000000000000000000000000000000000000000000000000000000000000000023168482261818464,0.0000000000000000000000000000000000000000000000000000000000000000000009531741622137512,0.000000000000000000000000000000000000000000000000000000000000000000000003144328129857467,0.000000000000000000000000000000000000000000000000000000000000000000000000007992842645495231,0.000000000000000000000000000000000000000000000000000000000000000000000000000014692814385572762,0.000000000000000000000000000000000000000000000000000000000000000000000000000000017378218370881278,0.000000000000000000000000000000000000000000000000000000000000000000000000000000000009927986725086937,0,0
0,0.000000000000000000000000000000000000000000000000000000000000000000000000000000000007578497819057623,0.000000000000000000000000000000000000000000000000000000000000000000000000000000013614917369553008,0.000000000000000000000000000000000000000000000000000000000000000000000000000011822329251829248,0.000000000000000000000000000000000000000000000000000000000000000000000000006610045569137602,0.000000000000000000000000000000000000000000000000000000000000000000000002674673260314823,0.0000000000000000000000000000000000000000000000000000000000000000000008346580996014882,0.0000000000000000000000000000000000000000000000000000000000000000002090268810435958,0.000000000000000000000000000000000000000000000000000000000000000043163483056374625,0.000000000000000000000000000000000000000000000000000000000000007493944982269539,0.000000000000000000000000000000000000000000000000000000000001109937694895246,0.00000000000000000000000000000000000000000000000000000000014181400701668963,0.00000000000000000000000000000000000000000000000000000001576687288418848,0.0000000000000000000000000000000000000000000000000000015358639087656771,0.00000000000000000000000000000000000000000000000000013179411253720033,0.000000000000000000000000000000000000000000000000010005427324680598,0.0000000000000000000000000000000000000000000000006742561100495248,0.00000000000000000000000000000000000000000000004043648207935936,0.000000000000000000000000000000000000000000002162184429076702,0.0000000000000000000000000000000000000000001032118211957689,0.000000000000000000000000000000000000000004401365461775587,0.00000000000000000000000000000000000000016770379622982224,0.000000000000000000000000000000000000005707583032925189,0.0000000000000000000000000000000000001733620515590469,0.000000000000000000000000000000000004693158568662184,0.00000000000000000000000000000000011302421310468248,0.000000000000000000000000000000002415524239143232,0.00000000000000000000000000000004567236486800115,0.0000000000000000000000000000007611410168273164,0.00000000000000000000000000001112938570765661,0.00000000000000000000000000014200402601352431,0.0000000000000000000000000015707885455506863,0.00000000000000000000000001494632786139975,0.00000000000000000000000012119987920780022,0.000000000000000000000000828287382013914,0.000000000000000000000004707609010685347,0.00000000000000000000002190544383305469,0.00000000000000000000008196948978209885,0.00000000000000000000024207485275175792,0.0000000000000000000005559509968869034,0.000000000000000000000994659462696303,0.000000000000000000001441268378380462,0.0000000000000000000018267442826145942,0.0000000000000000000021571382585107282,0.0000000000000000000024552330943550305,0.0000000000000000000027289669266638802,0.0000000000000000000029731651849361602,0.0000000000000000000031777075834008156,0.000000000000000000003332316445201262,0.00000000000000000000342866461759925,0.000000000000000000003461395516537301,0.000000000000000000003428663228390331,0.0000000000000000000033323033945472117,0.0000000000000000000031776044068140183,0.00000000000000000000297248296838576,0.000000000000000000002725256859834597,0.0000000000000000000024389917468982134,0.000000000000000000002101489340641207,0.0000000000000000000016829667132979679,0.0000000000000000000011747459257493501,0.0000000000000000000006615748764460367,0.000000000000000000000289428544255792,0.00000000000000000000009829728343513162,0.0000000000000000000000263205719125782,0.000000000000000000000005664096376233117,0.0000000000000000000000009975421812943803,0.00000000000000000000000014607082933488924,0.000000000000000000000000018023249657110673,0.0000000000000000000000000018949678276927437,0.00000000000000000000000000017136924443813452,0.000000000000000000000000000013434570220245468,0.0000000000000000000000000000009190031879007592,0.00000000000000000000000000000005515544769642398,0.0000000000000000000000000000000029175380008017043,0.00000000000000000000000000000000013653266959626413,0.0000000000000000000000000000000000056699861363237687,0.0000000000000000000000000000000000002094670394881439,0.000000000000000000000000000000000000006896887787563648,0.000000000000000000000000000000000000000202664825987944,0.000000000000000000000000000000000000000005319288179874391,0.00000000000000000000000000000000000000000012474488992978374,0.0000000000000000000000000000000000000000000026134272258038704,0.00000000000000000000000000000000000000000000004887794203175251,0.0000000000000000000000000000000000000000000000008150498227977208,0.000000000000000000000000000000000000000000000000012095191670049894,0.0000000000000000000000000000000000000000000000000001593269817307008,0.0000000000000000000000000000000000000000000000000000018567815685522763,0.000000000000000000000000000000000000000000000000000000019061941601290337,0.00000000000000000000000000000000000000000000000000000000017145614401951146,0.0000000000000000000000000000000000000000000000000000000000013419732928067516,0.00000000000000000000000000000000000000000000000000000000000000906079323141384,0.00000000000000000000000000000000000000000000000000000000000000005218934451303142,0.00000000000000000000000000000000000000000000000000000000000000000025274141576778843,0.0000000000000000000000000000000000000000000000000000000000000000000010092323072808375,0.0000000000000000000000000000000000000000000000000000000000000000000000032341557788658826,0.000000000000000000000000000000000000000000000000000000000000000000000000007992852178511129,0.000000000000000000000000000000000000000000000000000000000000000000000000000014295752419137987,0.000000000000000000000000000000000000000000000000000000000000000000000000000000016463613914539053,0.000000000000000000000000000000000000000000000000000000000000000000000000000000000009164295438541786,0
0,0.000000000000000000000000000000000000000000000000000000000000000000000000000000012218564542630041,0.00000000000000000000000000000000000000000000000000000000000000000000000000001088905726944349,0.000000000000000000000000000000000000000000000000000000000000000000000000006252788616301195,0.0000000000000000000000000000000000000000000000000000000000000000000000026003894744561294,0.0000000000000000000000000000000000000000000000000000000000000000000008346580996014882,0.0000000000000000000000000000000000000000000000000000000000000000002151729199654173,0.00000000000000000000000000000000000000000000000000000000000000004577848582337244,0.000000000000000000000000000000000000000000000000000000000000008196183140997947,0.000000000000000000000000000000000000000000000000000000000001253076499619207,0.00000000000000000000000000000000000000000000000000000000016543402293018427,0.000000000000000000000000000000000000000000000000000000019026410073820368,0.00000000000000000000000000000000000000000000000000000191947087975636,0.0000000000000000000000000000000000000000000000000001708011520291224,0.00000000000000000000000000000000000000000000000001346435295736231,0.0000000000000000000000000000000000000000000000009435481450430375,0.00000000000000000000000000000000000000000000005893681658865081,0.000000000000000000000000000000000000000000003287923617316747,0.0000000000000000000000000000000000000000001640512767601182,0.000000000000000000000000000000000000000007327178561907935,0.00000000000000000000000000000000000000029305686225103004,0.000000000000000000000000000000000000010494839996737959,0.0000000000000000000000000000000000003363224434962512,0.000000000000000000000000000000000009634626029767879,0.00000000000000000000000000000000024634594627775755,0.00000000000000000000000000000000561046184443317,0.00000000000000000000000000000011351864133353615,0.0000000000000000000000000000020340523902741348,0.00000000000000000000000000003215152993191502,0.0000000000000000000000000004462423227908185,0.0000000000000000000000000054084131191425616,0.0000000000000000000000000568655957280072,0.000000000000000000000000514671362276922,0.000000000000000000000003972855842228884,0.000000000000000000000025871429306430206,0.00000000000000000000014031003382900735,0.0000000000000000000006243339493311722,0.0000000000000000000022416762007256624,0.000000000000000000006387415112445498,0.000000000000000000014277274191334248,0.00000000000000000002516266580430544,0.00000000000000000003633890346185667,0.00000000000000000004610199846357182,0.00000000000000000005449766747282194,0.00000000000000000006204914926582871,0.00000000000000000006896217525373375,0.00000000000000000007512021527851609,0.00000000000000000008027531845410453,0.00000000000000000008417102942916644,0.0000000000000000000865984556238372,0.0000000000000000000874230443808995,0.00000000000000000008659840569173089,0.00000000000000000008417058337965829,0.00000000000000000008027196612423316,0.00000000000000000007509913103537104,0.00000000000000000006885301598017791,0.00000000000000000006159358432359537,0.00000000000000000005300588743271098,0.00000000000000000004240152936786683,0.000000000000000000029693953557853563,0.000000000000000000016977184785779982,0.000000000000000000007632324287331157,0.0000000000000000000026869460167405174,0.0000000000000000000007498961606147131,0.00000000000000000000016876900709760572,0.00000000000000000000003115076026785242,0.000000000000000000000004787186054658898,0.0000000000000000000000006205240739531758,0.00000000000000000000000006859215884250644,0.000000000000000000000000006526063497884466,0.0000000000000000000000000005386160806833202,0.000000000000000000000000000038816376944011764,0.0000000000000000000000000000024561960060883438,0.0000000000000000000000000000001371014437657888,0.000000000000000000000000000000006776985811327784,0.00000000000000000000000000000000029760329475928446,0.000000000000000000000000000000000011640572783901992,0.0000000000000000000000000000000000004063839744667947,0.0000000000000000000000000000000000000126821480972785,0.0000000000000000000000000000000000000003541612075361882,0.00000000000000000000000000000000000000000885552711145854,0.00000000000000000000000000000000000000000019828176176658215,0.000000000000000000000000000000000000000000003974182207507316,0.00000000000000000000000000000000000000000000007124155131581685,0.0000000000000000000000000000000000000000000000011405896548687435,0.000000000000000000000000000000000000000000000000016276753887048934,0.00000000000000000000000000000000000000000000000000020648501288664538,0.0000000000000000000000000000000000000000000000000000023205629800156436,0.000000000000000000000000000000000000000000000000000000023002846973275346,0.0000000000000000000000000000000000000000000000000000000002000144709190654,0.0000000000000000000000000000000000000000000000000000000000015150434150202828,0.000000000000000000000000000000000000000000000000000000000000009909898521957718,0.0000000000000000000000000000000000000000000000000000000000000000553513575999466,0.00000000000000000000000000000000000000000000000000000000000000000026017351332154365,0.0000000000000000000000000000000000000000000000000000000000000000000010092344699852566,0.000000000000000000000000000000000000000000000000000000000000000000000003144338515940796,0.000000000000000000000000000000000000000000000000000000000000000000000000007560866421127677,0.000000000000000000000000000000000000000000000000000000000000000000000000000013167234112785354,0.0000000000000000000000000000000000000000000000000000000000000000000000000000000147751022499861,0
0,0.000000000000000000000000000000000000000000000000000000000000000000000000000009493120804215886,0.000000000000000000000000000000000000000000000000000000000000000000000000005594677291559433,0.0000000000000000000000000000000000000000000000000000000000000000000000023895821865376503,0.0000000000000000000000000000000000000000000000000000000000000000000007882985258097092,0.0000000000000000000000000000000000000000000000000000000000000000002090268810435958,0.00000000000000000000000000000000000000000000000000000000000000004577848582337244,0.000000000000000000000000000000000000000000000000000000000000008444443091549158,0.0000000000000000000000000000000000000000000000000000000000013313520589712432,0.00000000000000000000000000000000000000000000000000000000018143354384101134,0.000000000000000000000000000000000000000000000000000000021561338348674135,0.0000000000000000000000000000000000000000000000000000022501170864494369,0.0000000000000000000000000000000000000000000000000002073627438740787,0.000000000000000000000000000000000000000000000000016950787545408937,0.0000000000000000000000000000000000000000000000012334499190003043,0.00000000000000000000000000000000000000000000008011814549844324,0.00000000000000000000000000000000000000000000465518329825733,0.00000000000000000000000000000000000000000024232944425104496,0.000000000000000000000000000000000000000011313038122859796,0.0000000000000000000000000000000000000004739001524039125,0.000000000000000000000000000000000000017814020608556195,0.0000000000000000000000000000000000006006836181705542,0.00000000000000000000000000000000001815470934610472,0.00000000000000000000000000000000049119065992694665,0.000000000000000000000000000000011876403265874482,0.00000000000000000000000000000025605743377422762,0.000000000000000000000000000004909308227566874,0.00000000000000000000000000008342422153002955,0.0000000000000000000000000012514872542456665,0.000000000000000000000000016495762479488763,0.00000000000000000000000018997918699473187,0.0000000000000000000000018991930889855968,0.000000000000000000000016352932052623602,0.00000000000000000000012017831418255523,0.0000000000000000000007457912850629212,0.0000000000000000000038598445395240684,0.000000000000000000016426170230291175,0.00000000000000000005660688444753846,0.00000000000000000015569807087705288,0.00000000000000000033892253842944285,0.0000000000000000005886348642100012,0.000000000000000000847038097071807,0.0000000000000000010754697094862397,0.0000000000000000012726674484508937,0.0000000000000000014495411842492824,0.0000000000000000016109443853981408,0.0000000000000000017544860907515297,0.0000000000000000018745718567892485,0.000000000000000001965296538760719,0.0000000000000000020218201417161524,0.0000000000000000020410199083044058,0.000000000000000002021818486718245,0.0000000000000000019652824774852464,0.000000000000000001874471391435439,0.000000000000000001753885081480579,0.0000000000000000016079822940916248,0.000000000000000001437756309088674,0.0000000000000000012357825617900902,0.00000000000000000098758872403566,0.0000000000000000006940414465982563,0.0000000000000000004027016277062222,0.00000000000000000018592588795589224,0.00000000000000000006781708542647328,0.000000000000000000019721997786735097,0.000000000000000000004641295069671696,0.0000000000000000000008977532327663837,0.00000000000000000000014478200951259246,0.000000000000000000000019712882878755783,0.000000000000000000000002290505822726599,0.00000000000000000000000022921019311945953,0.00000000000000000000000001990832204454249,0.000000000000000000000000001510773482020594,0.00000000000000000000000000010072967414728899,0.0000000000000000000000000000059287551603125505,0.00000000000000000000000000000030927660637624204,0.00000000000000000000000000000001434669293612274,0.000000000000000000000000000000000593425985730671,0.000000000000000000000000000000000021935577681951855,0.0000000000000000000000000000000000007258445858536899,0.000000000000000000000000000000000000021527493768643685,0.0000000000000000000000000000000000000005727278431135935,0.00000000000000000000000000000000000000001367311380367338,0.00000000000000000000000000000000000000000029289930664192246,0.000000000000000000000000000000000000000000005626917439233024,0.00000000000000000000000000000000000000000000009684655442492135,0.0000000000000000000000000000000000000000000000014910510914651383,0.000000000000000000000000000000000000000000000000020491653876880328,0.00000000000000000000000000000000000000000000000000025068744509808783,0.000000000000000000000000000000000000000000000000000002720322843164276,0.000000000000000000000000000000000000000000000000000000026067742112880623,0.00000000000000000000000000000000000000000000000000000000021935961048129764,0.0000000000000000000000000000000000000000000000000000000000016096909154854007,0.000000000000000000000000000000000000000000000000000000000000010210106971448067,0.00000000000000000000000000000000000000000000000000000000000000005535153709462229,0.0000000000000000000000000000000000000000000000000000000000000000002527427675470421,0.0000000000000000000000000000000000000000000000000000000000000000000009531802997254068,0.0000000000000000000000000000000000000000000000000000000000000000000000028894389896293806,0.000000000000000000000000000000000000000000000000000000000000000000000000006765086046320068,0.000000000000000000000000000000000000000000000000000000000000000000000000000011479251607936443,0
