0,0,0,0,0,0,0,0,0,0,0,0,0,0,0,0,0,0,0,0,0,0,0,0,0,0,0,0,0,0,0,0,0,0,0,0,0,0,0,0,0,0,0,0,0,0,0,0,0,0,0,0,0,0,0,0,0,0,0,0,0,0,0,0,0,0,0,0,0,0,0,0,0,0,0,0,0,0,0,0,0,0,0,0,0,0,0,0,0,0,0,0,0,0,0,0,0,0,0,0
0,-0.03458951705837174,-0.03794567372110582,-0.055206811745964056,-0.0759624708814796,-0.0663794699890278,-0.0545391336253196,-0.04111502654011777,-0.021238423745751567,-0.004930897817961073,0.03198709523140451,0.05324174532183896,0.08339445215915883,0.12243417982986887,0.16122504513988026,0.20645920854959487,0.25267478052804765,0.32098912062698925,0.39498634555292217,0.47199422113201617,0.5470138515915075,0.6147272675234005,0.67147661385428,0.7322459409632482,0.7984047176436334,0.8604946043256985,0.9139770911417268,0.9604642525916512,0.9828728181690047,1.0080194183941358,1.0199188397410437,1.0263513213137978,1.009358458150584,0.9808240390766564,0.9368005966700059,0.8782947500617208,0.8238584451405379,0.772964003867897,0.7075308607265411,0.6342240055445343,0.5603819282580857,0.4988089082170814,0.4345269271834633,0.3909284884883094,0.3445802453744285,0.29064590826154657,0.24638615483963888,0.22136096722127488,0.20243896406206663,0.19126770708494598,0.18881885894016537,0.19643140015483512,0.21467332982407136,0.23999933409481805,0.2822298329314112,0.33767757044549557,0.38673006945548327,0.43031582697304144,0.49500216490066906,0.5591023385239102,0.6345174885841226,0.7105223901008224,0.7770968868876442,0.8284499736916399,0.8841336342620085,0.9439386125378365,0.9873765432930386,1.0164042699745848,1.036324980338223,1.0322971901488527,1.0221994419410667,0.9991266083394257,0.9801412646220742,0.9356894567588451,0.8813333928970298,0.82038436398158,0.7509549077058225,0.6821754514099562,0.6174410835913717,0.5397222691087374,0.4545768880169471,0.37134568777590393,0.2914571922899661,0.21604487798377794,0.16642656419542923,0.1187744369778958,0.07978692024175049,0.04116903093040638,0.013280854289228797,-0.0021489625855462715,-0.032057195464836416,-0.04311163431968043,-0.05656960251619766,-0.06536426797433963,-0.07506138215916797,-0.07897786056201425,-0.05567902442806356,-0.035900416739711886,-0.03089191609899731,0
0,-0.037945673721147016,-0.03704692318162035,-0.050917025502814996,-0.06606732459398214,-0.04298982805082723,-0.01100835820076422,0.02666044262780102,0.07467483107269249,0.1148233429064247,0.18693158564624993,0.21417692977600986,0.25759197066655853,0.3099425859880366,0.37363754860509646,0.44232799050986427,0.5266993613567347,0.6434203295767486,0.7731967261388655,0.9223423434536021,1.057961213667593,1.1808572696764161,1.2907141964894795,1.4056631219409974,1.5303614912985108,1.6595731693472353,1.7703637049703473,1.856186736340829,1.9038400890023646,1.955429292573039,1.9844562691304661,2.010348245715768,1.9842330019359435,1.9421294755338225,1.864488838184778,1.7545493944649817,1.6437205690804304,1.5440890220923331,1.4186870854313616,1.27271980481058,1.1379961170162378,1.0212420156998163,0.8997862174452139,0.8129932582769904,0.7220885762298213,0.6189640154084173,0.5384433164946809,0.4891844512765465,0.45235942780886235,0.4374254521700229,0.434555380697768,0.4457459087435354,0.4837426787826058,0.5333450258195145,0.6120105953190019,0.7191418709770918,0.8159065678141382,0.9043647771733205,1.0263423641595086,1.146713595178218,1.2831409727091718,1.433380450861167,1.559780601364173,1.6597025914493793,1.771478395283505,1.8819356300797465,1.9567916820549065,1.99681093238236,2.028015292173501,2.0063280055474415,1.9783457329457839,1.9294558015039813,1.8877227727838306,1.803463048561349,1.6902018833672547,1.5626557319945191,1.433437643408189,1.3031270595687536,1.1790335896443387,1.040067348789469,0.888369640454567,0.7296221479975807,0.5898511095818396,0.45981771964753615,0.3691689871623957,0.2960034457972286,0.23335255749800243,0.18227115663994548,0.14477273873578902,0.12908702040304315,0.06853546442446509,0.03856288511855347,0.0026663253718275408,-0.026768429675446785,-0.05595515905510204,-0.06968465418432834,-0.049837914122521046,-0.033682831003312375,-0.03260976707381436,0
0,-0.05520681174606998,-0.050917025502780135,-0.07528769377807164,-0.09730435698489957,-0.07504105514350301,-0.03992182963278701,0.004131104173093742,0.06076107451071355,0.09993601782752137,0.18524892143844685,0.2113865326428659,0.2590259635532036,0.3146195747618993,0.3947817264915542,0.47821972568857757,0.5915898263432555,0.7505773380706502,0.9413705540661854,1.1517334696951231,1.3507245162598285,1.544459865698059,1.7148662566556123,1.9107878819153867,2.1142204610455457,2.3226943359119234,2.5099471229269015,2.65795759960042,2.753644108551412,2.8464045478750046,2.9031761606701223,2.944660215558746,2.9158496684968287,2.873462554576276,2.7605786576284594,2.601067106619699,2.4412322673528806,2.290753769294348,2.1007472496065205,1.8803824303297647,1.6721205978979978,1.4802301513444733,1.2943835088354896,1.1515829153471682,1.0160143484669126,0.8600136313573842,0.7325360486292696,0.6639212421861077,0.6089170292556325,0.5844722000765453,0.5817182031146385,0.6042374948925545,0.6648568027905892,0.7348396344640987,0.8604437800287833,1.0230708869789729,1.1666046406030122,1.3104189160795638,1.4949500956817539,1.690789123664099,1.8975096959404198,2.121451281229665,2.313332125357842,2.4622403801311674,2.6204898301665724,2.778250309219785,2.8855291142183437,2.9265095697740695,2.964926276040236,2.9317102266988226,2.877548618591218,2.790623932156502,2.7070094118834236,2.562374679531263,2.3744665298694754,2.171870229316099,1.9624804936147262,1.7436325360732263,1.5497681464054567,1.3314023689826895,1.1075721517955888,0.8811547962067764,0.6778179991261186,0.4988596709758379,0.3734346078456169,0.2818076611650989,0.20267445746800497,0.14933904145354618,0.10985265666981554,0.09867223560584448,0.026768479447231198,0.0006131968610707156,-0.03817889675561913,-0.06945063778586508,-0.09887893219870234,-0.10587112642449592,-0.07565620759290098,-0.045650663997242845,-0.04708035465525226,0
0,-0.07596247088158405,-0.06606732459403641,-0.09730435698491151,-0.12263463762547545,-0.10220022222543283,-0.06930937371633587,-0.019232405424429826,0.04279844966850858,0.08854206818053618,0.19518502573361615,0.2381394165349115,0.2918620400737764,0.3621231910735736,0.4675056218999381,0.5809688607073868,0.7304617658565028,0.9362468453403489,1.184240157467327,1.4543001077991475,1.7189001105516601,1.9820238030708839,2.210031962683643,2.4663778817400615,2.7341355182340026,3.018715278496757,3.265088464626845,3.473174725856781,3.605313740071852,3.7124141277576905,3.776052771822111,3.815597096279285,3.7915593462878348,3.7475373996651347,3.59514400123264,3.398332452463519,3.1926368626981314,3.007207487149898,2.7722125161686675,2.50425038752962,2.2590596254284265,2.0220525246396193,1.8024085947200414,1.649011607144345,1.493476807924263,1.3117058881578705,1.161050052888216,1.0879325981192005,1.0341672810000107,1.0168865146383148,1.0151914532177018,1.031731016697469,1.0930427850757871,1.1681601515007831,1.3162782594195102,1.508628325193586,1.6740492427550673,1.826694613396637,2.0421245111651056,2.2809061895528444,2.5222546945875046,2.7925932385312833,3.0286333289096232,3.210909748611418,3.414116449598456,3.610376850271975,3.755313855622179,3.7990757447763914,3.8380078941899276,3.810515651641141,3.7517327423003923,3.6524883666942456,3.5345493006489486,3.3315683589503964,3.0861295563005195,2.8116572128860424,2.53847578919675,2.252202619814102,1.9927919765550874,1.697394827256103,1.4013971509020426,1.111159618974888,0.8478020468407336,0.618900059922051,0.4559654237859176,0.3330549548654429,0.2284464376922755,0.16206682193273272,0.11990367855889432,0.09199068792102835,-0.0028159831644421185,-0.03478991379359247,-0.07628669334025195,-0.1102122946379267,-0.13613808363488342,-0.13628157190806783,-0.09781175008884971,-0.05955114124024169,-0.06638885782137637,0
0,-0.06637946998899126,-0.04298982805074999,-0.07504105514362458,-0.10220022222547773,-0.08020968274391134,-0.037987036269941384,0.025189053508370918,0.10732113345060657,0.15892968119028789,0.2778741002224353,0.3241548323274398,0.38164168021886263,0.44810318543430194,0.559497060912542,0.6943327550698895,0.8741299877275078,1.126681189264072,1.4283301609485508,1.750695470859103,2.0622158757168445,2.3737130617287865,2.644270080008855,2.9479698151470193,3.2674368297779988,3.6131409009844724,3.915241388023988,4.173701419179314,4.331388706338859,4.459295958508961,4.534564909569253,4.5894361715829355,4.567183856385169,4.520391319442436,4.347751789465974,4.112410731657318,3.868517430546876,3.652277278209973,3.3711542378914814,3.0648756091001914,2.7907021272030574,2.528918145713822,2.2827557389479347,2.120134421794156,1.9441696101698078,1.7376216204101533,1.5617165974226974,1.478177968189009,1.4221204079917158,1.4074769477125588,1.406699855124965,1.4207177371722495,1.4845918373112716,1.571791840370231,1.7441945506407395,1.9640560639754316,2.1517073046971387,2.3122560768494047,2.552079252470225,2.814063999142469,3.0818039138064814,3.387728491940167,3.6702016608585666,3.8826959311081573,4.124902711150678,4.361340242236841,4.526836460581293,4.573982247895049,4.611669028170329,4.570887160411892,4.502186463938341,4.384275393726243,4.243964742512213,3.992406775621765,3.6933963866344866,3.3615762500005397,3.0379911069024947,2.7002794117458686,2.392779188238543,2.044283129477479,1.6967010888950118,1.3515680397425147,1.0334372013074034,0.7552691256846664,0.5599195807805996,0.4128332425857845,0.3025042083497572,0.23708940121096622,0.1895029862780301,0.15675098760048772,0.047767518959060486,0.009573458957024416,-0.05157533400814337,-0.09647483229072427,-0.13018768059433242,-0.12743605247643386,-0.08238324808105785,-0.04016501769194009,-0.05743599724979346,0
0,-0.054539133625332636,-0.011008358200756008,-0.03992182963285286,-0.0693093737163812,-0.03798703627004779,0.031201595643928517,0.11047710264757449,0.21367650660474144,0.27571927814185826,0.398380918264143,0.44140310553700823,0.49442526624179817,0.5496379170325468,0.6674256141710696,0.8057004274296069,1.008543132488677,1.3009135645087184,1.641509517271119,1.994651358797492,2.339122719460003,2.687697645074621,2.985679685158392,3.3263362549331643,3.6950838586005417,4.095150877821335,4.432105461540205,4.7286545238162745,4.913304743734627,5.064359463695141,5.16288954172719,5.238814898486487,5.2228809957567,5.179991676168236,4.984527039149173,4.72282684261489,4.451686703181494,4.216053183974607,3.9008188509459156,3.564372634891274,3.2613695262252627,2.9633831678804485,2.686803671975878,2.5080290833989265,2.3074081029029787,2.069047931885078,1.86914766115223,1.7750352225049233,1.7085317686021566,1.6968013330601186,1.6971950663078488,1.708589305244291,1.7839158076430108,1.8829519942524908,2.078393427548493,2.3288063551473868,2.5410567173197363,2.7175229756900308,2.9869349951680246,3.284887498462589,3.5801826904363874,3.914863510673043,4.231075604381568,4.464350789928974,4.732949503362998,4.994031313660834,5.182087863110502,5.224725915483771,5.258029542402768,5.195508632400997,5.104092231545973,4.966271406300858,4.8006947071002495,4.513578419155162,4.183411904878238,3.799115068247698,3.4272364403497293,3.048371949396887,2.7118772486386122,2.3252515594341365,1.9425122609173238,1.5646349678771205,1.2072815894394067,0.8879426222046158,0.667398850080566,0.5121321353965352,0.39310128782163184,0.33648917436501113,0.29220188220842974,0.2599989762928737,0.14458246166929398,0.09675482549887574,0.01618246533990796,-0.04372192318019979,-0.10220267563536914,-0.10529465684970198,-0.05508377804479339,-0.014380708437116262,-0.048775677207793,0
0,-0.041115026540151506,0.026660442627801133,0.004131104172939803,-0.01923240542458225,0.025189053508284757,0.11047710264749681,0.208830086086363,0.3319976318728849,0.40143104533906315,0.5296564933903152,0.5634132682771371,0.6131018820291887,0.6582955191208233,0.7807903257423316,0.9277474649291622,1.154381155783734,1.4773913303055317,1.8466400224615789,2.230622368486654,2.6023567447925804,2.9851710824248316,3.3085390219723134,3.6836188800248912,4.094741039389502,4.535151709146385,4.915777240598141,5.247227682613229,5.451535347202796,5.624243778061363,5.738206597698371,5.830079724182362,5.811869161456445,5.762173361071806,5.53645196302356,5.247527741868702,4.945391862204251,4.682357499440758,4.333742549785971,3.9597913396817837,3.645645822597716,3.316472018047167,3.014699531080602,2.820583213917674,2.596232579848204,2.3360002387582646,2.103871235968145,1.9907762355087664,1.9221920442903606,1.9105877617360658,1.9112315003962945,1.9179490251458775,1.9923274496205132,2.10727190973065,2.331131373840624,2.6040975848321017,2.840707933488738,3.0331068336462574,3.329879866114972,3.6625229258197525,3.9723144181504857,4.348202361886304,4.698920669029764,4.962487048269804,5.264353218893187,5.552316752594054,5.769271376405211,5.816947751249147,5.851363727471949,5.772162011611842,5.665363263387457,5.504142813744053,5.318681958949115,4.997288199259551,4.623936228417994,4.20052428727751,3.785221448245485,3.3675298144472303,3.0044696215985462,2.5813355473360327,2.1691739380972077,1.761536342955481,1.3762368545340038,1.027121402294205,0.7866074608771045,0.6227631791277397,0.4997452758773478,0.4530233462002443,0.4110297198204112,0.3876802479717479,0.2651805213181692,0.2100059721218711,0.1108599277015274,0.03302183479432237,-0.04079476906175663,-0.05479087250583006,-0.010651417460696928,0.02303664578765681,-0.034281313688914086,0
0,-0.021238423745720415,0.07467483107271027,0.06076107451070819,0.0427984496683896,0.10732113345050312,0.21367650660467363,0.3319976318727352,0.4760106237257678,0.5554958567889318,0.6936885326415763,0.7276389677449507,0.7791542083753645,0.8167167749776341,0.9401616360707573,1.0889896718094894,1.3272770567451213,1.6757067049718166,2.0642885648294094,2.466851698660753,2.8511350803215834,3.250978381718046,3.5932179518258875,3.991137222297109,4.439923918297583,4.906850661251548,5.319594235369614,5.68989927600672,5.922020339075284,6.1161594131932855,6.248694981246108,6.361652275782134,6.355008352394354,6.306348816771955,6.0610752225618,5.759235456736262,5.423174602286267,5.126609203181522,4.740727662291966,4.3227977481609114,3.9907994720434083,3.626270340653762,3.285752591389845,3.0653335637211496,2.797025833033397,2.5091403228892526,2.2342568856693683,2.0920851009588364,2.0133706305205665,1.9954391930456281,1.9965444958952552,2.0068477397994653,2.089035477045984,2.229738634886754,2.4934107192584403,2.7941454333820612,3.0737118129481513,3.292922955866055,3.631039281416553,4.003299525553513,4.3342706986461375,4.757037090354772,5.146352382686309,5.4426497593209415,5.7775755892977605,6.078148953192643,6.315199113045199,6.360142411839392,6.383378206387505,6.284533889803498,6.160152920361965,5.97823748518616,5.768006297616649,5.409611633190834,5.004764561502135,4.555317161635523,4.100105069861938,3.654081794584961,3.2708219593775247,2.8290578801641506,2.4016012062181775,1.9737858160423005,1.5677459590533298,1.190012567053722,0.9376084626482796,0.7730227349142805,0.6496372229237856,0.6100392414718327,0.5679817672717513,0.5446189924140122,0.41099191407701646,0.34841414444192914,0.23094866962843452,0.13390460604142246,0.04114806599936103,0.008093899966241085,0.04671828077109616,0.06967941213997846,-0.0146846710854597,0
0,-0.004930897817808148,0.1148233429064483,0.09993601782746023,0.08854206818041467,0.15892968119012862,0.2757192781417613,0.4014310453390026,0.5554958567888627,0.6384248015618706,0.775011286856786,0.8129593112014479,0.8617200552914568,0.8962147699016405,1.019601197068648,1.168330545389398,1.4075136701169413,1.7669558862369443,2.1589428617332858,2.566281230552268,2.9542097043276607,3.358194434991006,3.7000201299907625,4.119720490889282,4.598282419402665,5.094032828166079,5.539913764699198,5.943742573794177,6.201749454504279,6.424940005859313,6.584682762506884,6.717260963787988,6.725727601219825,6.67839856951811,6.4213607900462835,6.102509382215622,5.741675104432442,5.4220094802538314,5.018203872444617,4.582077610223063,4.247284864595095,3.870722383538533,3.512529088053692,3.279778740651503,2.977939497370973,2.672052487091345,2.3683420635231314,2.203381552802027,2.1131063441552618,2.0893554348723002,2.090848793363552,2.1052934326462545,2.19688139159346,2.356961416908832,2.645562125690289,2.9629725824581286,3.2735948333503124,3.506621797697054,3.8654292108237924,4.253666625109539,4.58990659989967,5.033866759186948,5.4443752263221,5.765397800745626,6.125379894724014,6.441932432025233,6.691149184038097,6.733824909818294,6.74201348319285,6.624049401527605,6.47266536355559,6.26134134709954,6.024173381625815,5.631754410595198,5.19402920894738,4.7152090295367,4.225174293466392,3.75422997914834,3.3693374850441304,2.9221168287654793,2.4896891332245232,2.058146781205607,1.649348406595751,1.2610126993062394,1.008635261186906,0.8445644290204556,0.723818720792841,0.6864833202489862,0.6470902490064765,0.6218712804297922,0.49146703061605534,0.4266161272198989,0.2988913186965626,0.19615690173789194,0.09485019145489457,0.05569361621452687,0.08602472686941122,0.10831928980303433,0.0010070711790536133,0
0,0.03198709523139619,0.18693158564619264,0.1852489214384825,0.19518502573352559,0.2778741002223769,0.3983809182640375,0.5296564933901933,0.6936885326414607,0.7750112868568172,0.9031603554110922,0.9465485251899476,0.9927322347578035,1.022518389579331,1.1482744014884838,1.303633146537371,1.5423117347101225,1.9038053583211088,2.294626318454572,2.7040710486365547,3.0932927221349815,3.4947561811644166,3.845215547762219,4.269969261192242,4.762690537578882,5.270394840833498,5.739731725502049,6.164177566859288,6.436531589707394,6.674967561511024,6.843037230552781,6.978570331139823,6.9752434631550555,6.917247031453941,6.6326836621579375,6.293770803868449,5.911077765127286,5.582331279798844,5.163701034646801,4.711802097818682,4.380248875549358,4.001244890339743,3.629705451361109,3.40916504068476,3.0937485701899345,2.7848167504349957,2.4576808071166916,2.276875988476897,2.1635467607873804,2.1330151702420284,2.1343166044747073,2.151809934699452,2.2636282962208685,2.436000218970851,2.7453325448297816,3.0657301504420404,3.389490113798921,3.613504600932328,3.9921306597639705,4.386607588545483,4.724083293233554,5.187149825717517,5.616889556241595,5.949377134811992,6.3290859391609,6.664600656893126,6.941954904915676,6.991588043658726,7.009791541412929,6.885906829329037,6.726138003593049,6.498476428599996,6.248573151914183,5.8339997096627085,5.3724417445227095,4.879660919306148,4.373133827835135,3.8937648597713497,3.5008243733294817,3.054207828768821,2.6181480219241515,2.184505538721099,1.7780240064066282,1.3886098081337146,1.13579173271764,0.9647442825128363,0.8445433979501458,0.8122000248020508,0.7757463693938292,0.7438585185778838,0.622763778763215,0.5608365530391415,0.4264520996526868,0.31772077896828266,0.21333562630716307,0.16076497188609865,0.17027299325160322,0.17874978083133322,0.037730599649479744,0
0,0.05324174532179814,0.21417692977599265,0.21138653264286553,0.23813941653481674,0.3241548323274772,0.44140310553697537,0.5634132682770302,0.7276389677448729,0.8129593112014165,0.9465485251900125,0.9823288425087187,1.037222745646978,1.0738840048597258,1.2070641914641858,1.3609080885196776,1.604875591429492,1.9724971458300367,2.3781438987961105,2.8015496814883267,3.1912679334569223,3.60700638458237,3.9637857066478297,4.394926945897077,4.8997330566049335,5.429556260550681,5.9292500504032635,6.380332749416713,6.670691085727185,6.923059610808784,7.1047999763429575,7.23967081132103,7.236528679526088,7.169773116529765,6.864908022679328,6.504456441343957,6.095844669040361,5.741365610882922,5.309987154962942,4.84113796468638,4.497274939843302,4.10704803142913,3.7435913482582164,3.518866863467982,3.1869108089877702,2.861965397935188,2.513322160667835,2.3140768428003433,2.1857071706252102,2.139970585563401,2.1405005962382004,2.163999784899574,2.286497754680957,2.4745765935265958,2.803258390906294,3.1381646816266975,3.4767492316237028,3.7078054776089915,4.0811415341533825,4.491427499862864,4.844112976705382,5.329915096648577,5.777687891279802,6.1402843697374685,6.545961296762535,6.902916098666367,7.202634758146257,7.259738553407112,7.276143585258482,7.146748804071733,6.972809021600395,6.728976016230158,6.461106300361058,6.021362762773534,5.528501847063822,5.012069708987556,4.491918080622852,4.005358690364114,3.60467851256093,3.1450440342147457,2.710906355577177,2.265327700769544,1.8467381453437186,1.455322651012922,1.1980227597952082,1.0286396342118713,0.9023484859195157,0.861426192502619,0.8178569577176326,0.7930066104731696,0.667335212066515,0.6036671209859074,0.46806780084466193,0.36906366882954256,0.26685331575186066,0.2089556309834555,0.20067942708682443,0.20658594776136013,0.057117962644981916,0
0,0.0833944521591081,0.2575919706665437,0.2590259635531339,0.29186204007367106,0.38164168021882194,0.49442526624185945,0.6131018820290932,0.7791542083752249,0.8617200552914197,0.9927322347578917,1.037222745646951,1.1157341527000308,1.1615039143300845,1.300740420986751,1.4610190634966924,1.7176661254824797,2.1006531040585252,2.512588839850981,2.9435885275237417,3.338511390152708,3.767193759937358,4.137868013272671,4.564764793432866,5.075043975291294,5.60819382174338,6.123041837575433,6.587315378342037,6.890790070347355,7.149345239470301,7.339258670829951,7.468045748697488,7.455953030014914,7.381301244298748,7.057699215693731,6.682643120972034,6.249690716704197,5.879880948186605,5.433504897267055,4.94412537643672,4.583106550472824,4.175952388159441,3.805986049882733,3.5809832436250875,3.2242638743628995,2.8831344051659498,2.502274046163535,2.2758516000746694,2.1193615088688063,2.057310848632217,2.056703138340865,2.0881796226191316,2.2346079569421273,2.4452552792400084,2.8044729173823164,3.156552214732267,3.519440284776069,3.754307872864846,4.138862922482311,4.568965853278994,4.942209635241901,5.452899136486095,5.920934333175254,6.302567151389384,6.733507513578526,7.105426364935101,7.425101960439865,7.485820367138019,7.510108834084058,7.3825257825237305,7.199690188762704,6.945597331503711,6.664457873232937,6.211822569982741,5.703235156400494,5.18038270152896,4.653629340480443,4.171175961477272,3.7593581055678564,3.288624266973303,2.852333563019287,2.4026293454412375,1.9795768108409433,1.5767053139505207,1.3098528237751514,1.1333826816179142,1.0022088957384763,0.951439941772454,0.8860672912155215,0.848231843414901,0.721573001029527,0.6594217359804242,0.5206591463224054,0.42376247356980806,0.32437719328934017,0.25983914558203686,0.2452941799133027,0.2444194440824515,0.08430226943228049,0
0,0.12243417982987596,0.30994258598790764,0.31461957476180963,0.36212319107357555,0.44810318543433253,0.5496379170326541,0.6582955191207476,0.8167167749775428,0.8962147699016033,1.022518389579301,1.0738840048596907,1.1615039143302137,1.2165466957813618,1.3594068898732692,1.5335632267860033,1.8004143039560103,2.1884174302628816,2.6041679991814934,3.0453950238576053,3.4371752665713626,3.861643718861934,4.230037559061592,4.654462150423814,5.159827320051872,5.684738665047841,6.211937046205829,6.681948848573975,6.990864012541511,7.249477692034272,7.446177098941583,7.568629724170059,7.549879344964198,7.4602128088071265,7.114120754677861,6.7234232611484295,6.277435391271949,5.895160516522328,5.450860767956893,4.962756726629177,4.607703514325688,4.213085080420996,3.858768197848425,3.643177265768634,3.2771122908938004,2.9347277217295606,2.52345228672154,2.271847652060978,2.0860061556087954,2.0083016484949154,2.006377360925586,2.0457794685524995,2.2151948167066746,2.4475551135177867,2.8364697452399383,3.190211920014268,3.562440440885238,3.793520514687928,4.16848326496538,4.58915889717034,4.960772198944925,5.474796212440767,5.947599782538463,6.345823361340747,6.791719115537427,7.179887120398553,7.521588468179657,7.592861608176534,7.619536293918266,7.4931004065420455,7.301889360064537,7.043771659885547,6.753259617783627,6.293402458590799,5.772774071109361,5.2537578519411,4.728299078478026,4.249406278767608,3.841631278952598,3.377063501333239,2.9459062105310667,2.4897270329365577,2.066809107819137,1.6640857899032413,1.391308066894932,1.2018625749875693,1.0677422124295162,1.0064930969321255,0.9326018272611569,0.8888566027498969,0.7685023369638303,0.7097076869838733,0.5763571471732456,0.48673332339597075,0.39727762387856264,0.332896993982785,0.30142780539490166,0.2947199550298669,0.12188470161924728,0
0,0.16122504513989358,0.3736375486050922,0.3947817264915236,0.4675056218999229,0.5594970609124924,0.6674256141711036,0.7807903257422879,0.9401616360706746,1.0196011970685859,1.1482744014884645,1.207064191464164,1.3007404209866842,1.3594068898731855,1.4942604880338137,1.6709968282470868,1.942788923605486,2.328029215699598,2.7410581499828566,3.1815645315983714,3.5623406770185277,3.9804389816920516,4.346634324651856,4.763243811009803,5.262078656936575,5.779725155189031,6.309636103356593,6.7877119621088235,7.1136755190667,7.374730141975042,7.5775129563754255,7.695696552689727,7.677122864129495,7.58302915008495,7.231965320795776,6.832548265432473,6.367830669203125,5.973424636000893,5.531641084523352,5.044286912616799,4.70434492102245,4.316319387308172,3.967294962748065,3.7583588023690373,3.3806697470780067,3.037005779556756,2.605468449856799,2.3351879072074557,2.1174235129999546,2.0220633353784083,2.0199756627066714,2.0731462488968475,2.2691057752021053,2.5173743652620604,2.9252334015654053,3.278416604731904,3.662515928891882,3.890920850908679,4.265775092306386,4.683642759915481,5.043483394410984,5.560965091121165,6.036377525918479,6.447553187387085,6.9120934201543145,7.308546498432223,7.656205744566734,7.729772107890479,7.754169154758855,7.629582233978202,7.430938101201902,7.168794607387629,6.859710435107801,6.3917000882039074,5.86721758672148,5.35088357658401,4.830035516542172,4.3600682102494,3.956332749492694,3.5002979644911747,3.081841632113596,2.6279694256197033,2.2092950678930934,1.809052731189846,1.5300347760369009,1.3382007911498808,1.2106729757718615,1.1446853666947954,1.0674169917286724,1.0196700541866246,0.8996597807977043,0.8434421324513957,0.7098570753342642,0.6142053889832059,0.5181256443870633,0.4422797355929764,0.38240867367696607,0.3570667287834381,0.1591263440834067,0
0,0.20645920854960959,0.4423279905098883,0.4782197256885285,0.5809688607072796,0.6943327550698494,0.8057004274296543,0.9277474649291626,1.0889896718094092,1.1683305453893977,1.303633146537391,1.3609080885196654,1.4610190634966904,1.5335632267861379,1.6709968282469938,1.8531903212207839,2.1261134215017243,2.5117253690291066,2.924710421360386,3.363329459249169,3.7300745084616045,4.134468513983709,4.498694682452881,4.909171766564805,5.402561464960762,5.90463925796985,6.439126227656797,6.9232748190304205,7.260083112927956,7.529124535733392,7.728166370040883,7.844287751769477,7.815915147750546,7.70279834274927,7.33920427750524,6.934936317381053,6.451724696213042,6.037503394907954,5.593319364717162,5.108386021499251,4.784529017864732,4.4052273801355835,4.0561680016871895,3.844355500540202,3.447161551243914,3.1039852843720857,2.6525837380820163,2.3541647848887743,2.1132147418824574,2.00328451005604,1.9999407279467596,2.0618558107242886,2.2754519142297007,2.548005214839009,2.9733522623940547,3.3246672269016564,3.7291285776450565,3.963747283480916,4.345328533496745,4.761138756817185,5.110103315959451,5.631720240765629,6.113715579353587,6.543989813075468,7.028170878225938,7.427666004678604,7.787401591388831,7.87747838591571,7.907843684117957,7.783194487925266,7.587308395663589,7.3138545123736405,6.99276875952214,6.51830497369136,5.989078695735993,5.486048142706314,4.970080813687461,4.508172658920795,4.108963240666018,3.668304853978625,3.2671771100153673,2.817159046381538,2.39737748882712,1.9958196155820076,1.7175142574723976,1.5203553446913443,1.3897290938121918,1.3087567473993713,1.2259997449611806,1.1825149196435396,1.0582825174820794,1.0031625869739302,0.8675516743593386,0.7620796648179238,0.6629445433920015,0.5632962364993929,0.46991434670699733,0.42504602289545035,0.20264004404675953,0
0,0.2526747805281555,0.5266993613568118,0.5915898263431932,0.7304617658565391,0.87412998772749,1.0085431324887433,1.154381155783711,1.3272770567451473,1.407513670116959,1.5423117347101878,1.6048755914293822,1.7176661254824201,1.8004143039560014,1.942788923605439,2.1261134215017012,2.404547261847948,2.7891446825076893,3.1974439997316795,3.62350474070349,3.975979270605608,4.368310240120086,4.725363303067535,5.12474467140957,5.603983661137578,6.087822388977009,6.594203583455433,7.0562538654870774,7.384639362546996,7.644256392650684,7.826765232354757,7.923103022464915,7.868201253226941,7.722318887264025,7.3366869063519635,6.926527804150464,6.423707527410535,5.9909018910502105,5.5467939638911705,5.061040924901619,4.738836497682646,4.3542262859535175,4.000816761434368,3.77178475763595,3.354946772907109,3.001186548204358,2.543533705523972,2.224027675061858,1.963700931214692,1.8449527845329616,1.8405663564791093,1.9073426158845754,2.1374815417854665,2.428627644071379,2.8599245701062666,3.218261340364145,3.6406915389457786,3.8975721557321132,4.289833811094781,4.716969657869672,5.068761323430176,5.597920212801549,6.083144053952498,6.535616895983651,7.040706445947384,7.444141435474209,7.82568495221698,7.945432399895949,7.999101764619353,7.889269251287862,7.705694818046552,7.4381712735939525,7.121638387077411,6.667936462039276,6.165665528052869,5.6762452527035006,5.172618181493953,4.725296131357371,4.339227024268637,3.915801973324963,3.5334552304786175,3.0989517200084205,2.683548699364522,2.283721994292038,2.001256084878403,1.8014289412523599,1.663782740890682,1.5707389737595912,1.475036759711759,1.426369653136788,1.302240177087511,1.2469934234149689,1.0994789346525058,0.9705204840015151,0.8480793349805387,0.7153042569464635,0.5827299997845918,0.5062258828955,0.24566757739758427,0
0,0.32098912062697954,0.6434203295767754,0.7505773380706919,0.9362468453403675,1.1266811892640547,1.300913564508701,1.4773913303055182,1.6757067049717944,1.7669558862369543,1.9038053583210586,1.9724971458298493,2.1006531040583987,2.1884174302626502,2.3280292156993574,2.5117253690290435,2.7891446825077324,3.1633344283297715,3.5648249037974518,3.9793277279935095,4.311494248697059,4.6820150722162,5.020081918488309,5.40422388694587,5.862941201680419,6.318690062827831,6.797299112158264,7.228675119002765,7.536744017095209,7.784067386077836,7.944148818321446,8.026387636950856,7.939817783988854,7.767455768884263,7.372248213389129,6.951134486425974,6.43308066347675,5.984566611793817,5.531196562080046,5.040836085737102,4.716422451374562,4.330889883060504,3.9752720711695626,3.7208090538657728,3.283795832705363,2.9176630977180733,2.4496315977980103,2.1209965951300207,1.8478213441652185,1.7208067325480658,1.716426714746572,1.790719648109998,2.033796839821888,2.3351302421694364,2.776191729714084,3.1437262685838503,3.585253570439817,3.870785425547307,4.269382439034677,4.699420149802267,5.052601530396558,5.587572386827812,6.08287980601093,6.554942195960166,7.078521016127226,7.492938811422376,7.884595071602373,8.030973356290346,8.112405634988095,8.013242034340193,7.850119233590796,7.592871873253979,7.295299641202574,6.871327296532586,6.395642335381986,5.930843286084719,5.447561319117175,5.019337101780046,4.656632798925236,4.258863907056679,3.898776568178476,3.476733459147377,3.065396966107185,2.676108407905115,2.395722732839761,2.194283626240764,2.058072473510875,1.957057909807936,1.8418360867805093,1.785112388274776,1.6580994651924503,1.5907810804881843,1.4173997327660033,1.2596704491997146,1.0991042630116243,0.9190017676188669,0.7385811798895373,0.618453550567574,0.3104312237666784,0
0,0.3949863455529044,0.7731967261388718,0.9413705540662309,1.1842401574673778,1.4283301609485752,1.6415095172711083,1.8466400224615669,2.0642885648293965,2.1589428617332143,2.294626318454496,2.378143898796028,2.5125888398509706,2.604167999181346,2.74105814998285,2.9247104213603645,3.1974439997316795,3.564824903797416,3.952927054616731,4.357171290436985,4.671377093354752,5.0255102102719,5.35402324948518,5.721975881305401,6.163652019810908,6.5997116641584075,7.054123008743955,7.46553396918582,7.758097351125738,7.985404149150537,8.113373398153582,8.170499163499642,8.056523078676898,7.855333204318372,7.444617278737372,7.021510173790623,6.490512176630701,6.0290267341856865,5.5765949506693575,5.0971878381056746,4.780937679102229,4.411155137700198,4.062813161444251,3.802776696929495,3.357635393311609,2.998059958979435,2.536930347903794,2.2122995326314707,1.9355833307263317,1.8143422615350069,1.8103198632053616,1.879028763703655,2.124996265492256,2.424225884312927,2.857299381538358,3.2161997661783768,3.6640683539185384,3.9560673265446282,4.349633545085207,4.7649302219904754,5.11083022371139,5.634942839228902,6.129828109328799,6.616217831410089,7.15564497980417,7.575173569462801,7.9838309175940765,8.162294752809393,8.271693921005106,8.196859455814765,8.065115499166788,7.824744482091076,7.53811370229053,7.132685751273275,6.677992675532698,6.228544258223642,5.762560405872922,5.354840167950007,5.005984977913226,4.62878876276649,4.2878111153665825,3.8753328636601205,3.4745261121147717,3.0908279241967076,2.8153522574164915,2.61347369018128,2.476937776038927,2.369771845726113,2.2461298276383257,2.171224857359178,2.0426778956507055,1.9687029389504282,1.7729770235788271,1.5869094807940272,1.3885881678663725,1.1547660500709453,0.9187820738225091,0.7391259385734812,0.3785824489126538,0
0,0.47199422113197637,0.922342343453554,1.1517334696951287,1.4543001077992097,1.7506954708591393,1.9946513587974346,2.230622368486641,2.4668516986608173,2.566281230552284,2.7040710486364405,2.8015496814881713,2.9435885275236355,3.045395023857488,3.1815645315982466,3.363329459249114,3.6235047407035226,3.9793277279935597,4.357171290437061,4.735989204017981,5.032754766342884,5.3743185458554015,5.693134285936224,6.057646942837814,6.478281968741109,6.894584172487397,7.317523316906027,7.691250630268545,7.958481981378663,8.160547000572574,8.252126027161301,8.260990651910333,8.10990682481603,7.8799629988916795,7.464717541902985,7.044611817870576,6.508130282317089,6.040400273357933,5.591091824458173,5.127516368544299,4.816334184153652,4.46207153126401,4.126102899739556,3.8632209139891636,3.422315922612472,3.0736098348099206,2.641638973807804,2.3414218443557617,2.067569401080838,1.9421763507982033,1.9388207426173854,2.013724201943604,2.2578983788725777,2.5353886440888758,2.940611509044219,3.2884983451674117,3.7306342085715207,4.025176484565841,4.40731684370968,4.80849324092849,5.148494115808363,5.656145783287542,6.149561424176388,6.642830589078515,7.188950312901981,7.607895230236439,8.023070248104066,8.233631829038,8.38034736418999,8.353898325711176,8.257976339019923,8.040629880692942,7.77536850694829,7.40570462229434,6.979302319467096,6.548534728472596,6.103784989658822,5.703921998861654,5.367524396858525,5.004959777284837,4.681776079513685,4.2917063491135545,3.900120231539074,3.526015004169217,3.259054581473059,3.055615364852989,2.914427121446555,2.7940820622826874,2.6584504409377567,2.5682468581764013,2.436113097540131,2.352878774103094,2.1364038275795507,1.9196047182227003,1.6911750314847125,1.4064580176685728,1.1140220150423268,0.8794559686224239,0.4513467255455467,0
0,0.5470138515915034,1.0579612136676377,1.3507245162598214,1.7189001105516732,2.0622158757167885,2.3391227194598487,2.602356744792467,2.8511350803214945,2.95420970432754,3.093292722134915,3.191267933456717,3.338511390152471,3.437175266571249,3.562340677018424,3.7300745084615192,3.975979270605495,4.311494248697003,4.671377093354768,5.032754766342875,5.315097052053735,5.6422528161738725,5.957856105948667,6.312612876308083,6.7141543726914,7.116684922991967,7.518099635565456,7.864942955277068,8.111213980380803,8.291827615384099,8.35415104450236,8.329750278750131,8.148478226504633,7.896354053464939,7.474263445646754,7.048536752568352,6.504900846300184,6.014718240672975,5.5559761312184675,5.091144071182973,4.7819289994595335,4.42988427907913,4.0900210929573895,3.813582765457639,3.3748237363043208,3.0250678370644284,2.613275908367998,2.3276607467942583,2.0576024807727156,1.9229258295981697,1.9198144607532208,2.0078615057784783,2.249832038439145,2.5139037833688063,2.900696653506378,3.2494828780382825,3.689026872799831,3.9958226167663082,4.3808953250479545,4.778335672043522,5.115055892730821,5.622503009993831,6.125904931834265,6.64342813081237,7.19947061665875,7.628970069393493,8.05378419329867,8.291407036784786,8.469842914099457,8.478135294446956,8.411075329586392,8.215060923122488,7.967784472244151,7.622430479563832,7.215259877901671,6.796660559189981,6.3727819007951165,5.985805459265705,5.65348023302061,5.306503332805791,4.9983994310833895,4.622863891095493,4.245843807626118,3.8876577172409896,3.6294135814044277,3.435854234581411,3.3008083460320883,3.182304990221311,3.0381156743768574,2.946435557720652,2.811587995602295,2.7213026075357303,2.4914442420667076,2.2490969870044815,1.9883287732490211,1.6584267074623238,1.3031159487769925,1.0090607550737354,0.5223584018832623,0
0,0.6147272675233869,1.1808572696763997,1.544459865698142,1.9820238030709216,2.3737130617287363,2.687697645074544,2.9851710824247815,3.2509783817178772,3.3581944349908452,3.4947561811643717,3.6070063845822724,3.7671937599372414,3.8616437188619375,3.9804389816919605,4.134468513983679,4.3683102401200005,4.6820150722161555,5.025510210271833,5.374318545855413,5.642252816173876,5.958865364946177,6.2650602057787355,6.6011293103324675,6.979540995646377,7.374474145893403,7.75207541849183,8.06774697942198,8.292633765399053,8.456313766877035,8.489338246395624,8.424965957635285,8.207751212173982,7.930355498632584,7.492463357624128,7.052127067628166,6.491911542232235,5.971945747747625,5.492527583209843,5.024710711056442,4.701604077051335,4.342489182604927,3.9886240465126144,3.69180524416061,3.256077519183584,2.8986021437757388,2.497557320960241,2.2180879632860684,1.9550476744831145,1.810988172867981,1.8081868201500917,1.9102466385555625,2.147474894389973,2.4057505743278447,2.783399595335562,3.1392396969863574,3.576394403504664,3.9013235347431885,4.297801416629443,4.698810281192467,5.048280679806385,5.557131663344899,6.079796624812107,6.629049166571429,7.207223020114365,7.657654485794151,8.10187211368135,8.370861297312562,8.591348638465645,8.644919316276354,8.609224992753647,8.430932065021562,8.204305191242716,7.888690190866438,7.503004634137692,7.088872226337067,6.688410027972741,6.320946337392499,5.996836131295602,5.656532943843869,5.360211313715642,4.99095667371223,4.62284810344337,4.278749082859582,4.0266468813104925,3.84208934227509,3.708474313221728,3.5932350613164132,3.438302806481077,3.3353786151906073,3.2055001735011253,3.1114567152580603,2.8655624400528463,2.5925791001212577,2.296186385597146,1.9193745845229861,1.495391272685512,1.1330113001731086,0.590574369848729,0
0,0.671476613854354,1.290714196489505,1.7148662566556958,2.2100319626836478,2.6442700800088237,2.9856796851582774,3.308539021972217,3.5932179518257272,3.70002012999069,3.8452155477622396,3.963785706647786,4.1378680132725325,4.23003755906155,4.346634324651867,4.49869468245295,4.725363303067522,5.020081918488368,5.354023249485109,5.693134285936235,5.95785610594874,6.265060205778723,6.56233881807278,6.891398856298004,7.255962991187855,7.642573501803607,7.998331364014566,8.286612605552305,8.490724612288902,8.635132165929406,8.633628384250224,8.53082583403315,8.283347817753938,7.979565390987128,7.5323092203434845,7.07677266652716,6.502525366522341,5.966127247781388,5.473704180506575,5.011373303363972,4.671160347461088,4.3163545299824735,3.9590521975723942,3.653539227376181,3.2193896314993147,2.85569930009416,2.470967639084669,2.203736173422702,1.9495585554824701,1.7989913811251275,1.7955280226253547,1.9066098631323753,2.134435076100417,2.380609463279813,2.742211733385569,3.1047565092535336,3.5414815067492267,3.8739224006726896,4.273023787454997,4.666036041851853,5.032721677965618,5.535265116231075,6.072434137920249,6.641281145817353,7.240505922340247,7.7131427419861325,8.171687653580184,8.471891641589284,8.726963503666273,8.824405756488934,8.827237493720919,8.668964698630743,8.461775010594442,8.172258773000303,7.805603019095095,7.397142708577608,7.00750359627777,6.64599996332001,6.325504244002736,5.986631128724602,5.688124350081757,5.319342263561872,4.953144210966177,4.62084754455664,4.372021828237252,4.185049620011182,4.050753978036761,3.9383568523694246,3.773982254712863,3.6713264629081412,3.5407311924961467,3.4507413644693274,3.1897388902210846,2.8954054219857706,2.5737672814412793,2.157181974109153,1.6744076300554624,1.252051588058313,0.6507369935967483,0
0,0.7322459409632958,1.4056631219409954,1.9107878819153725,2.4663778817400255,2.947969815146987,3.326336254933096,3.683618880024716,3.9911372222969206,4.119720490889113,4.269969261192278,4.394926945896995,4.564764793432751,4.654462150423833,4.763243811009801,4.909171766564759,5.124744671409589,5.40422388694596,5.721975881305473,6.057646942837929,6.312612876308031,6.601129310332461,6.891398856297994,7.209853667283768,7.560082349802955,7.942813020046419,8.269111938636684,8.530824258506305,8.708897264568995,8.831072915955293,8.806922196370264,8.681545587218784,8.42014658345945,8.099363819085713,7.654887626082142,7.194521631396885,6.611930207749705,6.066675324959184,5.566434130567115,5.10886716261796,4.779482914572041,4.441525160075176,4.082156814657318,3.7626507809829626,3.331333484621201,2.964372233755226,2.6081204365966895,2.348921704819202,2.1084534939244293,1.9558804705874953,1.9517006447952143,2.065402323162096,2.278689037133413,2.517601076184441,2.852676161627445,3.219953070925979,3.6559556363424686,4.002651378020145,4.402539829592218,4.777469603683607,5.134353703331744,5.632909832596125,6.177668316309884,6.760160520479875,7.372610098965956,7.8576062943793,8.317517289698559,8.638520610829726,8.908600412757252,9.032197496182933,9.059512023588908,8.922560555340178,8.73692728506353,8.472627946082998,8.132060869142434,7.7225867414654354,7.344940875081503,6.992896208449412,6.675700282951444,6.3505093046541194,6.056571298698135,5.685423399235177,5.328748995091058,5.006514312426142,4.762889603340116,4.57940961366893,4.450627067374995,4.341789369698401,4.182438783562465,4.080817387944178,3.9530964600098555,3.844696785137527,3.562592008781155,3.237380505465835,2.880202597048825,2.4160109958336373,1.8722421093255293,1.3705412245675335,0.7129743654067602,0
0,0.798404717643689,1.5303614912985617,2.114220461045488,2.7341355182339804,3.2674368297779344,3.6950838586004155,4.094741039389278,4.4399239182974615,4.5982824194026,4.762690537578884,4.899733056604834,5.075043975291305,5.159827320051885,5.262078656936599,5.402561464960757,5.603983661137494,5.862941201680453,6.163652019810891,6.4782819687410855,6.714154372691471,6.979540995646407,7.255962991187857,7.560082349802847,7.89314540244332,8.24791689386442,8.53724086022926,8.757423115784409,8.89967372087976,8.99686053480739,8.943441247429718,8.79003571202099,8.49939992710357,8.16318449391102,7.7229708089958695,7.257663343195746,6.674527224383499,6.122594511362967,5.620034163773382,5.173824788973834,4.846955209541405,4.527493872708482,4.177203571154611,3.846434344210821,3.4238442878059443,3.0757096750133983,2.7536266106113563,2.518534080747624,2.2930313547873,2.141357924800321,2.135502442688217,2.2505970818601733,2.4494944355295383,2.667852715739003,2.972731485070988,3.321232812206789,3.7505616913647137,4.10884428937187,4.499343846756269,4.856208791218657,5.211958744194199,5.6994046849527304,6.246513991025004,6.836856267328516,7.453302546052392,7.946060279066405,8.40350118123413,8.743428934326904,9.040916514230224,9.194617447949181,9.252203029736494,9.141004496692807,8.991685585576583,8.768961444525976,8.46427181898533,8.079611456858434,7.716726882807634,7.377785686962287,7.071136214257281,6.764826403709079,6.484341747259734,6.127477099474559,5.780816703502779,5.472359355220217,5.23854460807918,5.059202222831002,4.933804903783604,4.829249838816883,4.663434109654636,4.556717389221874,4.423533134522252,4.287935616376902,3.9711800236749295,3.606615725127167,3.203759600636653,2.6892983143290095,2.0798398405132494,1.499695386672796,0.7821605934052515,0
0,0.8604946043258109,1.6595731693474047,2.3226943359119345,3.0187152784966647,3.613140900984289,4.095150877821299,4.535151709146237,4.906850661251408,5.094032828166046,5.270394840833562,5.429556260550648,5.608193821743341,5.684738665047823,5.779725155189136,5.904639257969846,6.087822388977177,6.318690062827989,6.599711664158542,6.894584172487422,7.1166849229918725,7.37447414589336,7.642573501803608,7.942813020046399,8.247916893864423,8.56865385031703,8.811680675187228,8.98666462851402,9.082056705255617,9.124268720757637,9.021849622155935,8.802467024750982,8.472475546937487,8.115140174986323,7.663697867691983,7.1906462306319305,6.600358122749128,6.036268449855758,5.537201404623083,5.10172515329557,4.775425967162605,4.465989833416062,4.129761669213866,3.795104567737158,3.398875942706305,3.0826997837314734,2.8067994062127317,2.608044927177392,2.412411572196278,2.2674814024412733,2.260506870591748,2.372336949031779,2.5424493921846714,2.7250813388342943,2.986444519651668,3.3045389980695083,3.708279836715117,4.071706074435753,4.447659261732406,4.794100841002133,5.150922902724017,5.629654487063965,6.174181446868643,6.778857228641145,7.403840967200154,7.9061515231749,8.376401485247076,8.740337258297041,9.079422938130138,9.30414387748691,9.413394944570666,9.3595170727841,9.255102238313636,9.0768189218338,8.816262082296586,8.466454746196467,8.12930631293291,7.792383291140292,7.48900736163517,7.184031604502119,6.9107283385747555,6.567405443179918,6.232362237223145,5.944094086352162,5.721932481419601,5.554601518872238,5.433518429701959,5.338099946199517,5.170935383486511,5.049188606772883,4.911759041078435,4.751700162198053,4.411025260931236,4.0107320774667965,3.555841386410591,2.982808432422801,2.2959719685707305,1.6353537179837603,0.8479367724049159,0
0,0.9139770911416902,1.770363704970418,2.5099471229269916,3.265088464626812,3.915241388023876,4.4321054615401865,4.915777240597925,5.319594235369551,5.539913764699235,5.739731725502118,5.929250050403178,6.123041837575484,6.2119370462058665,6.309636103356679,6.439126227656891,6.5942035834556005,6.797299112158294,7.054123008743935,7.317523316906026,7.518099635565381,7.7520754184918905,7.998331364014642,8.269111938636815,8.53724086022926,8.811680675187262,9.00283277092947,9.113425811578296,9.150079752396024,9.137318878830964,8.976010387193522,8.708685499374695,8.344032004883143,7.9675478052713435,7.50779692918473,7.037850692511476,6.466085504785013,5.901872896768692,5.417912194479961,5.013262716298932,4.7055998368794665,4.426686094471298,4.12231957019706,3.801172344104063,3.4491846911188984,3.176935447400127,2.9436500948529836,2.787556301748678,2.6304199352125477,2.505195443616134,2.497064205844169,2.5926032807378396,2.7252510905117475,2.866429327811779,3.0891951628937,3.3675767193276096,3.729454350192593,4.07878920289325,4.419577917121491,4.732572370631906,5.071799149878645,5.519250765084375,6.0483506451871945,6.655306894931394,7.264861451133965,7.768844449729821,8.248234888024628,8.634672817469205,9.009634831506553,9.288278906547324,9.458129550448795,9.460384024191022,9.41446604785997,9.299234968154748,9.09137758294858,8.790353090686587,8.488713375447372,8.17872692099818,7.89045286953521,7.6012985460251405,7.341828813473785,7.024458123205421,6.707821817578413,6.440987008620629,6.240563083823782,6.06719725088535,5.94108793590223,5.834194484287362,5.653681979012397,5.510222398069655,5.357532990371424,5.167971730438737,4.798282561898278,4.357970767381383,3.87084803632289,3.2440759614615393,2.496278540959273,1.7579675696780803,0.9089472926636539,0
0,0.9604642525917059,1.8561867363409463,2.65795759960046,3.473174725856796,4.173701419179291,4.728654523816141,5.24722768261304,5.689899276006587,5.943742573794141,6.164177566859339,6.380332749416816,6.587315378342098,6.681948848574054,6.787711962108895,6.92327481903049,7.056253865487062,7.228675119002806,7.465533969185675,7.691250630268509,7.8649429552769,8.067746979421942,8.286612605552255,8.530824258506316,8.757423115784471,8.986664628513948,9.113425811578283,9.162865722606808,9.144002740947093,9.075479120171298,8.865730044788634,8.564930316979993,8.179742286361337,7.792428140677716,7.3414709079786595,6.879790675028331,6.338311217093266,5.794986593251787,5.341375048723473,4.987437447258087,4.702148470700844,4.456809834676499,4.188558094883268,3.8812408350297614,3.5761867420242575,3.343686193438002,3.170290104813992,3.0584408447432923,2.937128676590172,2.8378736116041523,2.8292715124149272,2.904470496219168,3.003857555101685,3.101402315098799,3.2682305095548427,3.5072983716893202,3.8222852672874392,4.157343440703876,4.458319919368957,4.735519004738755,5.052445964431632,5.4499481881676415,5.950245328473636,6.539975810459103,7.1227593417738095,7.622196266326226,8.095935070457507,8.497099797486635,8.895299749488153,9.211005041399506,9.429561983494555,9.490718680474458,9.498917250764595,9.442544176153467,9.299509225795482,9.044513050953226,8.782468860603466,8.497557518207318,8.231661270174296,7.968511318342393,7.730924893823295,7.445422719943035,7.143208519092228,6.900936176130719,6.715672284450171,6.532158718319047,6.393520024810906,6.279879557275298,6.087269163151433,5.92163868728074,5.753421692936271,5.534578421056412,5.128368885583905,4.656904244089833,4.135239348241664,3.461257478498382,2.653297752657887,1.8524209533779643,0.9602553012409378,0
0,0.9828728181690329,1.9038400890024578,2.7536441085515504,3.6053137400718853,4.331388706338892,4.913304743734537,5.451535347202797,5.922020339075313,6.201749454504302,6.436531589707488,6.670691085727245,6.890790070347492,6.990864012541575,7.11367551906663,7.260083112927927,7.384639362546887,7.536744017095149,7.758097351125738,7.958481981378659,8.111213980380752,8.292633765398998,8.490724612288869,8.708897264568964,8.89967372087964,9.082056705255575,9.15007975239594,9.14400274094696,9.065990129489466,8.948546220430982,8.700642886751496,8.368669737101287,7.956800915021777,7.556702887649678,7.106482482120963,6.649533664545617,6.140594085304533,5.631826256280705,5.225105861308792,4.936285092105025,4.705679767427304,4.52489081960302,4.316567055158463,4.057262534271012,3.8207390360985882,3.646888148116117,3.5408778698935817,3.4734184516954403,3.390537640803419,3.3149195266135227,3.3044706855591772,3.357910616825043,3.4186116977492857,3.4702776880130117,3.572993123571228,3.754259893138831,4.001103482127484,4.289066000549694,4.528743267550322,4.7396853149615525,5.003283751564971,5.336512635310837,5.792190245930994,6.352478983349947,6.906654464763196,7.404936874701826,7.880627577261622,8.295638259764663,8.7215006320766,9.071075476380088,9.328079966642717,9.44084494251491,9.508579181043672,9.508085447116624,9.426594968531218,9.220114942313018,8.994012467264488,8.734108579847062,8.484731827941859,8.236087991698499,8.012947921339489,7.7461259788082115,7.45565369817952,7.229730559830453,7.04644120538292,6.847520373648956,6.686534296673998,6.566845375457615,6.363800524184511,6.186407682506517,6.011463028033153,5.772842314950321,5.342999737828529,4.856358554017323,4.312039862360994,3.612793490138825,2.76685725430425,1.915381400428042,0.9910411624457006,0
0,1.0080194183941753,1.9554292925730672,2.84640454787493,3.7124141277576643,4.459295958508962,5.064359463695143,5.624243778061335,6.116159413193211,6.424940005859327,6.674967561510994,6.923059610808919,7.14934523947049,7.249477692034368,7.37473014197499,7.529124535733353,7.644256392650734,7.784067386077866,7.985404149150535,8.16054700057254,8.291827615383934,8.45631376687693,8.635132165929377,8.831072915955104,8.996860534807277,9.124268720757495,9.137318878830866,9.075479120171197,8.948546220430929,8.781396751371942,8.483877565389083,8.120995018547209,7.687710232366273,7.279932209418125,6.825809509981464,6.378813656661887,5.901498474457983,5.419581046014748,5.050146929386749,4.809732155834716,4.6198231472718945,4.484637563922984,4.329915768426262,4.114540371936755,3.939372196873522,3.8310169251338375,3.7749196131565443,3.7521551270288978,3.7014289129780775,3.642193543329047,3.631386246567295,3.671368757955187,3.69936491769595,3.7062331074727655,3.762354208683441,3.880247182423458,4.0680716489171855,4.310108453885216,4.492282673395408,4.654707254199756,4.878377880348633,5.162948355034149,5.58057892594646,6.1155360864709785,6.642196929567606,7.13467701603401,7.617610703968213,8.043069662404132,8.49110718732207,8.876457900316614,9.184628085127603,9.35016443586582,9.472029005672278,9.53048618357066,9.50742076690852,9.359245793979634,9.158608364350274,8.917520789061268,8.683665247128133,8.4466254326027,8.23854005316988,7.989966546209531,7.713872376885703,7.494386295379942,7.31355467912112,7.1028032714100755,6.934308031300102,6.814883253541215,6.607122068772617,6.417964750750681,6.230387199838198,5.967901344536154,5.523419730147911,5.01856035181723,4.454715674327404,3.7354055090942286,2.8735492236015188,1.9773842010032658,1.0216088092974376,0
0,1.0199188397410373,1.984456269130384,2.9031761606700672,3.7760527718221417,4.534564909569242,5.162889541727236,5.738206597698395,6.248694981246167,6.584682762506851,6.843037230552791,7.104799976342946,7.339258670829914,7.446177098941606,7.577512956375568,7.728166370040795,7.826765232354773,7.944148818321441,8.113373398153499,8.252126027161196,8.354151044502226,8.489338246395521,8.63362838425024,8.806922196370211,8.943441247429677,9.021849622155807,8.976010387193446,8.865730044788553,8.70064288675143,8.483877565389069,8.16309038047664,7.784545275439541,7.3613416120770525,6.965625602690323,6.531944423647929,6.112853947413407,5.676305808533403,5.231048301438254,4.9035249554987,4.71201581914534,4.561987901001509,4.4654519355218545,4.35869533465774,4.173893393404948,4.04367538755816,3.9856114027830607,3.976692345967895,3.9992144218507146,3.9904876888609073,3.9595840990844917,3.9495449018578936,3.9668126416373637,3.955235277577602,3.9171582899694455,3.9292484835799764,3.998945965421314,4.141434261937941,4.34921596590152,4.477646184649409,4.597570684239266,4.7788034246352815,5.011977487701421,5.385021027576041,5.882983711669221,6.372834612416531,6.8407250027080435,7.306259449298842,7.721380849658903,8.162538453111711,8.568570252638716,8.90204450620364,9.121457788776608,9.283219320699494,9.394106499725023,9.433383701715737,9.338685937114585,9.167230137287664,8.946759150239782,8.744374164029578,8.53324662268724,8.350283010735602,8.135591082121852,7.8877866390269,7.686676804591345,7.5204278228025805,7.311882617669873,7.134989922516875,7.008466644228479,6.793506327854405,6.592663036055834,6.398806193056221,6.112801296127884,5.650988077633683,5.133944735500548,4.549580068050514,3.818913000123462,2.9462851400805445,2.0180582110795093,1.0409053381390396,0
0,1.026351321313767,2.010348245715627,2.9446602155586676,3.815597096279288,4.589436171583004,5.238814898486483,5.830079724182268,6.3616522757821405,6.7172609637880285,6.978570331139982,7.2396708113210835,7.468045748697595,7.56862972417003,7.695696552689652,7.844287751769439,7.92310302246489,8.026387636950766,8.170499163499574,8.26099065191032,8.32975027875011,8.424965957635283,8.53082583403317,8.681545587218785,8.79003571202098,8.802467024750928,8.708685499374504,8.564930316979893,8.368669737101259,8.120995018547122,7.7845452754394255,7.415984950098643,7.006678276947916,6.618945782139787,6.210280377023872,5.8235339975510625,5.440173301153166,5.035131481614821,4.750146367746742,4.617973629682243,4.520308587590176,4.473544664835604,4.406497870000095,4.255378451850939,4.178945353779818,4.186075494625236,4.213995014411529,4.2577069591491465,4.285049005116591,4.281255584876548,4.2728332438388,4.267920711716133,4.223240068404799,4.163654881773175,4.140640744729051,4.1474038143008185,4.23621772247636,4.408844097739668,4.492899561657117,4.558345945120414,4.686919169721869,4.856743380747976,5.18366418290736,5.640077511797909,6.079620130757789,6.518594427600746,6.961452731945755,7.370798681263253,7.799771289217515,8.200844729786622,8.552531724945469,8.804348539222579,8.999527115014955,9.144061008852319,9.234863475947552,9.208376676591143,9.06460411397473,8.867342733793267,8.702845187767995,8.529765853428522,8.376795891329587,8.206584088295791,7.980026435679083,7.789861507236326,7.642051374171996,7.434457374024107,7.2622173588895675,7.144090996101213,6.93497392464078,6.735992001175809,6.540175812596575,6.235529534391884,5.754993034787207,5.222666726828558,4.619059277248637,3.8731419995344147,3.0001733939728172,2.05381736188066,1.0536464859791421,0
0,1.0093584581507091,1.9842330019359335,2.915849668496808,3.7915593462878374,4.567183856385197,5.222880995756716,5.8118691614564755,6.355008352394375,6.725727601219951,6.975243463155131,7.236528679526121,7.455953030014854,7.549879344964169,7.677122864129366,7.815915147750348,7.868201253226768,7.939817783988672,8.056523078676783,8.10990682481589,8.148478226504547,8.207751212173871,8.283347817753924,8.420146583459404,8.499399927103607,8.47247554693744,8.344032004883084,8.179742286361314,7.95680091502172,7.687710232366205,7.361341612076903,7.00667827694781,6.617289538274077,6.239941542268065,5.842182819363696,5.4822719077248525,5.14297817038356,4.780589619642505,4.54026167331374,4.460623403620076,4.4202860077193415,4.429460496243417,4.417180777342502,4.3099665133950085,4.298229314300707,4.370294207343319,4.44372783863992,4.523699488122546,4.5939052918578795,4.61313025640426,4.604725617041279,4.5796476333128755,4.495284725344715,4.398773787405915,4.331456746607511,4.274605768217497,4.300994021134335,4.428842233015423,4.452260165634551,4.458879163240551,4.53094868092576,4.646469715365176,4.923910695682113,5.338167442425611,5.734185361639837,6.148657975574812,6.584376299481589,6.98510503389438,7.395580760316791,7.784009379035415,8.12669069470839,8.402413926595917,8.627120330464477,8.792397590815892,8.919871151392872,8.935912038962769,8.823925031067247,8.64026679995306,8.502916366106769,8.363667201876558,8.238056749014948,8.101956168967043,7.900835835522136,7.74153133808419,7.616131139061199,7.416988349593991,7.2447046794107335,7.133123976116379,6.932641238604771,6.7345080638463575,6.553802291774334,6.2376762050031695,5.747188429433276,5.216993998400829,4.6074005634904065,3.859363716732841,2.981348906004737,2.0363668819745975,1.0405384319017617,0
0,0.9808240390765958,1.9421294755338034,2.873462554576158,3.74753739966509,4.520391319442408,5.179991676168363,5.762173361071971,6.306348816772038,6.678398569518197,6.9172470314540995,7.1697731165298135,7.381301244298584,7.460212808807124,7.583029150084855,7.702798342749143,7.722318887263978,7.76745576888415,7.855333204318253,7.879962998891646,7.896354053464844,7.930355498632462,7.979565390987103,8.09936381908574,8.163184493911034,8.115140174986404,7.967547805271269,7.792428140677552,7.556702887649568,7.2799322094181385,6.965625602690324,6.6189457821396855,6.239941542268017,5.890084597682167,5.509856735455162,5.17288664245081,4.873302856243512,4.548896344888076,4.346805273724383,4.315063230697643,4.310815821122515,4.368973602474724,4.40418176671461,4.345222733336618,4.387846726572401,4.519821244690816,4.645790073584507,4.775314006233625,4.881573711114363,4.922104321300209,4.914278166460609,4.8722012877338265,4.756128180663294,4.610178921096411,4.492037881219991,4.378105751439097,4.352009345559013,4.429373514167155,4.401416278677246,4.357718232973968,4.392072298925666,4.457346982139575,4.692555194202791,5.0659018105995495,5.422106866194311,5.813570253960624,6.232956917258772,6.605201136478341,7.0058565607094225,7.386478054411232,7.71799908833504,8.002244984607385,8.244237000871596,8.421818129197856,8.570690536651586,8.612258012873946,8.518735505917695,8.353960302163149,8.242546127625959,8.128691480280743,8.024714360852984,7.9156534498569195,7.74076252458453,7.603828847114848,7.506383261524038,7.3223880945546025,7.154302004123529,7.057702229518666,6.8645684168403625,6.671100381354285,6.5007712127911415,6.18469533779122,5.696546895309317,5.175217660237079,4.562957358559977,3.818041299659436,2.9409779881002773,1.996488333496161,1.012960769032701,0
0,0.9368005966700068,1.8644888381845675,2.7605786576283307,3.595144001232634,4.347751789465911,4.9845270391492456,5.536451963023645,6.0610752225618905,6.421360790046261,6.632683662157903,6.864908022679317,7.057699215693635,7.114120754677816,7.231965320795802,7.339204277505182,7.336686906351928,7.372248213388972,7.444617278737236,7.4647175419029255,7.4742634456465185,7.492463357624034,7.532309220343423,7.654887626082139,7.722970808995856,7.663697867692031,7.507796929184727,7.341470907978558,7.106482482120896,6.825809509981442,6.5319444236479045,6.210280377023695,5.842182819363683,5.50985673545522,5.150587859343507,4.845962530746592,4.583348971490188,4.295165457023617,4.124817994342196,4.132350866186228,4.164792259909134,4.2796984135861615,4.3562657711327235,4.3432692774920465,4.431378756019999,4.619911178437027,4.797309765764243,4.955407120872941,5.089185596283536,5.153864570164829,5.146967785671566,5.081374684923389,4.940669058551655,4.767252111990427,4.601953873173167,4.436314890050462,4.365581567315439,4.396866802616168,4.325443858287119,4.223194747841826,4.219529508655672,4.242605236319105,4.442174694367994,4.777440237214109,5.09598267517372,5.45567810323544,5.854894047003692,6.20560265735573,6.593379688787651,6.94678044060272,7.257419389960969,7.54193043228124,7.78362946893813,7.953932047705631,8.113830232121716,8.170829920898948,8.077200012867689,7.911744926056678,7.812146588427833,7.7149752718730324,7.618682341151365,7.514780345666931,7.354796533043325,7.227436173854154,7.152325462142169,6.979694319300156,6.815569523146224,6.738702563738772,6.561374118682141,6.383148116112134,6.238113984851699,5.93163057428418,5.461364371464842,4.969053884202968,4.381089388262884,3.659481807826164,2.8248240918942265,1.9157051519755695,0.9678489411887495,0
0,0.8782947500616275,1.7545493944648654,2.6010671066196984,3.3983324524635035,4.112410731657383,4.722826842614936,5.247527741868789,5.759235456736312,6.102509382215587,6.293770803868468,6.504456441343956,6.682643120972054,6.72342326114841,6.832548265432428,6.93493631738104,6.9265278041504175,6.951134486425812,7.021510173790584,7.044611817870615,7.0485367525682605,7.052127067628191,7.076772666527236,7.194521631396953,7.257663343195764,7.190646230631939,7.037850692511428,6.879790675028258,6.649533664545549,6.378813656661843,6.112853947413474,5.82353399755102,5.482271907724848,5.172886642450931,4.845962530746641,4.5770483468797485,4.362170491307972,4.119557343194483,3.9917028039703677,4.031958560027492,4.1014816938609755,4.260615600982131,4.382782717643034,4.411940923055993,4.5482382107823405,4.783184199626716,4.991872659253719,5.174037155972403,5.326059056317205,5.405675190334418,5.401272059701441,5.324972298329766,5.1703846890150835,4.976085891581096,4.783231762362313,4.574188293069211,4.455955686130119,4.44508621377937,4.325291365396932,4.175872897152752,4.132962809219208,4.118344435832365,4.270888166499723,4.556727697415681,4.823268866095239,5.145854615218433,5.511557714172647,5.8371659644598575,6.196877576604131,6.51482789879119,6.7961603950597915,7.06918049548064,7.306979996886916,7.471852384383584,7.630516675010041,7.698604019588836,7.614509825376705,7.457150985792875,7.375638563482026,7.296053932330567,7.206227760610945,7.100088430666134,6.943923044794973,6.8275002554046065,6.757189971721194,6.5888518020134965,6.4321983610313715,6.3697575655253855,6.202793996077239,6.038288662427388,5.908094057528293,5.616068586119158,5.158388803415597,4.693089861036029,4.131166713108778,3.4498286464541987,2.6560158091449892,1.8000784331214705,0.9073342294079733,0
0,0.823858445140436,1.6437205690803713,2.4412322673528184,3.192636862698131,3.868517430546842,4.451686703181445,4.945391862204213,5.423174602286202,5.741675104432433,5.91107776512731,6.095844669040338,6.2496907167041575,6.27743539127188,6.367830669203164,6.451724696213003,6.423707527410679,6.433080663476707,6.490512176630616,6.508130282317099,6.504900846300141,6.491911542232162,6.502525366522358,6.6119302077496425,6.674527224383616,6.600358122749188,6.466085504785057,6.338311217093371,6.140594085304522,5.901498474458017,5.676305808533457,5.440173301153071,5.1429781703833735,4.873302856243521,4.583348971490227,4.3621704913080075,4.196432484100927,3.997282539672835,3.9112335823784243,3.9814025187094706,4.069026224815813,4.254138107477786,4.411063614648772,4.475867876242079,4.644462069336292,4.917943116998481,5.135103414695227,5.3256683496421156,5.481830934190485,5.573444512636596,5.571340844031519,5.486728239809033,5.332766587574078,5.1330344356278745,4.934935800810476,4.690380547971923,4.541499023163371,4.493719900636049,4.3369475446052554,4.157609761076797,4.0930646483181325,4.041222102889645,4.147121395053059,4.382694372035633,4.594637138619704,4.86709531786141,5.192909666614676,5.476115330485424,5.790780974580314,6.053229197283197,6.293468339406089,6.534382565929255,6.744231408103464,6.883916473508818,7.02992706192244,7.109821696064897,7.032033182469093,6.88555334392268,6.822099243526588,6.76074278986396,6.679460647202529,6.578437315990729,6.43711441234881,6.334258592071433,6.282470497387419,6.133146864503698,5.993260654118426,5.942529850554062,5.795532813847294,5.651536247971508,5.539826932672783,5.269120938227885,4.846260346832918,4.410859561504169,3.8780665383189894,3.236548468063123,2.4903144425436223,1.6844121959332288,0.8508526792303274,0
0,0.7729640038677423,1.544089022092217,2.2907537692942923,3.0072074871498766,3.6522772782099864,4.216053183974474,4.682357499440689,5.126609203181592,5.422009480253875,5.582331279798886,5.741365610882921,5.879880948186667,5.895160516522306,5.973424636000794,6.037503394907915,5.990901891050196,5.984566611793869,6.029026734185732,6.040400273357994,6.014718240673058,5.971945747747737,5.966127247781441,6.0666753249592995,6.122594511362955,6.036268449855745,5.901872896768679,5.794986593251739,5.631826256280657,5.419581046014736,5.231048301438268,5.035131481614739,4.780589619642511,4.548896344888143,4.295165457023681,4.119557343194564,3.997282539672949,3.828025405721915,3.7733323741929774,3.8621311827075293,3.964094141252241,4.16422758804821,4.320983471005993,4.396892527108976,4.580286520809097,4.880774704611829,5.106231413988212,5.294838325973877,5.445812627064002,5.539112825144263,5.540985643172345,5.460565740945289,5.318936310791071,5.126585243361913,4.9240103166805715,4.6570316538632035,4.494505904934836,4.434172849039108,4.274524546464946,4.07563456012009,3.9929077973969838,3.914629045830577,3.9823808042989746,4.17704825824811,4.337331853145637,4.558235096365439,4.845495143961448,5.087035733023154,5.358748339779792,5.579695458592207,5.783548367837209,5.997991936703839,6.17649414994409,6.300505918728232,6.45151922317544,6.549565475602122,6.484621557270406,6.3522370757793505,6.309645702690393,6.281664530115547,6.225780628185604,6.1309542262037855,6.004752909981871,5.915765428767965,5.881302724632402,5.748732939316595,5.6196170565277495,5.578499641900294,5.442661097735779,5.318039996605959,5.21018058580411,4.959090856533751,4.567531855222801,4.157013511989414,3.643829964021513,3.0346875916551923,2.3257588480864433,1.5748184237180038,0.794975984040759,0
0,0.7075308607264504,1.4186870854312479,2.100747249606452,2.7722125161685933,3.3711542378915,3.900818850945936,4.333742549785883,4.740727662291948,5.018203872444588,5.163701034646783,5.309987154962863,5.433504897267159,5.450860767956866,5.531641084523253,5.593319364717122,5.546793963891155,5.531196562080063,5.576594950669407,5.591091824458258,5.555976131218616,5.49252758320995,5.473704180506673,5.566434130567124,5.620034163773384,5.537201404623237,5.417912194479955,5.341375048723445,5.225105861308829,5.050146929386799,4.903524955498679,4.750146367746695,4.540261673313804,4.346805273724378,4.124817994342257,3.9917028039704943,3.911233582378424,3.7733323741930263,3.734354799591099,3.821740891691573,3.9201252765962877,4.1080197446607345,4.249166682195008,4.317886202890174,4.498518312753526,4.797745968341616,5.009038888392655,5.181854545302267,5.313715216203161,5.401724348689083,5.408087861949891,5.339157988641391,5.2245498484653625,5.054866457251318,4.871681005983167,4.60811892948317,4.4500193412440545,4.396067792145755,4.248482262862382,4.055754577331173,3.968242756939217,3.8837286088433505,3.926069506941856,4.079600185594782,4.1910319362823385,4.361657922447733,4.614261907562285,4.8147867074027815,5.039227493113642,5.215381729939606,5.377791824595966,5.556217386367662,5.6926857719676995,5.790349158462595,5.932861914036396,6.033387491115901,5.976254193616079,5.856764791953658,5.832123608713992,5.827205807268124,5.785046878658084,5.690401936607779,5.563570879162421,5.48603902296934,5.45399310157821,5.323034786756492,5.191116864425663,5.145926379654504,5.018959704458019,4.899678669041554,4.79930655807734,4.560809995560409,4.205463204123401,3.8253754984008936,3.3462664853601045,2.784819918045491,2.1228539071695125,1.4383023973001867,0.7242515737609115,0
0,0.634224005544408,1.2727198048105435,1.880382430329692,2.504250387529584,3.064875609100216,3.5643726348912605,3.959791339681813,4.322797748160839,4.582077610223041,4.71180209781868,4.84113796468636,4.944125376436655,4.962756726629147,5.044286912616735,5.108386021499251,5.0610409249016275,5.0408360857371095,5.097187838105832,5.127516368544404,5.091144071183016,5.024710711056477,5.01137330336401,5.108867162617964,5.173824788973779,5.101725153295612,5.013262716299013,4.9874374472581335,4.936285092105089,4.809732155834794,4.712015819145369,4.617973629682274,4.460623403620063,4.3150632306975405,4.132350866186287,4.031958560027468,3.9814025187095288,3.8621311827075657,3.8217408916916646,3.8813600408121043,3.955950763780307,4.098557824094298,4.187701677884933,4.215488576364565,4.361418260589164,4.633125313317745,4.805138640015823,4.941320342771782,5.044795843639079,5.12967655063418,5.141285375620455,5.083002348296085,5.0063973109244575,4.880479187161324,4.740510723848139,4.506641002841027,4.384002209642667,4.369357700465013,4.268889486556293,4.115121084365351,4.042415998717035,3.97678228246402,4.009815327047926,4.134980606081129,4.208894465139235,4.340603446799966,4.549762279322681,4.702551466182746,4.87504503522614,4.990187533831783,5.104520451901619,5.234617330213506,5.308987180571881,5.359925483189355,5.478672099257728,5.5718144318275815,5.507567809165629,5.387069025954825,5.359265199143897,5.361054313607845,5.322957997503585,5.216284141618994,5.078625114122542,5.0087016160205815,4.980132139425405,4.8482607266588555,4.716916156851646,4.672075685267266,4.561193596106794,4.449451215793212,4.356775542202982,4.131349024219594,3.8184182248280822,3.4742419126524733,3.0263826287741304,2.5030821392193494,1.8910397646121595,1.2816590169963447,0.6443590669204455,0
0,0.5603819282580499,1.1379961170162822,1.6721205978979952,2.25905962542842,2.790702127203203,3.2613695262253795,3.645645822597771,3.9907994720434012,4.24728486459507,4.3802488755493085,4.497274939843264,4.583106550472796,4.60770351432565,4.7043449210224795,4.784529017864691,4.7388364976826205,4.7164224513745125,4.7809376791022355,4.816334184153681,4.781928999459483,4.7016040770513134,4.6711603474610985,4.779482914572117,4.846955209541433,4.775425967162599,4.705599836879421,4.702148470700912,4.70567976742744,4.6198231472720455,4.561987901001622,4.520308587590096,4.420286007719223,4.310815821122346,4.164792259909125,4.101481693860917,4.069026224815774,3.964094141252232,3.920125276596292,3.955950763780304,3.988541156480758,4.089111099850243,4.133496321143156,4.105947181783311,4.186100779498371,4.427113889465789,4.5631417398521785,4.661234255315246,4.74005598670362,4.827985723369877,4.846612794639053,4.794720832293306,4.755149315491654,4.67752146552218,4.578249250272138,4.377587936527542,4.3194679637001805,4.357692219669301,4.296500298699402,4.179668892519297,4.142883822293006,4.093013001915746,4.11778847523919,4.216537482346653,4.264750671479144,4.35126148603217,4.520326225715972,4.63600834295206,4.752749423624241,4.811280761900652,4.884963028235961,4.9731743858959945,4.994207179912882,5.026697056229668,5.131294070153966,5.226317493310339,5.161450686692754,5.033548861705291,5.025472906696511,5.0442212604031615,5.0060883312658095,4.898882656331829,4.755101191924177,4.689976906297764,4.6633999362607,4.51713986386091,4.373801400244954,4.323731844440459,4.226536209470222,4.11732529026447,4.013007685553238,3.7854232288139964,3.4889000807733916,3.1553099287477946,2.738816346218465,2.2446039296634517,1.670987072213149,1.1366212599147507,0.565465998705503,0
0,0.49880890821710344,1.021242015699864,1.480230151344532,2.022052524639671,2.528918145713905,2.9633831678805547,3.3164720180472935,3.626270340653747,3.8707223835384528,4.0012448903398194,4.107048031429131,4.175952388159437,4.213085080420959,4.316319387308051,4.40522738013545,4.354226285953408,4.330889883060346,4.411155137700077,4.46207153126393,4.429884279079098,4.342489182604803,4.316354529982536,4.441525160075314,4.527493872708488,4.465989833415946,4.426686094471201,4.4568098346764575,4.524890819603081,4.484637563923045,4.46545193552191,4.473544664835494,4.429460496243354,4.368973602474573,4.279698413586039,4.2606156009819784,4.2541381074776865,4.164227588048211,4.108019744660773,4.098557824094199,4.089111099850294,4.134861102801242,4.106789599479142,4.011052869106924,4.020108954290764,4.213472654502734,4.307467174895058,4.374151241990765,4.4153193716511385,4.498178897449902,4.522128477906935,4.483985617552999,4.492360114967983,4.454668921080006,4.402352883368882,4.252139193012965,4.265079124490927,4.3691257943421675,4.3747286029474335,4.306941567965796,4.303491758873497,4.289572252284136,4.317601652951197,4.390612671803622,4.404474643021396,4.438270715029113,4.547439069223142,4.6148695281999945,4.675947232154717,4.681935202601156,4.716443814263821,4.758607722654154,4.716197116160754,4.718005358194651,4.798128008472133,4.888277120889733,4.809556289501565,4.6692094588671225,4.6584022043416375,4.6899138562718505,4.653268808388783,4.534309613326126,4.378037898267371,4.317066544997879,4.2962989869033015,4.139867213062854,3.990121516057126,3.9273415416684045,3.8388748673074318,3.729676141778369,3.6183049276977304,3.3945370954261267,3.130485539373086,2.8264441553411017,2.447466301324159,1.9786221130179118,1.4556055032572004,1.0016808624588733,0.49286803798981166,0
0,0.43452692718348485,0.8997862174453111,1.2943835088356044,1.8024085947201218,2.282755738948007,2.6868036719759725,3.014699531080671,3.2857525913898407,3.5125290880535407,3.62970545136125,3.7435913482582777,3.805986049882667,3.8587681978484203,3.967294962747817,4.056168001687109,4.0008167614342645,3.9752720711694867,4.062813161444069,4.126102899739613,4.090021092957359,3.9886240465125438,3.9590521975724347,4.082156814657419,4.1772035711547115,4.129761669213853,4.1223195701970194,4.188558094883236,4.3165670551585515,4.329915768426315,4.358695334657763,4.406497870000031,4.417180777342405,4.404181766714496,4.356265771132568,4.382782717642996,4.411063614648718,4.320983471005899,4.249166682194898,4.187701677884913,4.13349632114311,4.106789599479098,3.999934525463249,3.829809102444765,3.773888848156922,3.9134416960937872,3.954699142004166,3.983523287695942,3.9923909085065015,4.058998111290843,4.0891439090046875,4.075686747642083,4.127621258784311,4.138171171326471,4.143187968677748,4.047531583525228,4.12388089526885,4.297627744809931,4.374883682796812,4.3717747995087235,4.402741876279218,4.430803938180664,4.4628373402827135,4.5255324510321895,4.496577332190821,4.478740349589716,4.544873185619298,4.570023958359414,4.5790365606456485,4.544284859635515,4.53169454737372,4.52260983350097,4.423077987234601,4.392187874807232,4.446078241310304,4.526890890143159,4.443774032641308,4.3107000614246465,4.307980590267577,4.357282810477651,4.327367779134059,4.199457358662897,4.036219804306196,3.979728380480139,3.9616027347843885,3.8040260085956055,3.647108155278367,3.566733161602167,3.4747396750623425,3.344767097334239,3.2327651317074637,3.0167023556148256,2.787158834918936,2.5066684484686865,2.160051698284191,1.7198192872360558,1.2373181870894434,0.8557621342077679,0.41708831041137967,0
0,0.39092848848838024,0.8129932582770515,1.151582915347109,1.6490116071444045,2.1201344217941815,2.508029083398976,2.8205832139177356,3.0653335637211927,3.27977874065147,3.40916504068491,3.5188668634678923,3.5809832436250706,3.643177265768462,3.758358802368916,3.8443555005401495,3.7717847576357952,3.720809053865649,3.802776696929395,3.8632209139890143,3.8135827654576744,3.6918052441606557,3.6535392273762852,3.7626507809830496,3.8464343442110978,3.7951045677372806,3.8011723441040375,3.8812408350296437,4.0572625342710475,4.114540371936943,4.1738933934049935,4.255378451850911,4.309966513395082,4.345222733336498,4.343269277492032,4.411940923055816,4.4758678762419395,4.396892527108943,4.317886202890198,4.215488576364537,4.105947181783235,4.011052869106885,3.8298091024447003,3.602452446628844,3.488630977364631,3.582207037039633,3.583011056201919,3.5877124779719107,3.5644603222825255,3.6159390810945404,3.652550638529219,3.6640657960211027,3.7600761553968334,3.804725333602984,3.853669163797256,3.805238214271677,3.937269883314034,4.163927431586017,4.308699529054131,4.362716707440389,4.439646085623935,4.4964861476540365,4.5260580234570265,4.567511495625615,4.496422739000681,4.431069237075733,4.451689729794936,4.432434890470297,4.40165352900155,4.333929869759796,4.294249441346979,4.243886924472028,4.099970121033847,4.058093991915214,4.101685144417198,4.1905954939271695,4.122553638164936,4.008031354278188,4.018064078350912,4.0894793786921415,4.0762698724955655,3.9513179891658075,3.7945364224405833,3.764025711303227,3.7627279694802285,3.605565633121818,3.4402004846466068,3.3480808049944186,3.249118988805511,3.1116365576995006,2.9766270817453213,2.763802535408233,2.556360466284075,2.288762962521569,1.9603439759954684,1.532264454897145,1.0663980482056379,0.7481362464412131,0.3626073695340813,0
0,0.34458024537453497,0.7220885762298321,1.0160143484668787,1.4934768079241436,1.9441696101698007,2.3074081029029974,2.596232579848297,2.7970258330334112,2.9779394973708655,3.0937485701899083,3.186910808987778,3.224263874362852,3.277112290893571,3.3806697470779015,3.447161551243766,3.3549467729070788,3.283795832705419,3.3576353933115928,3.4223159226123894,3.3748237363042155,3.2560775191835187,3.219389631499347,3.33133348462132,3.4238442878061406,3.398875942706455,3.449184691118958,3.5761867420242544,3.820739036098645,3.939372196873554,4.043675387558226,4.1789453537797545,4.298229314300679,4.387846726572333,4.431378756019994,4.5482382107822525,4.644462069336054,4.580286520808954,4.498518312753514,4.361418260589136,4.186100779498393,4.020108954290782,3.7738888481568966,3.488630977364572,3.3071182490900846,3.33897612293095,3.285566208265792,3.250213463350577,3.192692371611711,3.2325892610631723,3.2738637082286113,3.302882401782948,3.4416193370383867,3.5328894179520742,3.6383406750101512,3.65130706124411,3.8477452095116504,4.128337414113037,4.331983759270187,4.448539514417001,4.583802708630164,4.666033854535406,4.692235534220252,4.7132639826945475,4.605150819286691,4.489456666524694,4.466304856931317,4.3956613761946945,4.305561682007045,4.184496707584608,4.1016548027984046,3.9900905020764026,3.7787159537292863,3.6924829254605678,3.6948211842366843,3.759653008938216,3.6855384412701238,3.57163840011011,3.584536979957869,3.655231455418405,3.642769664515413,3.514751272501918,3.3689746591041234,3.359463851006448,3.3768344397193553,3.236770751722354,3.0813527864202697,2.9960499460948897,2.9150645411541998,2.7838962172556583,2.652108897125626,2.463714562185779,2.2971145994234803,2.051548213117997,1.74875803330184,1.3438166564755245,0.9039259101264844,0.637680237038408,0.30584043822934076,0
0,0.29064590826155845,0.6189640154084499,0.8600136313572568,1.311705888157749,1.7376216204101331,2.0690479318849553,2.3360002387583,2.5091403228893014,2.672052487091339,2.7848167504349033,2.861965397935202,2.8831344051658134,2.9347277217292826,3.037005779556596,3.1039852843719338,3.00118654820427,2.9176630977180946,2.998059958979485,3.0736098348099534,3.025067837064449,2.898602143775678,2.855699300094118,2.964372233755372,3.0757096750135497,3.0826997837315253,3.1769354474001874,3.3436861934381024,3.6468881481162065,3.83101692513391,3.9856114027830705,4.186075494625223,4.370294207343302,4.519821244690611,4.619911178436913,4.78318419962655,4.917943116998277,4.880774704611669,4.797745968341577,4.633125313317609,4.427113889465786,4.213472654502829,3.913441696093771,3.5822070370395616,3.3389761229309283,3.312871018825391,3.2113935857118348,3.1426868232101355,3.0603851445877095,3.090633357548352,3.137149426459326,3.1823106279548172,3.354809209047498,3.489183988558977,3.6455669643724615,3.7166443406586773,3.9733342410047916,4.294969990819735,4.5469222719205336,4.70439790617941,4.862830710286193,4.96327637620209,4.98190689654637,4.967787265902004,4.815523486614731,4.650873914665076,4.5703813572004455,4.443613987286467,4.290909978021209,4.102365699621143,3.969873979205209,3.7923460824865383,3.524189687782145,3.4011755120999028,3.3626341632787358,3.397761045590584,3.3100847261709405,3.202934370539878,3.2250422763310853,3.306569964480301,3.296620364236791,3.157827494505573,3.0067203421371795,3.0113506754635204,3.0403138782503905,2.89972279020045,2.743910499854584,2.6580428439101946,2.585388246875683,2.4595443812883326,2.3217691024407006,2.1436578666314077,2.003246032538197,1.7779993493563577,1.508339885862411,1.1318089432126694,0.7250400453406947,0.5189999940503321,0.24332353930666709,0
0,0.24638615483968745,0.5384433164947136,0.7325360486292192,1.1610500528881549,1.5617165974225835,1.8691476611521682,2.103871235968171,2.234256885669526,2.3683420635231798,2.4576808071167155,2.5133221606678506,2.502274046163529,2.5234522867213545,2.605468449856671,2.6525837380817445,2.543533705523797,2.4496315977980343,2.5369303479038168,2.6416389738077837,2.6132759083678705,2.497557320960115,2.4709676390847335,2.6081204365966824,2.7536266106113474,2.806799406212759,2.9436500948530964,3.1702901048139416,3.5408778698937073,3.7749196131564617,3.9766923459678543,4.2139950144115375,4.443727838639864,4.645790073584435,4.797309765764153,4.99187265925354,5.135103414695042,5.106231413988027,5.009038888392557,4.805138640015604,4.563141739852137,4.307467174895046,3.9546991420040665,3.583011056201802,3.2855662082657706,3.211393585711818,3.090867366510034,2.9938397334341786,2.8882239856899887,2.9075283124477727,2.958232565079577,3.0173068247129353,3.218847550727536,3.3881837405789157,3.5659205487495185,3.6859017030437244,3.996634947737301,4.357642638738017,4.65938615908943,4.854443575796071,5.043073920247218,5.178004588270138,5.205014021459998,5.1769541448156575,5.012254313694165,4.813654547699383,4.681428965309694,4.5031305110406965,4.304055448265521,4.075368768944223,3.897057473382081,3.6673047288025282,3.3315061936047363,3.150471656478156,3.0693198316654198,3.0598206164893664,2.9423903644171907,2.811131388555963,2.8200119583023606,2.892400155623147,2.86457768151773,2.698474484599308,2.540248052162266,2.555883702460173,2.592394468672508,2.471147811821205,2.334260211422141,2.276252343969552,2.2289599995050193,2.1162871629914637,1.995455824399828,1.8394548193254905,1.739014738063608,1.5452812573557584,1.300698901065928,0.9532446102624867,0.5758709892681521,0.422565733062486,0.19055182623722244,0
0,0.22136096722124063,0.4891844512765196,0.6639212421860962,1.087932598119172,1.4781779681889842,1.7750352225050237,1.9907762355089789,2.092085100958991,2.203381552802078,2.276875988476892,2.3140768428003797,2.275851600074635,2.271847652060841,2.335187907207355,2.354164784888652,2.224027675061662,2.120996595129927,2.2122995326314268,2.3414218443557115,2.3276607467941615,2.2180879632860013,2.2037361734227776,2.348921704819187,2.5185340807476293,2.6080449271773927,2.7875563017486455,3.0584408447432643,3.4734184516954163,3.7521551270289044,3.9992144218507275,4.257706959149187,4.5236994881225625,4.775314006233584,4.955407120872938,5.174037155972279,5.325668349641942,5.294838325973758,5.181854545302291,4.941320342771781,4.661234255315128,4.37415124199073,3.983523287695908,3.587712477971906,3.250213463350586,3.1426868232101914,2.9938397334342155,2.885967719622489,2.768035929833478,2.774030822686269,2.8269924835156246,2.9019168718639983,3.1202753838762307,3.3065655727212007,3.5153969493952233,3.6719441607985197,4.025351258887203,4.409399979944425,4.746621774454637,4.97001580774286,5.193027216268133,5.358218879711205,5.394976541443306,5.361007683168179,5.182644916654158,4.955799236163189,4.792681156182973,4.56320902582618,4.326376848054129,4.075396269223273,3.854645054126921,3.580444721372226,3.203057013081608,2.982172479330762,2.8621459502613593,2.8196503006943403,2.6832671360228844,2.5472983760127033,2.544459527389532,2.611950621379422,2.5701588322087554,2.379302685721848,2.2163564901418695,2.2389603197589487,2.2944724658664595,2.1987156327000084,2.08035155660974,2.0455737271333714,2.0204365660354138,1.9197485376292713,1.8103420229157021,1.6713923415510465,1.5981749195453943,1.4236833173820198,1.1914733638660415,0.8564571365523774,0.4877692666847528,0.35912383918792856,0.15771620918244342,0
0,0.20243896406203862,0.4523594278088172,0.608917029255675,1.034167280999966,1.422120407991645,1.7085317686021178,1.9221920442904663,2.013370630520658,2.113106344155253,2.1635467607873435,2.1857071706252014,2.1193615088686855,2.0860061556086094,2.1174235129998284,2.1132147418823317,1.963700931214639,1.847821344165163,1.9355833307262869,2.067569401080708,2.0576024807727293,1.9550476744831697,1.94955855548248,2.10845349392433,2.293031354787234,2.4124115721962416,2.630419935212535,2.9371286765901155,3.390537640803344,3.7014289129781344,3.9904876888608816,4.28504900511645,4.593905291857791,4.881573711114302,5.089185596283472,5.326059056317136,5.481830934190393,5.445812627063995,5.313715216203098,5.044795843638944,4.740055986703574,4.415319371651023,3.9923909085065654,3.564460322282517,3.1926923716117415,3.0603851445876606,2.8882239856900593,2.7680359298335326,2.6468188790437934,2.651185056014758,2.7063955681711174,2.7845968996334367,3.0089985766888243,3.2113562807327916,3.4446939670285257,3.627918807848455,4.018797890830714,4.434735578927418,4.7999530819265015,5.0573717856514,5.3031085617441995,5.493151979813913,5.543275825242305,5.511756240298945,5.327097458060033,5.079885960933026,4.889685835032624,4.626030294987601,4.3462653382055105,4.058784633374555,3.7970103841279252,3.4901707290389634,3.073148683677164,2.8164009307624287,2.658232311039915,2.58719147949493,2.439289644788825,2.291584613989302,2.2797475822100943,2.3414505459032875,2.2973419027669397,2.1058001783764775,1.9464917697413011,1.98312813242501,2.0577426410154844,1.984222146470056,1.8984016432978534,1.891102074938114,1.888317553714532,1.797574486178098,1.7055533075489564,1.5724418009657943,1.5052458347786994,1.33052539264077,1.1077195964364548,0.7766663525519487,0.41193910816571444,0.3073488523662373,0.1306803921570048,0
0,0.19126770708483265,0.4374254521699336,0.5844722000765282,1.0168865146382875,1.4074769477126012,1.6968013330602338,1.910587761736039,1.9954391930454771,2.0893554348723207,2.1330151702419475,2.1399705855634004,2.0573108486321545,2.0083016484947684,2.02206333537826,2.0032845100557943,1.844952784532794,1.7208067325479843,1.8143422615348939,1.9421763507980414,1.9229258295980591,1.8109881728679798,1.798991381125095,1.955880470587438,2.141357924800378,2.267481402441257,2.5051954436160133,2.8378736116039973,3.3149195266135023,3.64219354332906,3.959584099084436,4.281255584876545,4.613130256404061,4.922104321300174,5.153864570164726,5.405675190334275,5.573444512636443,5.539112825144154,5.401724348689041,5.12967655063407,4.827985723369914,4.498178897449892,4.058998111290912,3.61593908109462,3.2325892610631493,3.0906333575483065,2.9075283124479165,2.7740308226864054,2.6511850560147523,2.6648091114645744,2.720900968382096,2.790388271301488,3.018079798457916,3.2360669395555473,3.481957621623714,3.6756152934467594,4.077896069737504,4.510530563430988,4.891546689059071,5.151964746947723,5.394172977084863,5.5849242237627665,5.639042373966771,5.604805939365597,5.406697542713931,5.144415056232393,4.930021868249929,4.644874063565994,4.341417100023338,4.024530848925965,3.7345574657440412,3.411544774545962,2.9681467490579525,2.6834180567620542,2.504898840207367,2.42571714117434,2.2777540402069105,2.1347236568474326,2.1306029912680216,2.202675467851884,2.16832989278475,1.98169009897114,1.81676679697897,1.8613928677594695,1.9461318286955136,1.888544716682031,1.821709344154969,1.8295406265942808,1.8413935300964845,1.7655546792717767,1.6802789352266323,1.5517713282968972,1.4889657453027065,1.3124101990410655,1.086240506861984,0.7532584522961676,0.38264432500176765,0.2893243686766048,0.11840021206467213,0
0,0.18881885894011663,0.4345553806978922,0.5817182031146961,1.0151914532176938,1.406699855124907,1.6971950663077615,1.9112315003962599,1.9965444958952618,2.0908487933635858,2.1343166044746873,2.1405005962381463,2.0567031383408345,2.0063773609255042,2.0199756627065466,1.9999407279465884,1.840566356478957,1.716426714746579,1.8103198632053639,1.9388207426173627,1.9198144607530618,1.8081868201499947,1.7955280226252388,1.9517006447951148,2.1355024426881686,2.260506870591676,2.4970642058441217,2.8292715124147763,3.3044706855591643,3.631386246567267,3.9495449018578213,4.272833243838705,4.604725617041125,4.914278166460557,5.146967785671475,5.40127205970137,5.571340844031546,5.54098564317234,5.40808786194984,5.141285375620303,4.846612794638973,4.52212847790691,4.08914390900465,3.6525506385292346,3.2738637082286344,3.137149426459432,2.958232565079631,2.826992483515638,2.7063955681710716,2.720900968382062,2.777049002084818,2.8456297449496453,3.0712059039861814,3.2868346088842277,3.5281443007400575,3.716407051939577,4.11410186481315,4.5403294771312686,4.9153011581603225,5.170861570732,5.4064430252184,5.592485332476378,5.642494999722334,5.604866984435282,5.4047967136928845,5.140142127690978,4.924899278697178,4.639201950314287,4.335659145966504,4.016971963171019,3.7257807000324035,3.4027925949475266,2.9612432037272027,2.6768239357986876,2.4990898060257436,2.420700432796024,2.2743052057693633,2.131675008841107,2.128059762513351,2.1994322555785453,2.1643649250287034,1.9766932285858425,1.810978214758208,1.8553409390161142,1.9407344591257556,1.8841221049142909,1.8177443021014552,1.826968226633252,1.840228955692364,1.765961673294262,1.6816190548882792,1.5533551129985697,1.4907977957329408,1.3149979580392357,1.0881767017926505,0.7543452932961511,0.3824901549327357,0.28844254614868864,0.11718726892055242,0
0,0.19643140015481014,0.4457459087436013,0.6042374948926255,1.031731016697445,1.4207177371722284,1.7085893052442689,1.9179490251458144,2.006847739799514,2.105293432646176,2.1518099346993727,2.1639997848995476,2.0881796226190628,2.0457794685524764,2.0731462488967796,2.061855810724173,1.9073426158844653,1.7907196481100596,1.8790287637036167,2.013724201943535,2.00786150577848,1.91024663855553,1.9066098631323445,2.065402323162017,2.250597081860133,2.3723369490317023,2.592603280737741,2.9044704962191585,3.3579106168250212,3.6713687579551118,3.966812641637244,4.267920711716121,4.579647633312744,4.872201287733736,5.081374684923206,5.324972298329728,5.48672823980904,5.4605657409453485,5.339157988641338,5.0830023482961,4.79472083229332,4.483985617552992,4.075686747642083,3.664065796021139,3.30288240178297,3.18231062795488,3.0173068247130423,2.9019168718639743,2.784596899633429,2.790388271301417,2.8456297449495938,2.922250052022262,3.142743911584644,3.3394384707016673,3.5640774249544545,3.7348093744066655,4.11533597490886,4.515508044277365,4.866654677640238,5.1114456827077985,5.342299969724362,5.520801099740094,5.5614641132898335,5.521853796146634,5.3324845297261625,5.07891449362977,4.8872077785010575,4.618311183722884,4.335936919797252,4.041705412591885,3.7728548816091116,3.4630642934029496,3.045968784165349,2.783409981687557,2.621775803668707,2.5472713967128895,2.398763054285241,2.2504437466316616,2.236412232111778,2.2925380560671176,2.243169973066166,2.047457925140001,1.8864300048170657,1.9228332524908653,2.0016404209846397,1.934251253216829,1.852556726969043,1.853804134759214,1.861237297702304,1.7825269919657387,1.696597195239761,1.5664937276964057,1.5031674783442106,1.3347168243230705,1.1116865849178543,0.7799056573527825,0.4127366773384791,0.3048905770657607,0.12716650390333814,0
0,0.21467332982406426,0.48374267878262217,0.6648568027905816,1.0930427850757358,1.484591837311318,1.7839158076430488,1.9923274496204306,2.0890354770459885,2.1968813915934673,2.2636282962209013,2.2864977546810032,2.2346079569421833,2.215194816706551,2.269105775201946,2.2754519142295653,2.1374815417854145,2.0337968398218416,2.1249962654921903,2.2578983788723916,2.2498320384390538,2.14747489438989,2.1344350761004307,2.2786890371332977,2.449494435529421,2.5424493921845626,2.7252510905116987,3.0038575551015922,3.418611697749261,3.699364917695868,3.9552352775773687,4.223240068404692,4.495284725344566,4.7561281806631115,4.940669058551568,5.170384689015101,5.332766587574066,5.3189363107912015,5.224549848465263,5.0063973109242745,4.755149315491572,4.492360114967877,4.12762125878423,3.7600761553967996,3.441619337038408,3.3548092090475214,3.2188475507275354,3.1202753838762236,3.008998576688739,3.0180797984579,3.071205903986092,3.1427439115845544,3.3541492525582037,3.5295818414746805,3.723332104576624,3.8582806166062475,4.193077261742764,4.550370847857041,4.8629338562364035,5.064176786479657,5.260945842704888,5.4055304674866465,5.425302122394994,5.376667519385226,5.1890219262615345,4.950942270844145,4.782967748004713,4.543194177072585,4.300497205742177,4.039803086688199,3.8094747210189874,3.532938893769508,3.155546284431206,2.925913391943713,2.8010456959949988,2.753883659573729,2.6164308122392246,2.4809187428457165,2.4764149468056225,2.535622468805055,2.486248833784065,2.289467451707901,2.125260615783263,2.14733570739269,2.2096669302584404,2.1249476189547165,2.0159338519062833,1.9958492464100002,1.9858144777071556,1.902500079630898,1.8029356052048733,1.6702930104799267,1.6037147076723055,1.438989318093987,1.205756087971584,0.869622437578868,0.49660538888612094,0.3600721127908203,0.15488885098345448,0
0,0.23999933409486776,0.5333450258194868,0.7348396344640772,1.1681601515007816,1.5717918403702187,1.8829519942523494,2.1072719097306485,2.2297386348868047,2.3569614169087156,2.436000218970804,2.474576593526671,2.445255279240042,2.4475551135177054,2.5173743652619867,2.548005214838926,2.4286276440712604,2.335130242169519,2.424225884312872,2.5353886440887403,2.5139037833686895,2.405750574327806,2.3806094632797516,2.517601076184445,2.6678527157389853,2.7250813388342414,2.8664293278116633,3.10140231509873,3.4702776880130264,3.7062331074727144,3.9171582899692923,4.163654881773058,4.398773787405815,4.610178921096246,4.7672521119902775,4.97608589158109,5.133034435627815,5.126585243361882,5.054866457251312,4.880479187161281,4.677521465522049,4.45466892107992,4.138171171326354,3.804725333602991,3.5328894179519685,3.489183988558959,3.3881837405789454,3.3065655727212175,3.2113562807327143,3.2360669395553985,3.286834608884139,3.339438470701623,3.5295818414746734,3.681038717564049,3.836191340033563,3.924726986886365,4.210427157888959,4.535294769279275,4.802910750420766,4.968272980087372,5.121867551381716,5.230297443709105,5.234440775606303,5.187258682346434,5.010688160892927,4.797825785720893,4.659666042202087,4.470593709308911,4.266061171353255,4.027692517490367,3.8390826867771777,3.6065518653144997,3.2715253594430287,3.0799871403938757,2.992269099434336,2.977266186076812,2.854989705161143,2.723305974503515,2.7304335815848453,2.79375676391285,2.7571051938755855,2.5824141731303296,2.4209412524089395,2.4352522764906976,2.4808271326597384,2.3743663797555334,2.2496599456920485,2.2093873689460244,2.1822322439942505,2.0904861441082043,1.9837575137255032,1.8380663077324986,1.7473494833298227,1.566515058314479,1.3202065670301752,0.9699909633115815,0.5877905887898529,0.4252745436103159,0.18899863278650686,0
0,0.28222983293144205,0.6120105953190641,0.8604437800288615,1.31627825941962,1.7441945506407281,2.0783934275484435,2.3311313738406025,2.4934107192585206,2.645562125690296,2.7453325448297585,2.803258390906289,2.804472917382207,2.836469745239877,2.925233401565274,2.973352262394028,2.859924570106251,2.776191729714127,2.8572993815384047,2.9406115090440608,2.9006966535063055,2.783399595335542,2.7422117333855276,2.8526761616273553,2.9727314850708724,2.986444519651505,3.0891951628936543,3.268230509554742,3.5729931235711914,3.762354208683432,3.9292484835798542,4.140640744728815,4.331456746607332,4.492037881219811,4.601953873173064,4.783231762362193,4.93493580081039,4.924010316680436,4.871681005983162,4.740510723848116,4.578249250272032,4.402352883368834,4.143187968677689,3.8536691637972607,3.6383406750101335,3.645566964372458,3.565920548749621,3.5153969493951536,3.444693967028363,3.4819576216235193,3.5281443007400055,3.5640774249544416,3.7233321045766528,3.8361913400334506,3.966813396507153,4.003553151211258,4.233089148112259,4.5154204571804,4.728858353908663,4.852538715281077,4.972367224025912,5.043166868439966,5.03432619788055,4.998110396337757,4.8313785370549285,4.649052534718232,4.55839728612527,4.418891031524203,4.259556474568296,4.059391823897927,3.9135180848569786,3.729840325770512,3.459412792328733,3.3217698938408273,3.272111737841172,3.298924694551669,3.2020282701387215,3.0923740158419304,3.112541332028962,3.1834413323319475,3.1628459158881084,3.0139454300423263,2.860213312954823,2.8639761691658827,2.9020419002255506,2.7781842141448445,2.635467994724095,2.567413422392089,2.5168220588151478,2.414467233651013,2.293941089538103,2.1305165013055953,2.0028045170044413,1.7942903847378544,1.5238670352326715,1.1456848967363022,0.7348151118134698,0.5196385049183325,0.23989366781627916,0
0,0.33767757044551494,0.7191418709770812,1.0230708869789065,1.5086283251936934,1.9640560639754183,2.328806355147422,2.604097584832216,2.7941454333821443,2.9629725824580406,3.0657301504418752,3.1381646816266793,3.1565522147321783,3.19021192001428,3.278416604731832,3.324667226901611,3.218261340364217,3.1437262685839067,3.2161997661783643,3.288498345167299,3.249482878038122,3.1392396969861887,3.1047565092534075,3.2199530709259907,3.321232812206714,3.304538998069316,3.367576719327539,3.5072983716892554,3.7542598931388764,3.88024718242339,3.9989459654212114,4.1474038143007625,4.274605768217469,4.378105751438955,4.436314890050212,4.5741882930689695,4.690380547971723,4.6570316538630285,4.608118929483111,4.5066410028409045,4.377587936527462,4.252139193012792,4.04753158352513,3.8052382142716716,3.651307061244069,3.7166443406587057,3.685901703043683,3.6719441607984353,3.627918807848307,3.675615293446629,3.716407051939368,3.734809374406578,3.858280616606137,3.924726986886335,4.003553151211238,3.9818672499777286,4.151206148650808,4.391111832806779,4.555607492082601,4.63614216630906,4.730765809164212,4.781777613227267,4.7786136429294555,4.773388319403773,4.648214901153763,4.511806510197273,4.473796848546435,4.387467741151066,4.28952449018264,4.15410792801163,4.05584557036881,3.9357051616341763,3.721212535811817,3.6199380560065864,3.6066880552373815,3.6613843424718167,3.57766565857734,3.4595635646442338,3.4703005832817437,3.5313464800402414,3.5084696639082504,3.3706952345547756,3.2241559721158803,3.2168345220968213,3.2469708608313286,3.124464597250029,2.983241606697055,2.914698836452956,2.8546578032179264,2.748048360098418,2.633578931260992,2.4611037264172198,2.306906608780419,2.077209029368711,1.774987369356096,1.3660684621020658,0.9185036115612291,0.6408328842895621,0.30322638867278046,0
0,0.3867300694553865,0.8159065678140952,1.166604640602986,1.674049242755002,2.1517073046970974,2.54105671731976,2.840707933488851,3.0737118129482575,3.273594833350295,3.389490113798935,3.476749231623681,3.519440284776093,3.5624404408852186,3.6625159288919042,3.729128577644982,3.640691538945744,3.585253570439837,3.664068353918495,3.730634208571509,3.689026872799729,3.5763944035045485,3.5414815067491014,3.655955636342363,3.750561691364563,3.7082798367150334,3.7294543501925324,3.8222852672874135,4.001103482127514,4.06807164891722,4.141434261937868,4.236217722476326,4.300994021134274,4.352009345558932,4.365581567315237,4.4559556861298795,4.54149902316309,4.49450590493466,4.450019341243897,4.384002209642483,4.319467963700028,4.265079124490805,4.123880895268729,3.9372698833140234,3.847745209511658,3.973334241004938,3.996634947737272,4.0253512588872296,4.018797890830703,4.077896069737623,4.114101864813116,4.1153359749088985,4.19307726174276,4.210427157888947,4.233089148112183,4.151206148650913,4.259439865735615,4.447682152670779,4.554662524426197,4.572596160800496,4.609629918155373,4.634542973919836,4.633218608618346,4.647138838941343,4.5572114201473735,4.4703536228677505,4.475198997302828,4.438266865601224,4.39772931245086,4.315556757511401,4.261045411545273,4.199952501505531,4.05294877827615,3.9963939204168737,4.022432848366105,4.100306005358392,4.02041902425719,3.899501952521293,3.905762920102838,3.9668444352585444,3.9435275373198424,3.810345627189259,3.6544372877618185,3.626714300585502,3.6395412722954807,3.4987786384336252,3.346676450723208,3.2707573345285987,3.193327981150661,3.0818073345025923,2.964467300281454,2.7700754579197584,2.576143105261289,2.323875154365897,1.9963943545752667,1.5627975205718585,1.0873280271978187,0.7558073330731455,0.3618887103832097,0
0,0.4303158269730745,0.9043647771731516,1.310418916079488,1.8266946133965487,2.3122560768493723,2.717522975690059,3.0331068336462326,3.292922955866115,3.506621797697066,3.6135046009323837,3.707805477608903,3.7543078728648127,3.7935205146878648,3.8909208509086928,3.9637472834809513,3.897572155732243,3.870785425547407,3.9560673265445816,4.0251764845657165,3.995822616766229,3.9013235347431285,3.873922400672651,4.0026513780200395,4.108844289371744,4.071706074435617,4.0787892028931445,4.157343440703874,4.289066000549745,4.310108453885277,4.349215965901481,4.408844097739611,4.428842233015353,4.429373514167089,4.396866802616143,4.445086213779287,4.493719900635701,4.434172849038869,4.396067792145694,4.369357700464792,4.357692219669092,4.3691257943420405,4.2976277448098,4.1639274315859245,4.128337414113039,4.294969990819854,4.357642638738132,4.40939997994443,4.434735578927484,4.510530563430931,4.540329477131226,4.515508044277412,4.550370847857044,4.535294769279381,4.515420457180538,4.391111832806873,4.447682152670849,4.587045319886867,4.6304413435236045,4.592740574486861,4.584881175565361,4.581699352501405,4.5828319247198435,4.618990364190164,4.572216405069249,4.532618058175821,4.5831965597894975,4.593197356568364,4.593856876903101,4.546729274172492,4.523737860746564,4.506805294476777,4.40451011642673,4.36036490507863,4.398138776194952,4.466995162407468,4.3716695942153,4.231966082068857,4.226425663769637,4.267308836729784,4.22826418617302,4.092007508024967,3.9284611700612255,3.871009798034106,3.861173788485842,3.716218005618993,3.568228680412811,3.4981863094657077,3.42391490726366,3.3167726324859172,3.219240186267736,3.0202029559578984,2.8038108423695434,2.5380759966237343,2.1927431559426873,1.7481361935268196,1.2576860444358444,0.8640996647513056,0.4158813355140664,0
0,0.4950021649006161,1.0263423641593608,1.4949500956816122,2.0421245111650923,2.5520792524701905,2.9869349951680046,3.329879866115079,3.6310392814166774,3.8654292108238537,3.9921306597640056,4.0811415341533985,4.138862922482357,4.168483264965325,4.265775092306347,4.345328533496731,4.289833811094863,4.269382439034734,4.349633545085186,4.407316843709564,4.3808953250479,4.297801416629398,4.273023787454906,4.402539829592132,4.499343846756064,4.447659261732269,4.419577917121407,4.458319919368927,4.528743267550454,4.492282673395475,4.4776461846494024,4.492899561656943,4.452260165634521,4.4014162786771704,4.325443858286985,4.32529136539683,4.3369475446050325,4.274524546464794,4.248482262862293,4.268889486556149,4.2965002986991685,4.37472860294727,4.3748836827967095,4.308699529054036,4.3319837592702255,4.546922271920581,4.6593861590896415,4.746621774454678,4.7999530819266125,4.891546689059075,4.915301158160438,4.8666546776403585,4.862933856236498,4.802910750420867,4.7288583539088505,4.555607492082822,4.554662524426334,4.63044134352359,4.609271860169088,4.51200258209023,4.474135982580554,4.433063417559114,4.4329256887533,4.481054442915553,4.478863711435625,4.4935842384698566,4.589319475183236,4.645989509832532,4.704977675148994,4.703687701437915,4.734307772805538,4.773561494574247,4.730604946929239,4.723674642181735,4.791818304538192,4.87086912626429,4.7801906347071315,4.634387201369766,4.6220928080561565,4.648367579707316,4.603662453150217,4.475096883932854,4.315756069237319,4.248905742826829,4.229713432323321,4.078781736788591,3.932530410163439,3.8740417141500405,3.798359852046892,3.7087504161291336,3.604938456585504,3.3950931220872884,3.1415249751233363,2.8496038413535962,2.472526429830227,2.001306047208412,1.4730170216588632,1.0089954918662207,0.49101223476682876,0
0,0.5591023385238908,1.1467135951781409,1.690789123663972,2.2809061895529132,2.8140639991425576,3.284887498462737,3.6625229258198617,4.003299525553487,4.253666625109556,4.386607588545442,4.4914274998629224,4.5689658532790265,4.589158897170372,4.683642759915515,4.761138756817161,4.716969657869632,4.699420149802259,4.764930221990509,4.808493240928472,4.778335672043504,4.69881028119247,4.666036041851815,4.777469603683485,4.856208791218563,4.794100841002038,4.732572370631868,4.735519004738781,4.739685314961517,4.654707254199846,4.597570684239281,4.558345945120249,4.458879163240612,4.357718232973968,4.223194747841719,4.175872897152744,4.157609761076688,4.075634560119978,4.055754577331031,4.1151210843651045,4.179668892519121,4.306941567965738,4.3717747995085245,4.362716707440344,4.448539514417087,4.704397906179425,4.854443575796223,4.970015807742973,5.057371785651634,5.1519647469478445,5.170861570732122,5.111445682707946,5.06417678647977,4.9682729800874466,4.852538715281197,4.636142166309147,4.5725961608006624,4.592740574486875,4.512002582090235,4.370560574214773,4.302959677010784,4.231223648765153,4.23307802242873,4.30975314775526,4.344643273936686,4.414580572732281,4.571771209416507,4.678271562080758,4.7960675426843284,4.852581594059656,4.927090717823007,5.01661428670461,5.039552208962583,5.066679903344628,5.163354733125004,5.248332830254648,5.171241863367997,5.038853827289549,5.033008625669408,5.049977846033913,5.005146720992176,4.886881504810931,4.738934974420663,4.665451128561662,4.634089814714288,4.486456535939891,4.343021710593386,4.29452279703036,4.207170193654508,4.1130487344239155,4.012398086032538,3.794933214873587,3.5046084290217014,3.179553212581758,2.764756218121239,2.2693210975309954,1.692150770877074,1.147050246824248,0.5658500603699745,0
0,0.634517488584101,1.2831409727091252,1.8975096959404198,2.522254694587622,3.0818039138066124,3.580182690436484,3.97231441815049,4.334270698646191,4.589906599899753,4.724083293233566,4.844112976705401,4.942209635241894,4.960772198944956,5.043483394410975,5.110103315959533,5.068761323430181,5.052601530396564,5.110830223711318,5.148494115808325,5.115055892730803,5.048280679806434,5.032721677965542,5.134353703331574,5.211958744194248,5.150922902724046,5.071799149878669,5.052445964431722,5.003283751565049,4.878377880348701,4.778803424635259,4.686919169721922,4.530948680925685,4.392072298925753,4.219529508655662,4.132962809219225,4.093064648318147,3.9929077973968568,3.968242756939095,4.042415998716966,4.142883822292945,4.303491758873349,4.402741876279158,4.439646085623955,4.58380270863019,4.862830710286266,5.043073920247358,5.193027216268231,5.303108561744428,5.394172977085047,5.406443025218491,5.342299969724405,5.260945842704934,5.121867551381833,4.972367224026121,4.730765809164378,4.6096299181553615,4.584881175565392,4.474135982580602,4.302959677010864,4.203635448358504,4.123320885108737,4.140599762839766,4.245861446311496,4.308861631271696,4.4258132509038175,4.624625967541173,4.770808059255541,4.943900770400391,5.05799238787211,5.176631162891607,5.30841416970921,5.384179730861366,5.430634387809048,5.5412210787341705,5.623154167840195,5.54537506045486,5.419100054588455,5.3934700346880815,5.3947831121500105,5.3515178328016875,5.234755920599492,5.092498076839588,5.015228750011062,4.9776094672088504,4.839366350069999,4.705162969309685,4.658703841483253,4.554362646470528,4.45461543152927,4.361012187312594,4.142838096172919,3.832257759287644,3.492518538633016,3.0469290800483626,2.524615123247706,1.9108783016418194,1.293718965090945,0.6462301846056615,0
0,0.710522390100796,1.4333804508611825,2.121451281229663,2.7925932385312993,3.3877284919403237,3.9148635106731247,4.348202361886455,4.757037090354947,5.033866759187105,5.187149825717564,5.329915096648544,5.452899136486119,5.474796212440773,5.56096509112115,5.631720240765615,5.597920212801481,5.587572386827745,5.634942839228949,5.656145783287583,5.622503009993931,5.5571316633448635,5.535265116231081,5.632909832596109,5.699404684952782,5.629654487063942,5.519250765084415,5.449948188167715,5.336512635310899,5.162948355034225,5.011977487701613,4.856743380748112,4.64646971536519,4.457346982139573,4.242605236319189,4.118344435832374,4.041222102889668,3.914629045830611,3.8837286088433602,3.9767822824640313,4.093013001915742,4.289572252284139,4.430803938180731,4.4964861476541085,4.666033854535461,4.963276376202125,5.178004588270254,5.358218879711359,5.4931519798140345,5.584924223762884,5.592485332476512,5.5208010997402415,5.405530467486795,5.230297443709216,5.043166868440052,4.781777613227353,4.634542973919875,4.581699352501367,4.433063417559045,4.231223648765225,4.123320885108868,4.031680842326505,4.06434786819017,4.203837110909484,4.310236762507293,4.470774545113773,4.715507304365301,4.912246136602059,5.138989499868301,5.3184060665098984,5.48854223130598,5.670072325951173,5.807874080932592,5.90170960396584,6.037789196791193,6.126367982565308,6.056527160845413,5.931003754336724,5.90971666804449,5.906463041487115,5.860957225669673,5.757482592686618,5.626098418441362,5.539884360067716,5.492101843548778,5.3485441713655995,5.209572954635287,5.158663826713381,5.033377876118571,4.919474104598964,4.8137911232856725,4.578997976893414,4.222742084659651,3.842663507386431,3.366366998626959,2.808402155978642,2.1455301638293385,1.4538570814777538,0.7283622384161031,0
0,0.7770968868875205,1.5597806013641229,2.313332125357842,3.028633328909588,3.6702016608587322,4.231075604381805,4.698920669029923,5.146352382686437,5.444375226322256,5.61688955624171,5.777687891279846,5.920934333175315,5.947599782538528,6.036377525918452,6.113715579353621,6.083144053952506,6.08287980601085,6.12982810932884,6.149561424176472,6.125904931834413,6.079796624812147,6.072434137920306,6.177668316309874,6.246513991025072,6.1741814468687215,6.048350645187327,5.950245328473661,5.792190245931059,5.580578925946444,5.3850210275759975,5.183664182907347,4.923910695682067,4.692555194202786,4.442174694368003,4.270888166499707,4.147121395053025,3.9823808042989812,3.9260695069418263,4.009815327047994,4.117788475239182,4.317601652951278,4.462837340282742,4.526058023457092,4.692235534220249,4.981906896546431,5.205014021460044,5.394976541443487,5.543275825242428,5.639042373966724,5.642494999722447,5.561464113289843,5.425302122395052,5.234440775606442,5.034326197880586,4.778613642929444,4.633218608618353,4.58283192471982,4.432925688753381,4.23307802242879,4.140599762839814,4.064347868190202,4.130233297456341,4.315551372188148,4.474554772921305,4.689541054982429,4.972394590486287,5.21414899027866,5.492365559400017,5.720236415901851,5.935287504077163,6.15467778399414,6.333319112207302,6.453067039605001,6.599176092522651,6.685847225395163,6.609910675841397,6.473154021797828,6.433433706814885,6.40997569957455,6.351076506905654,6.246050140046877,6.114885780871276,6.016192775208919,5.962847721206146,5.813840729465091,5.672465486969734,5.619003254147118,5.478566776829063,5.352639103832423,5.233958332090334,4.982430401713112,4.588467014065402,4.175849152889119,3.665004624271524,3.058891899035315,2.349816237403805,1.5909658756994005,0.7995686198965134,0
0,0.8284499736916863,1.6597025914493868,2.4622403801312007,3.210909748611468,3.8826959311082203,4.464350789929046,4.962487048269925,5.4426497593209895,5.765397800745766,5.949377134812078,6.140284369737453,6.302567151389329,6.345823361340792,6.447553187387131,6.543989813075486,6.53561689598385,6.554942195960289,6.616217831410154,6.6428305890785575,6.643428130812448,6.6290491665715034,6.641281145817378,6.760160520479949,6.836856267328602,6.778857228641242,6.655306894931487,6.539975810459159,6.35247898335,6.115536086470966,5.882983711669143,5.640077511797854,5.338167442425678,5.065901810599437,4.777440237214075,4.55672769741556,4.3826943720355125,4.177048258247987,4.079600185594746,4.134980606081155,4.216537482346824,4.390612671803756,4.525532451032188,4.567511495625674,4.713263982694553,4.9677872659020315,5.176954144815677,5.361007683168262,5.511756240299059,5.604805939365558,5.604866984435288,5.521853796146686,5.3766675193852835,5.187258682346529,4.998110396337862,4.773388319403815,4.6471388389413715,4.6189903641902195,4.481054442915615,4.309753147755324,4.24586144631144,4.203837110909409,4.315551372188124,4.551822842259124,4.768396848451221,5.038301315661525,5.361426302889781,5.647764336475746,5.968120198821943,6.239480073133522,6.491881702102056,6.737032356220095,6.9426640667322745,7.075693391835018,7.215408077539963,7.283277884803918,7.194522795317727,7.040387677550571,6.977297407511018,6.919081118494077,6.833364178399089,6.721809946615907,6.5743823677104105,6.458737443514036,6.384818307443882,6.220214990678943,6.067365889010474,5.999979173492603,5.843588484064806,5.692874332526613,5.566734157092577,5.292912013357222,4.867704673678604,4.426829985245483,3.894128963643063,3.2562689471879875,2.511758519294844,1.7003841583398154,0.8556011630168104,0
0,0.884133634262107,1.771478395283657,2.6204898301666524,3.414116449598556,4.124902711150762,4.732949503362999,5.264353218893231,5.77757558929789,6.125379894724189,6.329085939160996,6.545961296762574,6.733507513578564,6.791719115537446,6.912093420154365,7.028170878226065,7.040706445947495,7.078521016127375,7.155644979804307,7.18895031290213,7.199470616658973,7.207223020114376,7.240505922340239,7.3726100989659855,7.4533025460525195,7.403840967200204,7.264861451134158,7.122759341773909,6.906654464763303,6.642196929567728,6.372834612416676,6.0796201307578945,5.734185361639858,5.422106866194148,5.0959826751736585,4.823268866095222,4.594637138619635,4.337331853145554,4.1910319362824,4.208894465139265,4.26475067147932,4.404474643021559,4.496577332190956,4.496422739000801,4.605150819286778,4.815523486614777,5.012254313694177,5.182644916654328,5.327097458060197,5.406697542713913,5.40479671369288,5.332484529726238,5.189021926261616,5.010688160892978,4.831378537054955,4.648214901153783,4.557211420147435,4.572216405069313,4.478863711435714,4.34464327393676,4.3088616312717045,4.310236762507246,4.474554772921364,4.768396848451308,5.043577765205843,5.3678187153348045,5.731160023242811,6.059814890405859,6.424377436032148,6.748710331881224,7.038475127766559,7.312091914947738,7.541950532012152,7.697276689454211,7.8468935249080145,7.902192107208953,7.804936716565229,7.636032782314732,7.548178409213406,7.466740685385614,7.370298896199774,7.252875811097442,7.088230064376383,6.956643163705879,6.863310086387455,6.679676525183428,6.510461093289192,6.430018953030822,6.252302769910615,6.08011450184981,5.936540207092298,5.640176855118353,5.180358793564683,4.706836704087101,4.145285896291321,3.4664272473302247,2.675455163538542,1.8167126072014115,0.9128604667876069,0
0,0.9439386125379188,1.881935630079788,2.778250309219825,3.6103768502720137,4.361340242236858,4.994031313660833,5.5523167525940815,6.078148953192704,6.441932432025321,6.664600656893143,6.902916098666447,7.105426364935094,7.179887120398563,7.3085464984322135,7.427666004678586,7.444141435474144,7.49293881142255,7.575173569462909,7.607895230236582,7.628970069393611,7.657654485794188,7.713142741986182,7.857606294379393,7.94606027906652,7.90615152317491,7.7688444497299605,7.622196266326391,7.404936874701874,7.134677016034063,6.840725002708127,6.518594427600716,6.148657975574813,5.813570253960534,5.455678103235286,5.145854615218346,4.867095317861311,4.558235096365463,4.361657922447886,4.340603446800067,4.351261486032301,4.438270715029294,4.4787403495899,4.431069237075903,4.489456666524833,4.650873914665115,4.813654547699387,4.9557992361632035,5.079885960933122,5.144415056232404,5.140142127691079,5.078914493629865,4.950942270844238,4.797825785720958,4.649052534718325,4.511806510197493,4.4703536228679415,4.532618058175971,4.493584238470034,4.414580572732357,4.425813250903939,4.470774545113864,4.6895410549825085,5.0383013156616645,5.367818715334747,5.73058598701988,6.126632085569973,6.480558721689473,6.870537827744957,7.226896140619,7.542491209028222,7.8230387264259,8.052345891552985,8.20910327487976,8.354971574243274,8.397523401684833,8.28831460105989,8.104644982462789,7.992431834164408,7.887702038536897,7.780975916843097,7.664407739549634,7.493577772409027,7.351867032483624,7.256967934250674,7.071897299231816,6.896038565320791,6.801069675190653,6.612174250619972,6.425564461943754,6.267176200726207,5.9562109788509785,5.483170876090648,4.982037207476402,4.395509841597571,3.674868153069944,2.8418474707853436,1.932192692714753,0.9740649468012587,0
0,0.9873765432930907,1.9567916820549958,2.8855291142182735,3.7553138556221763,4.5268364605811895,5.182087863110503,5.769271376405294,6.315199113045271,6.691149184038178,6.941954904915773,7.202634758146369,7.425101960439998,7.521588468179732,7.656205744566772,7.787401591388711,7.825684952216996,7.8845950716024955,7.983830917594176,8.023070248104155,8.053784193298798,8.101872113681415,8.171687653580317,8.317517289698639,8.403501181234244,8.37640148524709,8.248234888024836,8.095935070457687,7.880627577261756,7.617610703968176,7.306259449298886,6.9614527319458785,6.5843762994815656,6.232956917258761,5.854894047003657,5.511557714172568,5.1929096666146695,4.845495143961508,4.614261907562373,4.549762279322677,4.520326225715956,4.547439069223177,4.544873185619373,4.4516897297950715,4.466304856931387,4.570381357200555,4.68142896530978,4.792681156183044,4.889685835032695,4.930021868249973,4.924899278697257,4.8872077785011845,4.782967748004795,4.6596660422020015,4.558397286125369,4.473796848546539,4.4751989973028765,4.583196559789468,4.589319475183221,4.5717712094165845,4.624625967541307,4.715507304365407,4.972394590486455,5.361426302889887,5.731160023242889,6.126632085569871,6.541605063935077,6.915521025544114,7.314403934783306,7.695944983880496,8.029152070606983,8.305585356144382,8.531756342389146,8.692634170659451,8.82651969410688,8.85233771859102,8.741886994892651,8.555596780423977,8.427191051558422,8.302622752164414,8.186244456103436,8.062986996862032,7.876298034155145,7.725346211186226,7.609226934957655,7.414159043423286,7.23386127614039,7.119848361026091,6.914274392962787,6.710300427902689,6.525215387610287,6.203676615328596,5.711350616308755,5.182125484428834,4.571069754172483,3.8266014752677804,2.953035732263231,2.0108339055297577,1.0187316137291584,0
0,1.016404269974625,1.9968109323823393,2.9265095697741015,3.7990757447763746,4.573982247895002,5.2247259154838135,5.816947751249269,6.360142411839572,6.733824909818338,6.991588043658773,7.25973855340715,7.485820367138196,7.59286160817663,7.729772107890578,7.87747838591571,7.945432399895998,8.030973356290454,8.16229475280959,8.233631829038137,8.291407036784921,8.370861297312674,8.471891641589533,8.638520610829818,8.743428934327069,8.74033725829718,8.634672817469387,8.497099797486657,8.295638259764742,8.043069662404172,7.721380849659027,7.370798681263283,6.985105033894414,6.605201136478402,6.2056026573558025,5.837165964459814,5.476115330485485,5.08703573302318,4.814786707402718,4.70255146618271,4.636008342952014,4.6148695282001375,4.570023958359453,4.432434890470356,4.3956613761948615,4.443613987286534,4.503130511040782,4.5632090258262235,4.626030294987684,4.644874063565984,4.639201950314479,4.618311183723006,4.54319417707257,4.470593709309039,4.418891031524238,4.387467741150945,4.438266865601288,4.593197356568355,4.645989509832548,4.678271562080809,4.770808059255617,4.912246136602156,5.214148990278747,5.647764336475854,6.059814890405912,6.480558721689593,6.915521025544155,7.318981425072555,7.725282729692338,8.112083280151191,8.45405869305404,8.718004030766004,8.924633459744825,9.067861486457314,9.176573556164564,9.174127858242608,9.042096359469422,8.834214580073263,8.676007210307523,8.520297669205132,8.378584356466742,8.225750393681253,8.01029654197907,7.83788923076957,7.697490771982362,7.490650838574444,7.309074621925118,7.185081674513908,6.976768643408458,6.769219464278733,6.576638844851699,6.255342123771574,5.761811225419847,5.224995998738823,4.616822995655442,3.868504117872527,2.9930528457580343,2.0497208093783392,1.0473054230714587,0
0,1.0363249803382502,2.02801529217351,2.9649262760401474,3.8380078941899094,4.6116690281702555,5.258029542402825,5.851363727472079,6.38337820638753,6.742013483192924,7.009791541413062,7.276143585258579,7.510108834084221,7.619536293918388,7.754169154758911,7.907843684117944,7.999101764619423,8.112405634988013,8.27169392100517,8.380347364190072,8.469842914099363,8.591348638465709,8.726963503666305,8.908600412757254,9.04091651423035,9.07942293813023,9.009634831506691,8.895299749488272,8.721500632076687,8.49110718732209,8.162538453111683,7.799771289217459,7.395580760316723,7.0058565607094065,6.593379688787646,6.19687757660414,5.790780974580331,5.358748339779824,5.039227493113566,4.875045035225995,4.752749423624231,4.675947232154741,4.579036560645686,4.401653529001485,4.30556168200698,4.290909978021272,4.304055448265471,4.326376848054172,4.346265338205454,4.341417100023351,4.335659145966764,4.335936919797455,4.300497205742234,4.2660611713533285,4.25955647456841,4.289524490182674,4.3977293124508385,4.593856876903084,4.7049776751489985,4.796067542684366,4.943900770400462,5.138989499868351,5.492365559399935,5.9681201988218975,6.424377436032154,6.8705378277449904,7.3144039347832805,7.7252827296923545,8.14819371017466,8.545432387743668,8.892373900839882,9.130838068578896,9.305923462672643,9.424997221724242,9.495424914195132,9.448275703527688,9.286856036393296,9.065139253553195,8.876325209825437,8.68139593926441,8.511388528824714,8.324700358459895,8.083957490500547,7.885448614526703,7.726651685063907,7.515717128692929,7.337262306645445,7.211428078988703,6.995676540051578,6.788495290516387,6.582195892496143,6.271964199111678,5.787607682553147,5.249729566307671,4.644903534448886,3.8977894578519887,3.0221506616108056,2.0730565510579457,1.063621261989618,0
0,1.0322971901489626,2.0063280055474424,2.9317102266987876,3.81051565164126,4.570887160411938,5.1955086324010855,5.7721620116119,6.284533889803484,6.624049401527692,6.885906829329101,7.146748804071757,7.382525782523882,7.493100406542041,7.629582233978239,7.783194487925234,7.889269251287989,8.013242034340378,8.196859455814904,8.353898325711228,8.478135294447016,8.644919316276281,8.824405756488995,9.03219749618296,9.194617447949286,9.304143877487048,9.288278906547484,9.211005041399611,9.071075476380214,8.87645790031672,8.568570252638734,8.200844729786715,7.784009379035402,7.386478054411162,6.9467804406028115,6.514827898791098,6.053229197283206,5.57969545859233,5.215381729939665,4.990187533831642,4.811280761900633,4.6819352026011565,4.544284859635549,4.333929869759863,4.184496707584666,4.1023656996213225,4.075368768944348,4.075396269223266,4.058784633374596,4.024530848926082,4.0169719631711605,4.041705412592031,4.0398030866882655,4.027692517490305,4.059391823897984,4.154107928011714,4.315556757511401,4.546729274172412,4.703687701437969,4.852581594059729,5.057992387872136,5.318406066509985,5.720236415901803,6.239480073133535,6.748710331881366,7.226896140618914,7.695944983880461,8.112083280151095,8.545432387743775,8.94204936401804,9.264482852977537,9.464540214376369,9.602598487717117,9.683233621034613,9.69524151730134,9.574075431842248,9.383040886405597,9.134931749509692,8.903264663460009,8.66545592843986,8.464713003480782,8.234146373999637,7.973500855316139,7.768194595130884,7.596773790999835,7.3877520963188665,7.208003577568323,7.079021330252698,6.861500042007216,6.658623452933079,6.456866396113342,6.164385701394161,5.6972944854715974,5.175317821782648,4.590170646754411,3.8560373201170473,2.976888871603972,2.0417131919665144,1.0533700839494382,0
0,1.022199441941133,1.9783457329459158,2.877548618591291,3.7517327423004048,4.50218646393847,5.104092231545981,5.665363263387467,6.160152920361944,6.472665363555613,6.7261380035930625,6.972809021600396,7.199690188762759,7.301889360064542,7.430938101202119,7.587308395663659,7.705694818046581,7.850119233590936,8.065115499166911,8.25797633901999,8.411075329586469,8.609224992753681,8.827237493721157,9.059512023589033,9.252203029736549,9.413394944570731,9.458129550448945,9.429561983494658,9.328079966642795,9.184628085127597,8.902044506203612,8.552531724945501,8.126690694708415,7.7179990883350165,7.257419389960925,6.7961603950597445,6.2934683394060835,5.7835483678371675,5.3777918245959775,5.104520451901622,4.88496302823603,4.716443814263878,4.531694547373819,4.294249441347134,4.101654802798575,3.9698739792054165,3.8970574733821497,3.854645054126983,3.797010384127946,3.734557465744161,3.7257807000325593,3.772854881609219,3.8094747210190225,3.8390826867771333,3.9135180848569453,4.0558455703688265,4.261045411545216,4.523737860746572,4.734307772805534,4.927090717823015,5.1766311628915815,5.488542231305972,5.935287504077112,6.491881702101962,7.038475127766468,7.542491209028106,8.02915207060686,8.454058693053993,8.892373900839871,9.264482852977416,9.557851815228219,9.701421152156268,9.79855113611756,9.825563640253542,9.77286787013491,9.594851891066579,9.373178094779007,9.102705865231759,8.83553139347489,8.569587426933438,8.344347127644987,8.080898768623095,7.7932199753563225,7.5720371821579855,7.390815990425567,7.181316335761258,7.0123655964825335,6.8927630553334645,6.683539324667674,6.493147472068581,6.297936241005158,6.0290484167449065,5.578926682482981,5.069906164832191,4.505138008693483,3.780439588782612,2.909485376735832,2.004353530028996,1.0372057408069688,0
0,0.999126608339538,1.9294558015041279,2.7906239321565125,3.652488366694273,4.384275393726305,4.966271406300798,5.504142813744022,5.978237485186159,6.261341347099581,6.498476428599964,6.728976016230202,6.945597331503874,7.043771659885632,7.168794607387865,7.313854512373846,7.438171273594106,7.592871873254181,7.824744482091193,8.040629880693139,8.215060923122513,8.430932065021583,8.668964698630889,8.92256055534031,9.141004496692954,9.359517072784172,9.460384024191145,9.490718680474528,9.44084494251489,9.350164435865818,9.121457788776663,8.80434853922266,8.402413926596072,8.002244984607392,7.541930432281311,7.069180495480688,6.534382565929234,5.997991936703874,5.556217386367666,5.234617330213615,4.9731743858961135,4.758607722654373,4.52260983350114,4.243886924472265,3.990090502076569,3.7923460824866555,3.66730472880263,3.580444721372273,3.4901707290388386,3.4115447745459444,3.40279259494767,3.463064293403118,3.532938893769492,3.6065518653144473,3.729840325770581,3.93570516163421,4.199952501505515,4.506805294476824,4.773561494574235,5.016614286704624,5.308414169709268,5.670072325951241,6.154677783994061,6.737032356220037,7.312091914947614,7.823038726425924,8.30558535614433,8.71800403076605,9.130838068578935,9.464540214376356,9.701421152156284,9.788381966709139,9.827965366050307,9.792043769941786,9.678817278348781,9.439054306762062,9.190409570054449,8.901600080531512,8.618228094855597,8.339972216298154,8.099988677753995,7.8208389882296645,7.522332695206638,7.297054866386551,7.117624347266957,6.923670034463744,6.764024452409073,6.647856426521423,6.447518951143388,6.271546850858891,6.090717017400122,5.846226808357466,5.410121295769031,4.9216104790567075,4.373400717643086,3.6666850485378313,2.8095244175793423,1.9455225432357677,1.0090837645149546,0
0,0.9801412646221315,1.8877227727839268,2.7070094118834978,3.534549300648909,4.243964742512262,4.800694707100336,5.318681958948993,5.768006297616577,6.024173381625859,6.248573151914168,6.4611063003612355,6.664457873233004,6.75325961778366,6.859710435107944,6.992768759522228,7.121638387077442,7.295299641202689,7.538113702290578,7.77536850694836,7.967784472244149,8.204305191242701,8.461775010594412,8.736927285063565,8.991685585576608,9.255102238313572,9.414466047860058,9.498917250764693,9.508579181043709,9.472029005672209,9.28321932069955,8.999527115014965,8.627120330464589,8.244237000871724,7.783629468938113,7.306979996886931,6.744231408103396,6.176494149944039,5.692685771967763,5.308987180571923,4.994207179913087,4.716197116161038,4.423077987234802,4.099970121034038,3.778715953729444,3.524189687782288,3.3315061936049166,3.2030570130816987,3.073148683677121,2.968146749058075,2.9612432037272005,3.0459687841653817,3.1555462844310704,3.271525359443004,3.4594127923288407,3.721212535811969,4.052948778276102,4.404510116426724,4.730604946929255,5.039552208962672,5.384179730861435,5.807874080932594,6.333319112207197,6.9426640667320925,7.541950532012042,8.052345891552983,8.53175634238915,8.924633459744777,9.305923462672627,9.602598487717122,9.798551136117451,9.82796536605022,9.807089056920267,9.715585933271052,9.540793634648779,9.25385503551902,8.96857630618643,8.659052445593977,8.360385126763065,8.068496440711174,7.817314013288709,7.524232602314504,7.219670493410712,6.979986478763576,6.80298779530224,6.6253835426904795,6.489339727837813,6.3827458768788725,6.193173090359678,6.0290170027647605,5.853455798941247,5.630043132511934,5.214528662401127,4.741221387750581,4.21383874840322,3.528822407452247,2.7076264106391137,1.888101665660173,0.9816169243798224,0
0,0.9356894567588531,1.8034630485613914,2.5623746795313274,3.3315683589505065,3.992406775621748,4.513578419155267,4.99728819925957,5.409611633190777,5.631754410595137,5.833999709662671,6.021362762773585,6.211822569982805,6.293402458590822,6.391700088203935,6.518304973691418,6.667936462039344,6.871327296532749,7.132685751273392,7.405704622294357,7.622430479563805,7.88869019086654,8.172258773000339,8.47262794608312,8.768961444526097,9.076818921833794,9.299234968154735,9.44254417615351,9.508085447116734,9.53048618357076,9.394106499724977,9.144061008852432,8.792397590815956,8.421818129197886,7.953932047705677,7.471852384383582,6.883916473508738,6.300505918728199,5.79034915846266,5.359925483189434,5.026697056229906,4.718005358194732,4.392187874807226,4.058093991915356,3.6924829254607143,3.4011755120999476,3.1504716564782314,2.982172479330763,2.8164009307624425,2.6834180567620827,2.6768239357986268,2.7834099816875493,2.9259133919435985,3.079987140393857,3.3217698938408917,3.6199380560066174,3.996393920416858,4.360364905078605,4.723674642181791,5.0666799033446575,5.430634387809069,5.901709603965895,6.453067039604871,7.075693391834997,7.697276689454099,8.209103274879816,8.692634170659439,9.067861486457284,9.424997221724231,9.683233621034528,9.82556364025345,9.792043769941618,9.715585933271116,9.566495805071499,9.327668026751677,8.995104534741007,8.66984878220514,8.336453928096716,8.01702555352162,7.700826960750143,7.430742787603048,7.10859978107776,6.791731775734874,6.528927278173795,6.33819910675649,6.1708373610346445,6.047112350457968,5.947522137206907,5.769490124470682,5.625922186423029,5.467468669042701,5.273913056679698,4.8925143742963435,4.449799423950979,3.9548043415224914,3.3151829233525087,2.5525520965683555,1.794039366085723,0.9319318478562526,0
0,0.8813333928970836,1.6902018833674166,2.3744665298694754,3.086129556300517,3.693396386634378,4.183411904878303,4.623936228418019,5.004764561502142,5.194029208947266,5.3724417445225985,5.528501847063772,5.7032351564005594,5.772774071109411,5.867217586721505,5.989078695735992,6.1656655280527914,6.395642335382012,6.677992675532792,6.979302319467042,7.215259877901669,7.503004634137753,7.805603019095134,8.13206086914251,8.464271818985404,8.816262082296628,9.09137758294871,9.299509225795584,9.426594968531356,9.50742076690869,9.43338370171572,9.234863475947533,8.919871151392911,8.570690536651654,8.113830232121812,7.630516675010132,7.029927061922485,6.451519223175274,5.932861914036316,5.478672099257712,5.131294070153992,4.798128008472195,4.446078241310346,4.10168514441719,3.694821184236706,3.3626341632786936,3.0693198316654553,2.8621459502613944,2.6582323110398263,2.5048988402073378,2.499089806025752,2.621775803668645,2.801045695994927,2.992269099434283,3.2721117378412394,3.6066880552373988,4.022432848366095,4.398138776194909,4.791818304538267,5.16335473312495,5.541221078734129,6.03778919679114,6.599176092522627,7.215408077539946,7.846893524907915,8.354971574243239,8.826519694106914,9.176573556164652,9.495424914195205,9.69524151730129,9.77286787013468,9.678817278348687,9.540793634648809,9.327668026751798,9.034797007809829,8.655599789709887,8.29554727818854,7.938415869100098,7.606791098668742,7.277545964106837,6.996113108534007,6.651563658397468,6.31959668401316,6.036488833844887,5.8247698403798545,5.663039823321843,5.544716233398901,5.45554478122575,5.291246879563973,5.169847036120192,5.026804077789886,4.862522823737962,4.509839368691892,4.106458839009511,3.63999902515484,3.0523438899168673,2.3493033029101262,1.6670130714621814,0.8690656679423865,0
0,0.8203843639816999,1.5626557319946361,2.1718702293161662,2.8116572128861232,3.361576250000541,3.799115068247686,4.200524287277417,4.555317161635564,4.715209029536658,4.879660919306169,5.012069708987504,5.180382701529002,5.2537578519411525,5.350883576584021,5.486048142706285,5.676245252703443,5.9308432860846585,6.228544258223715,6.548534728472659,6.796660559189982,7.0888722263371,7.397142708577666,7.722586741465539,8.079611456858498,8.466454746196494,8.790353090686716,9.04451305095326,9.220114942313069,9.359245793979767,9.338685937114587,9.208376676591195,8.935912038962774,8.61225801287397,8.170829920898953,7.6986040195887835,7.109821696064937,6.549565475601992,6.033387491115971,5.571814431827648,5.226317493310343,4.888277120889659,4.526890890143121,4.1905954939271775,3.759653008938241,3.397761045590586,3.059820616489461,2.819650300694452,2.58719147949496,2.4257171411744394,2.4207004327959916,2.5472713967128016,2.753883659573667,2.9772661860767182,3.2989246945515664,3.6613843424716577,4.1003060053583,4.466995162407422,4.8708691262641866,5.248332830254562,5.62315416784017,6.126367982565355,6.685847225395181,7.283277884803873,7.902192107208816,8.397523401684733,8.852337718590972,9.174127858242604,9.44827570352775,9.574075431842253,9.594851891066453,9.439054306762051,9.253855035519113,8.995104534741165,8.655599789709894,8.240691159355814,7.857585406692341,7.502439835054703,7.169842032819391,6.842531085774656,6.555389912682105,6.198912468407083,5.860000946638351,5.560519014230152,5.341418683926437,5.169508762765857,5.0503523413446825,4.955049344686841,4.794379533523867,4.688958304372445,4.551917657770446,4.4120803770400165,4.0823270944311965,3.713529906300614,3.2979562044017836,2.7655778567675715,2.1363932917772788,1.5308818021518587,0.8033817546207751,0
0,0.7509549077057889,1.4334376434082006,1.9624804936148132,2.53847578919681,3.037991106902458,3.427236440349683,3.785221448245405,4.100105069861832,4.225174293466452,4.37313382783509,4.4919180806229075,4.653629340480463,4.7282990784781,4.830035516542258,4.9700808136874715,5.172618181493929,5.447561319117104,5.762560405872946,6.103784989658816,6.372781900795182,6.6884100279728305,7.007503596277826,7.344940875081402,7.716726882807542,8.12930631293282,8.488713375447407,8.782468860603393,8.994012467264577,9.158608364350474,9.167230137287769,9.06460411397483,8.823925031067272,8.518735505917642,8.077200012867646,7.6145098253766506,7.0320331824691,6.484621557270326,5.976254193616044,5.5075678091656775,5.161450686692667,4.809556289501442,4.443774032641141,4.1225536381649635,3.6855384412702303,3.3100847261708983,2.9423903644171148,2.6832671360229354,2.4392896447887726,2.27775404020698,2.274305205769326,2.398763054285132,2.6164308122391393,2.8549897051609254,3.2020282701386473,3.577665658577303,4.020419024257147,4.371669594215278,4.780190634707125,5.171241863368072,5.545375060454926,6.056527160845526,6.609910675841429,7.194522795317654,7.804936716565111,8.288314601059845,8.741886994892612,9.042096359469362,9.286856036393209,9.383040886405563,9.373178094779012,9.190409570054452,8.968576306186483,8.669848782205221,8.295547278188618,7.857585406692461,7.460857459150015,7.094013560614921,6.753076256198804,6.406449934714419,6.103755142014036,5.733212310455458,5.384670814593485,5.071362478888476,4.843954390440353,4.667759811578405,4.546284058234954,4.449130543906376,4.2955824895914585,4.196133542876762,4.066308360399562,3.9583124533879506,3.6654874935742887,3.337428144910971,2.9669480912759134,2.4838460555512536,1.9199318591728738,1.3950320707592034,0.7297991545085079,0
0,0.6821754514099282,1.3031270595687416,1.7436325360731513,2.2522026198140126,2.70027941174598,3.0483719493969477,3.367529814447166,3.6540817945848434,3.754229979148348,3.893764859771367,4.0053586903641145,4.171175961477459,4.249406278767705,4.360068210249448,4.508172658920829,4.7252961313572825,5.0193371017799695,5.354840167949937,5.703921998861634,5.985805459265725,6.320946337392511,6.645999963319922,6.992896208449384,7.3777856869622624,7.792383291140261,8.178726920998182,8.49755751820726,8.734108579847087,8.917520789061362,8.946759150239812,8.86734273379333,8.640266799953173,8.353960302163063,7.911744926056604,7.457150985792788,6.885553343922678,6.35223707577936,5.856764791953773,5.387069025954931,5.0335488617052615,4.669209458867007,4.310700061424602,4.008031354278205,3.57163840011017,3.2029343705398734,2.8111313885558684,2.547298376012774,2.291584613989237,2.134723656847397,2.131675008841051,2.250443746631752,2.4809187428456774,2.7233059745034223,3.09237401584187,3.4595635646442022,3.8995019525211836,4.23196608206875,4.634387201369687,5.0388538272895715,5.419100054588471,5.9310037543367695,6.473154021797822,7.040387677550499,7.636032782314632,8.104644982462702,8.5555967804239,8.834214580073303,9.065139253553273,9.13493174950971,9.102705865231785,8.901600080531507,8.659052445594078,8.336453928096775,7.938415869100139,7.502439835054793,7.094013560614986,6.717521226812931,6.373220588488176,6.010982475809648,5.700012043466082,5.327466108590576,4.965744933483573,4.638332839576998,4.401555807301596,4.219719009691845,4.091198381262697,3.988893125852174,3.8298049150806364,3.7297181714329133,3.60020472218187,3.513369088703767,3.246814615174731,2.9542390616729888,2.6240540057999104,2.192288848597374,1.6963200497667428,1.2592350733739155,0.6588195238556722,0
0,0.6174410835913258,1.1790335896443258,1.5497681464053934,1.9927919765550652,2.39277918823858,2.711877248638602,3.004469621598583,3.270821959377524,3.3693374850440527,3.500824373329518,3.6046785125608944,3.759358105567946,3.8416312789526437,3.956332749492609,4.1089632406660375,4.339227024268677,4.656632798925256,5.005984977913124,5.367524396858436,5.653480233020594,5.996836131295713,6.3255042440028,6.675700282951423,7.071136214257254,7.489007361635224,7.890452869535186,8.231661270174339,8.48473182794187,8.683665247128099,8.744374164029473,8.7028451877679,8.502916366106513,8.242546127625848,7.812146588427632,7.375638563481962,6.822099243526589,6.309645702690358,5.832123608714108,5.3592651991439215,5.025472906696306,4.658402204341569,4.307980590267539,4.01806407835102,3.5845369799579823,3.225042276331185,2.820011958302372,2.5444595273895794,2.279747582210066,2.130602991267949,2.1280597625132747,2.236412232111826,2.476414946805586,2.730433581584766,3.112541332028928,3.470300583281701,3.9057629201027813,4.226425663769545,4.622092808056159,5.03300862566944,5.393470034688114,5.909716668044432,6.433433706814916,6.977297407510896,7.548178409213311,7.992431834164272,8.427191051558268,8.676007210307512,8.87632520982539,8.903264663459957,8.835531393474763,8.618228094855558,8.36038512676309,8.017025553521684,7.606791098668796,7.169842032819404,6.753076256198885,6.373220588488274,6.030142251132939,5.667060392451118,5.356721044481166,4.9801191633240185,4.611777097309655,4.267558013270453,4.020840591620682,3.838148733157047,3.7079044707228626,3.600718320806053,3.4481309880183617,3.3490102783624964,3.2192292570926115,3.1303239550805033,2.880140269440733,2.6107247680837804,2.3077774807888307,1.921455339481604,1.4923657620768012,1.1248804465873212,0.5901822667138134,0
0,0.5397222691086585,1.0400673487894212,1.3314023689826504,1.6973948272559554,2.0442831294774564,2.325251559434118,2.5813355473360793,2.829057880164049,2.9221168287653465,3.054207828768745,3.1450440342147155,3.288624266973376,3.3770635013333288,3.50029796449115,3.6683048539785674,3.915801973324933,4.258863907056622,4.6287887627664395,5.004959777284873,5.306503332805797,5.656532943843832,5.986631128724657,6.350509304654175,6.764826403709132,7.184031604502095,7.601298546025181,7.968511318342363,8.236087991698565,8.446625432602785,8.533246622687228,8.529765853428518,8.363667201876533,8.128691480280564,7.714975271872963,7.2960539323304605,6.760742789863945,6.281664530115559,5.827205807268179,5.361054313607732,5.044221260403075,4.689913856271862,4.357282810477607,4.089479378692265,3.6552314554184613,3.3065699644802464,2.8924001556230965,2.6119506213794956,2.3414505459033146,2.2026754678518654,2.1994322555785506,2.2925380560671225,2.5356224688050037,2.7937567639127616,3.18344133233203,3.5313464800402046,3.966844435258447,4.26730883672956,4.6483675797072435,5.049977846033989,5.394783112149971,5.906463041487049,6.409975699574533,6.919081118494039,7.466740685385621,7.887702038536819,8.302622752164305,8.520297669204995,8.68139593926427,8.665455928439716,8.569587426933415,8.339972216298124,8.068496440711296,7.70082696075013,7.277545964106928,6.84253108577472,6.406449934714547,6.010982475809718,5.667060392451131,5.299688312682098,4.975457523411713,4.589698412789991,4.208100370452233,3.8453402566260375,3.586878735338629,3.3928829273599943,3.2584701759544688,3.145498207155424,3.001677212931675,2.9126348122240873,2.7798921111724364,2.696086621804189,2.4638614562450267,2.2278708136248797,1.962183829389619,1.6280179938567272,1.275660040763511,0.9851122066595712,0.5123584238657382,0
0,0.4545768880169862,0.8883696404545658,1.1075721517955364,1.4013971509019598,1.6967010888950478,1.942512260917337,2.169173938097345,2.4016012062181935,2.4896891332244824,2.6181480219240236,2.710906355577155,2.8523335630192777,2.9459062105310774,3.0818416321136803,3.267177110015338,3.5334552304786135,3.8987765681784197,4.2878111153665355,4.681776079513794,4.998399431083409,5.360211313715556,5.688124350081842,6.056571298698265,6.484341747259917,6.910728338574809,7.34182881347384,7.730924893823344,8.012947921339505,8.238540053169917,8.350283010735621,8.376795891329643,8.238056749015055,8.024714360852961,7.618682341151405,7.206227760610837,6.679460647202565,6.2257806281856825,5.785046878658096,5.322957997503626,5.0060883312657705,4.653268808388815,4.327367779133987,4.076269872495576,3.642769664515335,3.2966203642366865,2.864577681517653,2.5701588322087887,2.2973419027669943,2.168329892784767,2.1643649250286456,2.2431699730661543,2.486248833784016,2.7571051938755815,3.1628459158880218,3.50846966390828,3.9435275373198238,4.2282641861729475,4.6036624531501635,5.005146720992179,5.351517832801625,5.86095722566969,6.35107650690577,6.833364178399106,7.370298896199721,7.780975916843116,8.186244456103516,8.378584356466737,8.511388528824698,8.464713003480723,8.344347127645001,8.099988677753958,7.817314013288864,7.4307427876031324,6.996113108534134,6.555389912682263,6.103755142014127,5.700012043466147,5.356721044481216,4.975457523411751,4.634542409839642,4.233002511539693,3.834911960495913,3.4532807969049664,3.1809756157175646,2.9735722364044244,2.831230752484363,2.7147776998840327,2.5765245145221365,2.486592497290049,2.3588770652200926,2.2834684633165043,2.0675759438249552,1.859599131177782,1.62886678595383,1.3450323096397898,1.0622921691532181,0.840224520858635,0.4319184029666451,0
0,0.3713456877758182,0.7296221479975048,0.8811547962068607,1.1111596189749324,1.3515680397425354,1.5646349678771831,1.7615363429555841,1.9737858160424127,2.0581467812056835,2.1845055387211074,2.265327700769581,2.4026293454412557,2.4897270329366052,2.6279694256197397,2.817159046381479,3.098951720008291,3.4767334591473977,3.8753328636600717,4.2917063491136,4.62286389109552,4.990956673712266,5.319342263561895,5.685423399235373,6.127477099474678,6.567405443180033,7.024458123205505,7.445422719943116,7.746125978808323,7.9899665462095815,8.13559108212185,8.206584088295775,8.101956168967137,7.915653449856933,7.514780345666974,7.100088430666099,6.578437315990799,6.130954226203804,5.6904019366077545,5.216284141618912,4.898882656331813,4.534309613326176,4.199457358662839,3.951317989165825,3.514751272501743,3.1578274945054483,2.6984744845993194,2.3793026857218273,2.1058001783765348,1.981690098971108,1.9766932285858727,2.047457925139999,2.2894674517079094,2.58241417313026,3.0139454300423236,3.370695234554738,3.810345627189121,4.09200750802497,4.47509688393293,4.886881504810919,5.234755920599439,5.757482592686561,6.246050140046892,6.721809946615887,7.252875811097446,7.6644077395496435,8.062986996861945,8.225750393681063,8.324700358459719,8.234146373999634,8.08089876862309,7.820838988229689,7.524232602314672,7.108599781077922,6.651563658397577,6.19891246840714,5.733212310455598,5.327466108590662,4.980119163324043,4.589698412790083,4.233002511539776,3.811540226107679,3.4039716858722535,3.0108102831780146,2.7260649157006993,2.5177927611485793,2.3777869241249814,2.2706740447940543,2.1406952515656936,2.0646153672792362,1.9408560348753023,1.874037642720033,1.681302723562125,1.503235443256181,1.304652231496741,1.0745305165809358,0.8522736819631461,0.6916081379904578,0.35370766402552845,0
0,0.29145719228986433,0.5898511095818375,0.6778179991260596,0.8478020468407079,1.0334372013074231,1.2072815894394366,1.3762368545340615,1.5677459590534504,1.6493484065958124,1.7780240064066388,1.8467381453438014,1.9795768108409486,2.0668091078190445,2.2092950678930325,2.3973774888270922,2.683548699364466,3.0653969661072606,3.4745261121147446,3.9001202315391126,4.245843807626135,4.622848103443425,4.953144210966256,5.328748995091143,5.780816703502869,6.23236223722315,6.707821817578523,7.143208519092259,7.455653698179631,7.713872376885666,7.887786639026961,7.980026435679146,7.900835835522266,7.740762524584771,7.354796533043445,6.943923044794954,6.437114412348858,6.00475290998196,5.563570879162473,5.078625114122517,4.755101191924166,4.37803789826745,4.03621980430624,3.7945364224405567,3.368974659104008,3.0067203421371347,2.540248052162165,2.2163564901418105,1.946491769741282,1.816766796979016,1.810978214758143,1.8864300048170795,2.1252606157833402,2.4209412524089418,2.860213312954776,3.2241559721158577,3.6544372877617635,3.928461170061246,4.315756069237372,4.738934974420901,5.092498076839747,5.626098418441385,6.114885780871336,6.574382367710395,7.088230064376398,7.493577772409007,7.876298034155032,8.010296541978942,8.083957490500453,7.973500855316174,7.793219975356542,7.52233269520675,7.219670493410863,6.791731775734953,6.3195966840133035,5.8600009466384115,5.3846708145936075,4.965744933483656,4.611777097309802,4.20810037045247,3.8349119604960498,3.4039716858723774,2.987945097757634,2.590630488232533,2.3000575909253778,2.0925819439310986,1.950590990718177,1.8457591464538254,1.721867192902705,1.6610391590414264,1.537798884939098,1.4768739239707773,1.3088475063350793,1.1587254148344708,0.9985796798618285,0.8234920330059701,0.6598168593954431,0.561732427612925,0.27991706874941386,0
0,0.21604487798371896,0.4598177196474642,0.49885967097570943,0.6189000599219852,0.7552691256845313,0.8879426222046556,1.0271214022942727,1.1900125670537323,1.261012699306215,1.3886098081337226,1.4553226510129855,1.5767053139506173,1.6640857899032973,1.809052731189791,1.9958196155819825,2.2837219942919478,2.676108407905103,3.090827924196729,3.526015004169186,3.8876577172409448,4.278749082859553,4.6208475445567325,5.0065143124262255,5.472359355220288,5.944094086352109,6.440987008620741,6.900936176130787,7.22973055983052,7.494386295380002,7.686676804591394,7.789861507236478,7.741531338084458,7.603828847115095,7.227436173854448,6.827500255404741,6.33425859207148,5.915765428768019,5.486039022969339,5.008701616020552,4.689976906297741,4.3170665449979095,3.979728380480255,3.764025711303216,3.359463851006368,3.0113506754635058,2.5558837024602004,2.2389603197588723,1.983128132424883,1.8613928677593932,1.8553409390160984,1.9228332524909468,2.1473357073927977,2.4352522764908233,2.8639761691659475,3.216834522096733,3.6267143005853946,3.871009798034062,4.248905742826845,4.665451128561734,5.015228750011154,5.539884360067767,6.016192775209018,6.458737443513954,6.9566431637057935,7.351867032483555,7.725346211186076,7.837889230769433,7.885448614526718,7.7681945951308835,7.572037182157959,7.297054866386588,6.979986478763652,6.5289272781738,6.0364888338448415,5.5605190142301755,5.071362478888481,4.638332839577084,4.26755801327054,3.845340256626131,3.45328079690488,3.010810283177937,2.5906304882324243,2.18231828389069,1.8884036340999668,1.6828692593937071,1.539201378614294,1.437462955785464,1.329074102050206,1.2726411074977664,1.15189587539963,1.1029606737228637,0.9647416814573373,0.8427534074447041,0.7223843508932896,0.5976962523462187,0.4853232471711887,0.4373455685590792,0.20871557644237237,0
0,0.1664265641953622,0.3691689871622391,0.3734346078456568,0.45596542378585797,0.5599195807805039,0.6673988500805594,0.7866074608770453,0.9376084626482029,1.0086352611869147,1.1357917327176983,1.1980227597953093,1.309852823775404,1.3913080668950544,1.530034776036952,1.7175142574722477,2.0012560848782415,2.3957227328397264,2.8153522574163983,3.259054581473091,3.6294135814044637,4.026646881310444,4.372021828237345,4.762889603340121,5.238544608079236,5.721932481419609,6.240563083823846,6.715672284450111,7.046441205382903,7.313554679121143,7.520427822802635,7.6420513741721425,7.616131139061403,7.506383261524165,7.152325462142337,6.757189971721434,6.282470497387444,5.88130272463245,5.4539931015781455,4.980132139425368,4.663399936260758,4.296298986903467,3.9616027347846154,3.76272796948026,3.376834439719279,3.0403138782503127,2.592394468672477,2.294472465866353,2.0577426410153956,1.9461318286954814,1.9407344591257045,2.0016404209847156,2.2096669302585705,2.4808271326598845,2.902041900225633,3.246970860831245,3.639541272295441,3.8611737884857753,4.229713432323285,4.634089814714246,4.977609467208913,5.492101843548734,5.9628477212062085,6.384818307443884,6.863310086387529,7.256967934250611,7.609226934957543,7.6974907719822,7.726651685063875,7.596773790999803,7.390815990425436,7.117624347266846,6.802987795302182,6.338199106756438,5.82476984037987,5.341418683926373,4.843954390440287,4.401555807301523,4.020840591620666,3.5868787353387206,3.180975615717534,2.7260649157006616,2.300057590925254,1.8884036340999448,1.5963927186673983,1.3916800833743896,1.256269880843397,1.1629797842995069,1.0650263077735156,1.014123800379423,0.8955018593121102,0.8466869344963412,0.7213784917168149,0.6192668241119245,0.5246526937761485,0.4349588933173281,0.3630110580234098,0.3516205803681058,0.16291627895327424,0
0,0.11877443697780733,0.29600344579709387,0.28180766116510203,0.3330549548655219,0.4128332425859221,0.51213213539652,0.6227631791277641,0.7730227349142827,0.8445644290203554,0.9647442825127591,1.0286396342119237,1.133382681618036,1.201862574987658,1.3382007911498945,1.5203553446912967,1.8014289412524402,2.1942836262408427,2.6134736901813134,3.055615364852969,3.4358542345814147,3.842089342275069,4.185049620011229,4.579409613668893,5.05920222283087,5.554601518872305,6.0671972508855925,6.532158718319144,6.847520373649015,7.102803271410161,7.311882617669961,7.4344573740242685,7.416988349594138,7.322388094554712,6.97969431930029,6.588851802013565,6.133146864503677,5.74873293931667,5.323034786756579,4.848260726658906,4.5171398638610185,4.139867213063023,3.8040260085957147,3.6055656331219375,3.236770751722471,2.8997227902005434,2.471147811821366,2.198715632699988,1.9842221464700247,1.8885447166819715,1.88412210491441,1.9342512532168745,2.124947618954818,2.3743663797556196,2.778184214144909,3.124464597250059,3.498778638433693,3.716218005619036,4.078781736788608,4.48645653593993,4.83936635007008,5.348544171365624,5.813840729465046,6.220214990678814,6.6796765251834165,7.0718972992317255,7.414159043423209,7.490650838574295,7.515717128692757,7.387752096318726,7.1813163357611645,6.923670034463689,6.625383542690441,6.1708373610345895,5.663039823321775,5.169508762765736,4.667759811578331,4.2197190096918265,3.8381487331570447,3.3928829273599486,2.9735722364043853,2.517792761148491,2.092581943931081,1.6828692593936683,1.3916800833743015,1.1924726891787685,1.0601315352589893,0.9816380702515466,0.8905463477932415,0.8366866767622787,0.7239558462116772,0.6743156484513118,0.5503027869040445,0.4578353811348238,0.371282669850949,0.30841082737015835,0.2704260922697436,0.2812660916641306,0.11787983130787845,0
0,0.07978692024176785,0.23335255749801276,0.20267445746795756,0.2284464376921789,0.30250420834983627,0.3931012878214987,0.49974527587730116,0.6496372229237749,0.723818720792833,0.8445433979500468,0.902348485919529,1.002208895738538,1.067742212429535,1.2106729757718808,1.3897290938123121,1.663782740890871,2.058072473510837,2.4769377760388127,2.914427121446612,3.3008083460321016,3.7084743132218065,4.050753978036709,4.450627067375004,4.933804903783641,5.433518429701963,5.941087935902442,6.393520024810965,6.686534296674071,6.934308031300364,7.134989922517018,7.262217358889676,7.244704679410862,7.154302004123603,6.815569523146207,6.432198361031395,5.993260654118423,5.6196170565279235,5.191116864425797,4.716916156851875,4.373801400245177,3.990121516057277,3.6471081552785933,3.440200484646735,3.0813527864204957,2.7439104998547834,2.334260211422387,2.080351556609869,1.8984016432978523,1.8217093441550196,1.8177443021015747,1.8525567269691308,2.015933851906388,2.249659945692088,2.6354679947242152,2.98324160669713,3.3466764507232627,3.568228680412842,3.9325304101635172,4.3430217105933755,4.705162969309763,5.209572954635313,5.672465486969759,6.067365889010384,6.5104610932891465,6.896038565320722,7.233861276140212,7.309074621924971,7.337262306645301,7.208003577568223,7.012365596482507,6.764024452408991,6.489339727837727,6.047112350457852,5.5447162333987245,5.050352341344505,4.5462840582347654,4.091198381262543,3.707904470722851,3.2584701759543533,2.8312307524843945,2.3777869241248766,1.9505909907182533,1.539201378614423,1.2562698808434303,1.0601315352588856,0.9227902491921082,0.849538896091519,0.762108121098275,0.7123020757643974,0.5974808529096377,0.5435319519724231,0.41969777671133046,0.3325124941677812,0.25494697777491226,0.20297454621086314,0.19301438038703744,0.2216062424632893,0.08113392750710499,0
0,0.041169030930506424,0.18227115663984836,0.1493390414534114,0.16206682193269548,0.23708940121091407,0.33648917436494163,0.4530233462002545,0.6100392414717772,0.6864833202489908,0.8122000248021592,0.86142619250277,0.9514399417724927,1.0064930969322003,1.1446853666948371,1.308756747399415,1.5707389737596167,1.9570579098079974,2.369771845726006,2.794082062282697,3.1823049902214136,3.5932350613164874,3.9383568523694827,4.341789369698467,4.82924983881701,5.338099946199548,5.834194484287461,6.279879557275504,6.566845375457795,6.814883253541364,7.008466644228465,7.144090996101337,7.133123976116485,7.057702229518802,6.738702563738841,6.36975756552548,5.942529850554167,5.57849964190052,5.145926379654645,4.672075685267407,4.323731844440659,3.927341541668551,3.5667331616022753,3.3480808049946447,2.996049946095136,2.658042843910381,2.2762523439697326,2.0455737271334615,1.8911020749381333,1.8295406265944316,1.8269682266334715,1.8538041347593488,1.9958492464099864,2.209387368945975,2.56741342239223,2.914698836453089,3.2707573345286134,3.498186309465726,3.874041714150161,4.294522797030438,4.658703841483206,5.158663826713356,5.619003254147049,5.999979173492518,6.430018953030723,6.8010696751906705,7.119848361025989,7.185081674513731,7.21142807898865,7.079021330252634,6.892763055333386,6.6478564265213125,6.382745876878745,5.947522137206732,5.45554478122557,4.955049344686646,4.449130543906345,3.988893125852089,3.600718320806005,3.1454982071553954,2.714777699883929,2.270674044793993,1.8457591464538785,1.4374629557856302,1.1629797842995864,0.9816380702513904,0.849538896091451,0.7893169675441514,0.7123777773871837,0.6710803886794665,0.5505815409906597,0.4944153489771869,0.36597376432566087,0.27142231460923233,0.18633106125397755,0.13660943861467806,0.14161613722446148,0.17418467148599218,0.04476678732858032,0
0,0.013280854289278799,0.14477273873580904,0.10985265666982647,0.11990367855878656,0.18950298627799067,0.29220188220829213,0.41102971982040765,0.5679817672717762,0.6470902490065101,0.7757463693939024,0.8178569577177724,0.8860672912156035,0.9326018272612192,1.0674169917286715,1.2259997449611943,1.4750367597117648,1.8418360867806127,2.246129827638276,2.6584504409377807,3.038115674376993,3.4383028064811763,3.773982254712874,4.182438783562504,4.663434109654684,5.1709353834865475,5.653681979012412,6.087269163151513,6.363800524184543,6.607122068772788,6.793506327854508,6.934973924640904,6.932641238604783,6.864568416840351,6.5613741186821075,6.202793996077293,5.79553281384745,5.442661097736025,5.01895970445819,4.561193596107031,4.226536209470264,3.8388748673075517,3.474739675062424,3.2491189888056398,2.9150645411543143,2.585388246875835,2.2289599995051126,2.0204365660354426,1.8883175537147001,1.8413935300966262,1.8402289556925686,1.8612372977024139,1.9858144777072357,2.18223224399412,2.5168220588152344,2.8546578032180894,3.193327981150827,3.4239149072637876,3.7983598520468855,4.207170193654492,4.554362646470459,5.033377876118532,5.478566776829124,5.843588484064816,6.252302769910564,6.61217425061988,6.914274392962663,6.976768643408452,6.995676540051587,6.861500042007088,6.683539324667602,6.447518951143285,6.193173090359619,5.769490124470539,5.29124687956366,4.794379533523712,4.295582489591369,3.829804915080774,3.4481309880183897,3.0016772129317255,2.576524514522053,2.140695251565676,1.7218671929026916,1.329074102050284,1.0650263077735416,0.890546347793232,0.7621081210981155,0.712377777387068,0.6557616792089366,0.6261232868126848,0.5069204538911302,0.4492630064503,0.3225380491446593,0.22694502833146474,0.14018735499156287,0.09856609237021302,0.10624568225916473,0.14260142289207803,0.019883508312504884,0
0,-0.0021489625855829445,0.1290870204029889,0.09867223560581793,0.09199068792100043,0.15675098760054113,0.2599989762929063,0.3876802479717721,0.544618992414037,0.6218712804298003,0.7438585185779192,0.793006610473244,0.8482318434149337,0.8888566027500199,1.019670054186586,1.1825149196434992,1.4263696531368533,1.785112388274881,2.171224857359206,2.5682468581764866,2.9464355577208226,3.3353786151907805,3.6713264629082603,4.080817387944231,4.556717389222026,5.049188606772849,5.510222398069563,5.921638687280736,6.186407682506641,6.417964750750671,6.592663036055874,6.735992001175803,6.734508063846513,6.671100381354356,6.383148116112098,6.038288662427385,5.651536247971605,5.3180399966060925,4.899678669041695,4.449451215793459,4.1173252902646436,3.7296761417785356,3.3447670973344112,3.111636557699683,2.7838962172557533,2.4595443812885276,2.1162871629916506,1.9197485376294745,1.7975744861782414,1.7655546792720496,1.7659616732944179,1.7825269919658848,1.9025000796309286,2.0904861441081124,2.41446723365097,2.7480483600984815,3.0818073345027672,3.3167726324859945,3.7087504161292,4.1130487344238915,4.454615431529296,4.919474104598904,5.35263910383232,5.692874332526524,6.080114501849663,6.42556446194362,6.71030042790261,6.76921946427862,6.788495290516267,6.658623452932934,6.493147472068558,6.27154685085883,6.029017002764703,5.625922186422934,5.169847036120074,4.688958304372354,4.19613354287668,3.729718171432808,3.3490102783625515,2.912634812224179,2.486592497290093,2.0646153672792384,1.661039159041399,1.2726411074977457,1.014123800379296,0.8366866767621846,0.712302075764345,0.6710803886794339,0.6261232868126377,0.5905478800378834,0.4775864514814486,0.4197776039552244,0.2940739753711401,0.18898701512852797,0.10260243120096116,0.06784039523479657,0.09259903973175353,0.12724094890441237,0.007028279941148076,0
0,-0.032057195464856816,0.06853546442452979,0.02676847944727854,-0.002815983164378291,0.04776751895907843,0.144582461669388,0.2651805213182746,0.4109919140769977,0.49146703061605285,0.6227637787632999,0.6673352120665171,0.7215730010294538,0.7685023369637416,0.8996597807977071,1.058282517481992,1.3022401770875602,1.6580994651925252,2.042677895650766,2.436113097540249,2.811587995602394,3.2055001735012856,3.5407311924962195,3.953096460009953,4.4235331345222955,4.911759041078505,5.357532990371471,5.7534216929363735,6.011463028033178,6.23038719983822,6.398806193056263,6.540175812596651,6.553802291774334,6.500771212791115,6.238113984851612,5.90809405752824,5.539826932672864,5.210180585804252,4.799306558077446,4.356775542203145,4.013007685553427,3.618304927697973,3.2327651317076214,2.976627081745527,2.6521088971258693,2.3217691024410017,1.9954558244000622,1.8103420229158254,1.7055533075491658,1.6802789352268794,1.6816190548885424,1.6965971952399945,1.8029356052050014,1.9837575137255523,2.2939410895381904,2.6335789312610705,2.964467300281562,3.2192401862677467,3.604938456585626,4.012398086032583,4.361012187312651,4.8137911232856805,5.233958332090282,5.566734157092444,5.936540207092145,6.267176200726061,6.525215387610194,6.576638844851637,6.582195892496122,6.456866396113236,6.297936241005173,6.090717017400217,5.853455798941192,5.467468669042656,5.026804077789827,4.55191765777038,4.066308360399614,3.600204722181883,3.219229257092632,2.779892111172399,2.3588770652200184,1.9408560348752633,1.5377988849390858,1.1518958753995445,0.8955018593118532,0.7239558462114712,0.5974808529094678,0.5505815409905936,0.5069204538910519,0.4775864514815139,0.3550949925972072,0.2932141074314675,0.1754394401211223,0.07775449865038654,-0.0028778065260707895,-0.022265504323192298,0.024259440148779586,0.07003877736638899,-0.021586608508462,0
0,-0.043111634319590995,0.038562885118510686,0.0006131968609688044,-0.03478991379363245,0.009573458956966112,0.09675482549897088,0.210005972121874,0.34841414444198043,0.426616127219924,0.5608365530391926,0.6036671209859257,0.6594217359804716,0.7097076869839462,0.8434421324513804,1.0031625869738796,1.2469934234150082,1.590781080488268,1.968702938950355,2.3528787741031603,2.7213026075358235,3.11145671525814,3.4507413644693963,3.844696785137526,4.287935616376822,4.751700162198119,5.167971730438789,5.534578421056513,5.772842314950415,5.967901344536341,6.1128012961280564,6.235529534392062,6.237676205003297,6.184695337791213,5.931630574284278,5.616068586119287,5.269120938228029,4.9590908565339085,4.56080999556062,4.131349024219723,3.7854232288141914,3.394537095426359,3.016702355614987,2.763802535408446,2.463714562186041,2.1436578666316555,1.8394548193256555,1.6713923415511087,1.5724418009659296,1.5517713282971006,1.5533551129988117,1.5664937276965805,1.670293010479958,1.8380663077326802,2.130516501305745,2.4611037264172513,2.770075457919741,3.0202029559578323,3.395093122087273,3.7949332148736095,4.142838096172934,4.578997976893378,4.982430401713029,5.292912013357098,5.640176855118304,5.956210978850833,6.203676615328486,6.255342123771469,6.271964199111599,6.164385701394048,6.029048416744937,5.8462268083575415,5.630043132511753,5.2739130566796595,4.862522823737911,4.412080377039897,3.9583124533879155,3.5133690887037803,3.1303239550805833,2.6960866218042687,2.283468463316498,1.8740376427200203,1.476873923970803,1.1029606737226918,0.8466869344961849,0.6743156484511383,0.5435319519722629,0.4944153489769964,0.4492630064501996,0.41977760395524266,0.29321410743145637,0.23223353248783157,0.12205855045829739,0.030043766523316875,-0.042765945988258704,-0.0556903193795018,-0.0017921015443690535,0.04113373183961402,-0.032096560951792974,0
0,-0.05656960251607627,0.0026663253717595647,-0.03817889675569804,-0.07628669334035595,-0.05157533400806366,0.01618246533981068,0.11085992770151033,0.23094866962846927,0.2988913186966042,0.42645209965269004,0.4680678008446499,0.5206591463224616,0.5763571471733109,0.7098570753342369,0.8675516743593039,1.0994789346525933,1.4173997327660544,1.7729770235789546,2.1364038275797417,2.491444242066893,2.8655624400528574,3.1897388902211232,3.5625920087811314,3.971180023674971,4.411025260931374,4.79828256189839,5.128368885584034,5.342999737828649,5.523419730148122,5.6509880776338015,5.754993034787313,5.74718842943339,5.696546895309346,5.461364371464894,5.158388803415652,4.846260346833125,4.5675318552230095,4.205463204123689,3.8184182248282825,3.4889000807737256,3.1304855393734057,2.787158834919097,2.5563604662842248,2.2971145994236792,2.003246032538347,1.7390147380637118,1.5981749195454829,1.5052458347788695,1.4889657453028118,1.4907977957331595,1.503167478344301,1.6037147076723983,1.7473494833299998,2.002804517004613,2.306906608780496,2.576143105261246,2.8038108423694994,3.141524975123318,3.5046084290217236,3.8322577592876272,4.222742084659574,4.5884670140652855,4.867704673678397,5.1803587935645705,5.483170876090431,5.7113506163086125,5.761811225419882,5.7876076825529985,5.6972944854715,5.578926682483093,5.410121295769084,5.214528662401107,4.8925143742963115,4.509839368691913,4.082327094431118,3.6654874935741026,3.2468146151747423,2.880140269440744,2.463861456245068,2.067575943824864,1.6813027235619622,1.3088475063349863,0.9647416814572141,0.7213784917166361,0.5503027869038549,0.41969777671115943,0.36597376432555184,0.32253804914455053,0.29407397537111013,0.17543944012107726,0.12205855045817258,0.027361404515570942,-0.047316302884252884,-0.1030812770253889,-0.09807324056273171,-0.041408122266789894,0.006073946622365934,-0.04548442010090999,0
0,-0.06536426797431198,-0.026768429675433844,-0.06945063778590753,-0.11021229463803393,-0.09647483229072186,-0.04372192318024251,0.03302183479436734,0.1339046060414881,0.19615690173787684,0.3177207789682601,0.3690636688295168,0.4237624735698758,0.4867333233960915,0.6142053889831895,0.7620796648179083,0.9705204840015845,1.259670449199788,1.5869094807940478,1.9196047182227827,2.249096987004585,2.59257910012143,2.8954054219858594,3.2373805054659823,3.606615725127284,4.0107320774668604,4.357970767381414,4.656904244089897,4.856358554017459,5.018560351817365,5.133944735500629,5.22266672682869,5.216993998400935,5.175217660237231,4.969053884203045,4.693089861036123,4.410859561504235,4.157013511989553,3.825375498401082,3.47424191265257,3.1553099287479527,2.8264441553413246,2.50666844846884,2.288762962521639,2.0515482131181817,1.777999349356453,1.545281257355805,1.4236833173820183,1.330525392640882,1.3124101990412202,1.3149979580393092,1.3347168243232077,1.438989318093973,1.56651505831454,1.794290384738017,2.0772090293687495,2.3238751543658736,2.5380759966235864,2.849603841353552,3.1795532125816575,3.492518538633006,3.8426635073864173,4.17584915288908,4.426829985245428,4.70683670408704,4.982037207476255,5.182125484428702,5.224995998738747,5.249729566307642,5.175317821782593,5.069906164832213,4.921610479056664,4.74122138775063,4.449799423950958,4.106458839009474,3.713529906300502,3.337428144910731,2.9542390616730207,2.6107247680837924,2.2278708136248597,1.8595991311777615,1.5032354432560695,1.1587254148342825,0.8427534074446006,0.6192668241118309,0.4578353811346332,0.33251249416767703,0.2714223146091471,0.2269450283314306,0.188987015128586,0.07775449865046301,0.030043766523343722,-0.047316302884134194,-0.10532564855134863,-0.14714335941142248,-0.1335764535472792,-0.07429405338484252,-0.02433696284610797,-0.055901725378128826,0
0,-0.0750613821591339,-0.05595515905506791,-0.09887893219864652,-0.1361380836349254,-0.1301876805943662,-0.10220267563531664,-0.040794769061603335,0.04114806599925775,0.09485019145478794,0.21333562630716046,0.26685331575196397,0.3243771932893754,0.39727762387870336,0.5181256443871146,0.6629445433921686,0.8480793349805897,1.0991042630116261,1.3885881678663827,1.6911750314846934,1.988328773249077,2.296186385597196,2.5737672814413908,2.8802025970488727,3.203759600636745,3.5558413864107785,3.8708480363227964,4.13523934824171,4.312039862360954,4.454715674327352,4.549580068050516,4.619059277248651,4.607400563490509,4.562957358560104,4.381089388262962,4.131166713108992,3.878066538319125,3.643829964021668,3.346266485360253,3.026382628774247,2.7388163462186395,2.447466301324277,2.160051698284386,1.9603439759956174,1.748758033302035,1.5083398858625205,1.3006989010659855,1.191473363866021,1.1077195964365616,1.086240506862005,1.0881767017926154,1.1116865849179285,1.205756087971523,1.3202065670301715,1.5238670352326615,1.7749873693560598,1.9963943545752858,2.1927431559425923,2.4725264298301703,2.76475621812126,3.046929080048307,3.3663669986268188,3.665004624271478,3.8941289636429715,4.145285896291216,4.3955098415973275,4.571069754172325,4.616822995655383,4.644903534448824,4.590170646754388,4.50513800869352,4.373400717643013,4.213838748403125,3.9548043415224496,3.6399990251547827,3.297956204401789,2.9669480912759,2.624054005799821,2.3077774807889004,1.9621838293895317,1.6288667859537238,1.3046522314966256,0.9985796798617437,0.7223843508932075,0.5246526937761152,0.37128266985074315,0.2549469777746832,0.18633106125381632,0.14018735499149282,0.10260243120096404,-0.002877806526082445,-0.04276594598818301,-0.10308127702525396,-0.14714335941135578,-0.16682010932696822,-0.14877252420497616,-0.09611849648935755,-0.04756367324482833,-0.06280106705461518,0
0,-0.0789778605619284,-0.06968465418425818,-0.10587112642451335,-0.13628157190803256,-0.12743605247638948,-0.1052946568497576,-0.054790872505948135,0.008093899966066227,0.05569361621448553,0.16076497188602698,0.20895563098352068,0.25983914558210014,0.33289699398291567,0.4422797355930189,0.5632962364994127,0.7153042569465268,0.9190017676189883,1.1547660500709267,1.4064580176685926,1.6584267074623968,1.9193745845231287,2.157181974109237,2.416010995833688,2.6892983143290174,2.982808432422859,3.244075961461509,3.4612574784983314,3.612793490138652,3.735405509094158,3.81891300012337,3.873141999534332,3.8593637167328736,3.818041299659538,3.6594818078262263,3.4498286464543253,3.2365484680632726,3.034687591655294,2.784819918045572,2.503082139219463,2.2446039296635143,1.978622113018035,1.7198192872361682,1.5322644548971878,1.3438166564756404,1.1318089432126746,0.9532446102626244,0.8564571365523779,0.7766663525520104,0.7532584522962634,0.7543452932961832,0.7799056573528903,0.869622437578883,0.9699909633116914,1.1456848967362707,1.3660684621019688,1.5627975205718518,1.7481361935267627,2.001306047208376,2.2693210975310647,2.524615123247639,2.8084021559784986,3.0588918990350407,3.256268947187784,3.4664272473300755,3.674868153069731,3.8266014752675566,3.8685041178722788,3.897789457851871,3.8560373201170375,3.780439588782555,3.6666850485376887,3.5288224074522,3.3151829233525434,3.052343889916695,2.7655778567676004,2.4838460555512496,2.1922888485974474,1.9214553394816238,1.6280179938565793,1.3450323096398153,1.0745305165809247,0.8234920330059293,0.5976962523460667,0.4349588933172976,0.3084108273701208,0.20297454621064193,0.1366094386146357,0.09856609237012835,0.06784039523481723,-0.02226550432317873,-0.05569031937937219,-0.09807324056270997,-0.13357645354726583,-0.14877252420499518,-0.13813328290245575,-0.09690305569295248,-0.05838893596919827,-0.06685511490014574,0
0,-0.05567902442795586,-0.04983791412248387,-0.075656207592949,-0.09781175008895374,-0.08238324808100445,-0.055083778044916896,-0.010651417460739903,0.0467182807710994,0.08602472686943885,0.17027299325160344,0.20067942708684966,0.24529417991334565,0.3014278053949757,0.38240867367711573,0.4699143467071602,0.5827299997846589,0.7385811798897173,0.9187820738225966,1.114022015042451,1.3031159487770207,1.4953912726854681,1.674407630055333,1.8722421093254542,2.0798398405132335,2.295971968570615,2.496278540959135,2.6532977526577257,2.7668572543041794,2.8735492236014193,2.9462851400804833,3.000173393972756,2.9813489060048455,2.940977988100304,2.8248240918942837,2.656015809145059,2.4903144425436587,2.3257588480865587,2.1228539071696524,1.8910397646122294,1.670987072213172,1.455605503257275,1.2373181870895134,1.06639804820579,0.9039259101265134,0.7250400453407967,0.5758709892681829,0.4877692666846857,0.41193910816569146,0.3826443250017756,0.38249015493273947,0.4127366773385129,0.4966053888862217,0.5877905887898901,0.7348151118134343,0.9185036115611657,1.087328027197782,1.2576860444358104,1.4730170216588998,1.692150770877174,1.91087830164194,2.145530163829341,2.349816237403614,2.511758519294741,2.6754551635384756,2.8418474707852193,2.9530357322631375,2.9930528457580117,3.0221506616107554,2.9768888716038644,2.9094853767357702,2.8095244175792535,2.7076264106390733,2.5525520965684154,2.349303302910014,2.13639329177717,1.9199318591727734,1.696320049766726,1.492365762076679,1.2756600407633965,1.0622921691532017,0.8522736819631407,0.6598168593953908,0.4853232471710534,0.3630110580233159,0.2704260922696927,0.1930143803869136,0.1416161372244062,0.10624568225914267,0.09259903973170695,0.024259440148819596,-0.0017921015443228216,-0.04140812226674633,-0.07429405338482674,-0.09611849648937927,-0.09690305569295549,-0.06855676403015856,-0.041314752249161826,-0.04601903086971342,0
0,-0.03590041673961033,-0.03368283100327794,-0.04565066399725791,-0.059551141240346835,-0.04016501769197088,-0.014380708437269735,0.023036645787590956,0.06967941213984596,0.10831928980301903,0.1787497808313804,0.20658594776142009,0.2444194440824678,0.294719955029827,0.3570667287834914,0.4250460228954364,0.5062258828954759,0.6184535505677069,0.7391259385734988,0.8794559686224952,1.0090607550737445,1.133011300173099,1.2520515880582948,1.370541224567361,1.4996953866726606,1.6353537179836126,1.7579675696779626,1.852420953377943,1.9153814004279939,1.9773842010030485,2.018058211079316,2.053817361880656,2.036366881974655,1.9964883334961396,1.9157051519755264,1.8000784331214452,1.684412195933189,1.5748184237180725,1.4383023973002864,1.2816590169964175,1.1366212599148409,1.001680862458939,0.8557621342077923,0.7481362464412141,0.6376802370384371,0.5189999940504542,0.4225657330626426,0.3591238391880688,0.307348852366371,0.28932436867663686,0.28844254614872566,0.3048905770657862,0.3600721127908852,0.42527454361027256,0.5196385049183324,0.6408328842895049,0.7558073330730223,0.8640996647512723,1.008995491866183,1.1470502468241282,1.2937189650909358,1.453857081477793,1.5909658756993228,1.7003841583399035,1.8167126072014905,1.9321926927147162,2.010833905529725,2.0497208093783152,2.073056551057952,2.04171319196648,2.004353530028937,1.9455225432357455,1.8881016656601846,1.79403936608572,1.6670130714620783,1.530881802151685,1.3950320707591097,1.2592350733738238,1.1248804465872413,0.9851122066594133,0.8402245208585325,0.6916081379903611,0.5617324276127609,0.43734556855894147,0.35162058036796057,0.2812660916641448,0.2216062424631272,0.17418467148585878,0.14260142289206132,0.12724094890437845,0.07003877736645897,0.041133731839558554,0.006073946622316204,-0.02433696284616184,-0.04756367324484325,-0.058388935969212206,-0.04131475224911898,-0.02960732453310106,-0.030372523785617635,0
0,-0.030891916098919052,-0.03260976707378849,-0.0470803546552803,-0.0663888578214898,-0.057435997249908034,-0.04877567720781277,-0.03428131368896166,-0.014684671085541591,0.0010070711790155977,0.03773059964952505,0.05711796264494125,0.08430226943226413,0.12188470161922287,0.1591263440833657,0.2026400440467372,0.24566757739760492,0.31043122376678073,0.378582448912662,0.4513467255455644,0.5223584018832698,0.5905743698488044,0.6507369935966848,0.7129743654066827,0.782160593405154,0.8479367724048434,0.9089472926636435,0.9602553012408966,0.9910411624456741,1.021608809297415,1.040905338139026,1.0536464859791572,1.0405384319018043,1.0129607690326283,0.967848941188711,0.9073342294078868,0.8508526792303902,0.7949759840407656,0.7242515737609333,0.6443590669204706,0.5654659987056045,0.4928680379898015,0.4170883104115831,0.36260736953416556,0.3058404382293065,0.24332353930672077,0.19055182623737618,0.15771620918245843,0.1306803921571244,0.11840021206467938,0.11718726892054297,0.12716650390326187,0.15488885098343233,0.18899863278650453,0.23989366781622654,0.3032263886726575,0.3618887103831269,0.4158813355140918,0.4910122347668997,0.5658500603698804,0.6462301846057626,0.72836223841622,0.7995686198965362,0.8556011630168525,0.9128604667875443,0.9740649468012019,1.018731613729185,1.0473054230714556,1.0636212619895755,1.0533700839494249,1.0372057408069841,1.009083764514996,0.9816169243798228,0.931931847856212,0.86906566794237,0.8033817546206948,0.7297991545085,0.6588195238557987,0.5901822667138019,0.5123584238656521,0.4319184029666188,0.353707664025452,0.2799170687493288,0.2087155764423631,0.16291627895322755,0.11787983130789197,0.0811339275070156,0.044766787328464924,0.019883508312517843,0.007028279941081497,-0.02158660850844157,-0.032096560951747156,-0.04548442010077619,-0.05590172537809804,-0.06280106705459687,-0.06685511490010852,-0.04601903086960088,-0.030372523785503116,-0.02728474900547041,0
0,0,0,0,0,0,0,0,0,0,0,0,0,0,0,0,0,0,0,0,0,0,0,0,0,0,0,0,0,0,0,0,0,0,0,0,0,0,0,0,0,0,0,0,0,0,0,0,0,0,0,0,0,0,0,0,0,0,0,0,0,0,0,0,0,0,0,0,0,0,0,0,0,0,0,0,0,0,0,0,0,0,0,0,0,0,0,0,0,0,0,0,0,0,0,0,0,0,0,0
