0,0,0,0,0,0,0,0,0,0,0,0,0,0,0,0,0,0,0,0,0,0,0,0,0,0,0,0,0,0,0,0,0,0,0,0,0,0,0,0,0,0,0,0,0,0,0,0,0,0,0,0,0,0,0,0,0,0,0,0,0,0,0,0,0,0,0,0,0,0,0,0,0,0,0,0,0,0,0,0,0,0,0,0,0,0,0,0,0,0,0,0,0,0,0,0,0,0,0,0
0,0.00000000000000000000000000000000000000000000000029030580485685915,0.000000000000000000000000000000000000000000000010227024433108146,0.00000000000000000000000000000000000000000000033858327754637306,0.000000000000000000000000000000000000000000010538168624018186,0.0000000000000000000000000000000000000000003082373219995984,0.000000000000000000000000000000000000000008468944271654327,0.00000000000000000000000000000000000000021845744558289898,0.000000000000000000000000000000000000005287283653407466,0.00000000000000000000000000000000000011998451256930312,0.0000000000000000000000000000000000025509730071868314,0.00000000000000000000000000000000005076880467862718,0.0000000000000000000000000000000009448871729919269,0.000000000000000000000000000000016428336881389537,0.00000000000000000000000000000026652098187369823,0.000000000000000000000000000004029388620610061,0.00000000000000000000000000005669073430754654,0.0000000000000000000000000007411255791031223,0.00000000000000000000000000898800020943537,0.00000000000000000000000010093700363428555,0.0000000000000000000000010476462350190828,0.000000000000000000000010028817311657175,0.00000000000000000000008834452643060284,0.0000000000000000000007144247504384461,0.0000000000000000000052900467223031105,0.0000000000000000000357681523874115,0.00000000000000000022019557657195605,0.0000000000000000012304952778073466,0.000000000000000006222359707133678,0.000000000000000028383551601835495,0.00000000000000011643350400049108,0.0000000000000004282958801554591,0.0000000000000014092777151391861,0.0000000000000041405333326152716,0.000000000000010853429276718374,0.000000000000025394886579921266,0.000000000000053153223550552784,0.00000000000009992668283633264,0.00000000000016976544047684497,0.00000000000026275373570259005,0.00000000000037417959226467225,0.0000000000004958584861973264,0.0000000000006189047285897337,0.0000000000007362495179741155,0.0000000000008435751313260099,0.0000000000009386426489326216,0.000000000001020009073132737,0.0000000000010861345961972687,0.0000000000011352142059855492,0.0000000000011654925973934735,0.000000000001175680906708762,0.000000000001165224921396608,0.0000000000011343230013303119,0.0000000000010836816521129313,0.0000000000010141023155035734,0.000000000000926184917754647,0.0000000000008206078005262402,0.000000000000699282993645915,0.0000000000005669835233653194,0.0000000000004322117225747329,0.00000000000030606608959729533,0.00000000000019910697207132147,0.0000000000001178442351761877,0.00000000000006296015790021014,0.00000000000003018588832172471,0.000000000000012937126006780908,0.0000000000000049464945242974756,0.000000000000001686623785058423,0.0000000000000005133309013759184,0.00000000000000013971632055677998,0.0000000000000000340926130851274,0.000000000000000007479988868678537,0.000000000000000001480201181119284,0.0000000000000000002650320583790818,0.00000000000000000004307231894335654,0.000000000000000000006372986219960791,0.0000000000000000000008609876054555586,0.00000000000000000000010650168686022804,0.000000000000000000000012093329962327586,0.0000000000000000000000012636180970599342,0.00000000000000000000000012177116541499074,0.000000000000000000000000010845252997110689,0.0000000000000000000000000008944213315798517,0.00000000000000000000000000006842716715390963,0.00000000000000000000000000000486424218273352,0.0000000000000000000000000000003217816486741974,0.000000000000000000000000000000019836831326053998,0.0000000000000000000000000000000011410458481948964,0.00000000000000000000000000000000006131414107693251,0.000000000000000000000000000000000003081106528316774,0.00000000000000000000000000000000000014493061542951087,0.000000000000000000000000000000000000006387029642521899,0.0000000000000000000000000000000000000002639138110038241,0.000000000000000000000000000000000000000010231782619893881,0.00000000000000000000000000000000000000000037241918892626314,0.0000000000000000000000000000000000000000000127331247377625,0.0000000000000000000000000000000000000000000004091257090343853,0.000000000000000000000000000000000000000000000012358350762732918,0.0000000000000000000000000000000000000000000000003508209755346806,0
0,0.000000000000000000000000000000000000000000000010227024433108146,0.00000000000000000000000000000000000000000000034773076504016584,0.000000000000000000000000000000000000000000011114806810640097,0.00000000000000000000000000000000000000000033411101793537626,0.000000000000000000000000000000000000000009441260675822202,0.0000000000000000000000000000000000000002506725657578669,0.000000000000000000000000000000000000006249929024761569,0.00000000000000000000000000000000000014623596567886647,0.000000000000000000000000000000000003208690690969761,0.00000000000000000000000000000000006596942549339058,0.0000000000000000000000000000000012697162885609882,0.00000000000000000000000000000002285531559422893,0.0000000000000000000000000000003843342276804639,0.000000000000000000000000000006030482019088494,0.00000000000000000000000000008817560116754267,0.0000000000000000000000000011997211821876673,0.000000000000000000000000015166192641361423,0.0000000000000000000000001778319163355641,0.000000000000000000000001930602520556138,0.00000000000000000000001936763852196449,0.0000000000000000000001791622265300142,0.0000000000000000000015248251948383712,0.000000000000000000011910958064853658,0.00000000000000000008517407949092969,0.0000000000000000005560559495663489,0.000000000000000003304747566757503,0.000000000000000017827100049691294,0.00000000000000008702348436485406,0.00000000000000038327136362415565,0.0000000000000015186226595666755,0.000000000000005399496929597446,0.000000000000017191770908675896,0.000000000000048953866714654546,0.00000000000012463766838150227,0.00000000000028405279566895263,0.0000000000005810787087731655,0.000000000001071840926597895,0.000000000001794077487064496,0.000000000002746997665838651,0.000000000003884296288828929,0.0000000000051265196268772525,0.0000000000063863943965564894,0.00000000000759234535607117,0.000000000008698284321454782,0.000000000009678675276784331,0.00000000001051708956144848,0.000000000011197436771673203,0.000000000011701684581659258,0.000000000012012430090280568,0.000000000012116810416927934,0.000000000012009130921114148,0.000000000011691027195499648,0.000000000011169061696943393,0.000000000010450903415335547,0.000000000009543088403716381,0.00000000000845458213861387,0.000000000007208173285319582,0.000000000005855064812938226,0.000000000004481341991110815,0.0000000000031960432435490567,0.000000000002101820029918125,0.0000000000012627479021375882,0.0000000000006876688457733581,0.0000000000003373764551106703,0.00000000000014846546913941744,0.00000000000005844888701049249,0.00000000000002056494175008826,0.000000000000006468801098624709,0.0000000000000018216407760517717,0.0000000000000004602204332885106,0.00000000000000010458437649571997,0.000000000000000021439833921124868,0.000000000000000003976865290467451,0.0000000000000000006694894834515107,0.00000000000000000010259435787282552,0.000000000000000000014352491419848425,0.000000000000000000001837991834438464,0.000000000000000000000216020443465787,0.000000000000000000000023357955710447773,0.0000000000000000000000023288848335645176,0.00000000000000000000000021456109663599153,0.000000000000000000000000018301837083164533,0.0000000000000000000000000014479958127910504,0.00000000000000000000000000010643816239113928,0.000000000000000000000000000007280428247290192,0.0000000000000000000000000000004640499003259618,0.00000000000000000000000000000002759872178848651,0.0000000000000000000000000000000015333825381191006,0.00000000000000000000000000000000007967554059529387,0.0000000000000000000000000000000000038756583455716485,0.00000000000000000000000000000000000017664620363514246,0.000000000000000000000000000000000000007550142388906345,0.0000000000000000000000000000000000000003028409049817486,0.000000000000000000000000000000000000000011406787335431537,0.0000000000000000000000000000000000000000004036899472843241,0.000000000000000000000000000000000000000000013430159385092785,0.0000000000000000000000000000000000000000000004201873371572127,0.000000000000000000000000000000000000000000000012358573103669053,0
0,0.00000000000000000000000000000000000000000000033858327754637306,0.000000000000000000000000000000000000000000011114806810640097,0.0000000000000000000000000000000000000000003431034380444931,0.000000000000000000000000000000000000000009963369844360176,0.00000000000000000000000000000000000000027205037822093155,0.000000000000000000000000000000000000006981129706000229,0.00000000000000000000000000000000000016825720834367671,0.0000000000000000000000000000000000038062509407937715,0.00000000000000000000000000000000008075430634826819,0.000000000000000000000000000000001605500363180946,0.00000000000000000000000000000002988305149236407,0.0000000000000000000000000000005201903015676741,0.000000000000000000000000000008459267624015436,0.0000000000000000000000000001283518351377397,0.0000000000000000000000000018146315149426462,0.000000000000000000000000023870420033078332,0.0000000000000000000000002916971794789485,0.000000000000000000000003305707869844883,0.000000000000000000000034678286671883585,0.00000000000000000000033608660822525435,0.0000000000000000000030027633729139656,0.000000000000000000024676197810291154,0.00000000000000000018606660268193165,0.0000000000000000012840278454433359,0.00000000000000000808762987048916,0.000000000000000046364552530393735,0.0000000000000002412209222296757,0.0000000000000011356624426883227,0.000000000000004824634241638483,0.000000000000018446983085593037,0.00000000000006333760874757714,0.00000000000019496807038971474,0.000000000000537645326896,0.0000000000013286823851898276,0.000000000002947889336889605,0.000000000005891483131934646,0.000000000010659352232020978,0.000000000017574228519429017,0.000000000026614057215135362,0.000000000037358550931551823,0.000000000049095301515578786,0.00000000006103259493422761,0.00000000007250140738757087,0.0000000000830488340436475,0.00000000009240821601928715,0.00000000010040689338109382,0.00000000010688797025069843,0.00000000011168428959171569,0.00000000011463646557562714,0.0000000001156260044508192,0.0000000001145987072991834,0.00000000011156601315876067,0.00000000010658360701280087,0.00000000009971976743831612,0.00000000009104185771851686,0.0000000000806556322151245,0.00000000006880741715387383,0.00000000005600249425346284,0.00000000004304535248985867,0.000000000030925358401744536,0.000000000020564108186848463,0.000000000012544127817611087,0.000000000006965361841997889,0.000000000003498280243557875,0.0000000000015815244948771956,0.0000000000006415198135003643,0.0000000000002330966501755141,0.0000000000000758460082057586,0.000000000000022119138729475446,0.000000000000005791332664027704,0.0000000000000013644406672585019,0.0000000000000002900332137290059,0.00000000000000005578209925684286,0.000000000000000009735640718903056,0.0000000000000000015463876674719297,0.0000000000000000002241740202356254,0.0000000000000000000297402820914711,0.000000000000000000003620085745487903,0.0000000000000000000004052881187684222,0.000000000000000000000041828445486693277,0.000000000000000000000003988122959367122,0.00000000000000000000000035197878828867586,0.000000000000000000000000028808199382492573,0.000000000000000000000000002190327395288518,0.00000000000000000000000000015494618945947532,0.000000000000000000000000000010213258337914157,0.0000000000000000000000000000006281186959568974,0.00000000000000000000000000000003608677645909269,0.000000000000000000000000000000001938980688807042,0.00000000000000000000000000000000009753609671767902,0.000000000000000000000000000000000004597595328943763,0.0000000000000000000000000000000000002032534869779249,0.000000000000000000000000000000000000008433709995132699,0.00000000000000000000000000000000000000032867660241082335,0.00000000000000000000000000000000000000001203788759919315,0.0000000000000000000000000000000000000000004145643393544617,0.000000000000000000000000000000000000000000013430434229862493,0.0000000000000000000000000000000000000000000004091414174846332,0
0,0.000000000000000000000000000000000000000000010538168624018186,0.00000000000000000000000000000000000000000033411101793537626,0.000000000000000000000000000000000000000009963369844360176,0.0000000000000000000000000000000000000002795702272681793,0.000000000000000000000000000000000000007377898971656583,0.00000000000000000000000000000000000018301528732465783,0.000000000000000000000000000000000004264595983626668,0.00000000000000000000000000000000009328103467753187,0.0000000000000000000000000000000019137605511825414,0.000000000000000000000000000000036794061351444435,0.0000000000000000000000000000006622811451835812,0.000000000000000000000000000011148587788369578,0.00000000000000000000000000017530968445331013,0.0000000000000000000000000025718848431673404,0.000000000000000000000000035152837285696325,0.0000000000000000000000004469781404919609,0.00000000000000000000000527874127218463,0.0000000000000000000000578014152746842,0.0000000000000000000005857313308282339,0.00000000000000000000548198727388886,0.00000000000000000004728496413487934,0.00000000000000000037502230098856666,0.0000000000000000027282388416335233,0.000000000000000018158655411754486,0.00000000000000011027974171093802,0.0000000000000006094195107584305,0.000000000000003055816114250342,0.00000000000001386517319128786,0.00000000000005677643452702649,0.00000000000020933223877042614,0.0000000000006936085245431775,0.0000000000020629712659976286,0.000000000005506559130310816,0.00000000001320420794098771,0.000000000028512914746069462,0.00000000005566424147932007,0.00000000009877835639858105,0.000000000160403136515639,0.0000000002402272112850888,0.0000000003347058494106343,0.00000000043790251146149,0.0000000005431435847588479,0.0000000006446241313669968,0.0000000007382255734119938,0.0000000008213844335296054,0.0000000008924195349427095,0.000000000949895826546407,0.0000000009923652960640973,0.0000000010184707090348684,0.0000000010271984714275991,0.0000000010180681205271896,0.0000000009911426911433933,0.000000000946856559764207,0.0000000008857817344044962,0.0000000008085759278270805,0.0000000007163665098585717,0.0000000006115869755767021,0.0000000004988480020904178,0.0000000003851273970339242,0.00000000027876568996232424,0.00000000018745209681736397,0.00000000011610755352923716,0.00000000006574119833197471,0.000000000033805163053727116,0.000000000015704320628869364,0.0000000000065659307078522766,0.000000000002464969566820699,0.0000000000008301743669533544,0.0000000000002508967192736162,0.00000000000006812792679855968,0.000000000000016653136936049123,0.000000000000003673194850837723,0.0000000000000007330348236746986,0.00000000000000013272458794597633,0.000000000000000021865066056546487,0.0000000000000000032864837325034765,0.0000000000000000004519223831843279,0.00000000000000000005699900129313286,0.000000000000000000006610018743525538,0.0000000000000000000007064303268825308,0.00000000000000000000006972739822404588,0.00000000000000000000000636911582059674,0.0000000000000000000000005393988004776721,0.0000000000000000000000000424278821398916,0.0000000000000000000000000031045820223639293,0.0000000000000000000000000002116471382227118,0.000000000000000000000000000013460964135526292,0.0000000000000000000000000000007997312576695255,0.000000000000000000000000000000044434556860416974,0.00000000000000000000000000000000231136583670721,0.00000000000000000000000000000000011267026566682392,0.000000000000000000000000000000000005151408222334812,0.00000000000000000000000000000000000022108795212053173,0.00000000000000000000000000000000000000891328567674,0.0000000000000000000000000000000000000003377702945043484,0.000000000000000000000000000000000000000012038167626051796,0.000000000000000000000000000000000000000000403707571441766,0.000000000000000000000000000000000000000000012733907291823815,0
0,0.0000000000000000000000000000000000000000003082373219995984,0.000000000000000000000000000000000000000009441260675822203,0.00000000000000000000000000000000000000027205037822093155,0.000000000000000000000000000000000000007377898971656583,0.00000000000000000000000000000000000018821417720707278,0.00000000000000000000000000000000000451386487802246,0.00000000000000000000000000000000010170191404072026,0.0000000000000000000000000000000021511368662471437,0.00000000000000000000000000000004267800918919493,0.000000000000000000000000000000793486584278106,0.000000000000000000000000000013811409834884665,0.0000000000000000000000000002248136447050055,0.000000000000000000000000003418017161595531,0.000000000000000000000000048476199345874816,0.00000000000000000000000064043368468626155,0.000000000000000000000007869546808152729,0.00000000000000000000008979279023972696,0.0000000000000000000009496874229022958,0.000000000000000000009292690047459347,0.00000000000000000008395350413851011,0.0000000000000000006987598155699409,0.000000000000000005345696232560238,0.00000000000000003749784834121961,0.0000000000000002405587076130328,0.0000000000000014076477901708137,0.000000000000007492827068921094,0.00000000000003618238539928163,0.0000000000001580909243952086,0.0000000000006234805831004283,0.0000000000022148910164588693,0.0000000000070770092709925025,0.000000000020324525023515587,0.000000000052484222290551355,0.00000000012206573986185179,0.0000000002564761070893899,0.0000000004890273188790499,0.0000000008510457978969776,0.0000000013610279431378688,0.0000000020155574159535765,0.000000002786923334787896,0.0000000036292683707034338,0.000000004490456663532068,0.000000005323850998269968,0.000000006094867373943652,0.000000006780845674644599,0.000000007366661007423148,0.000000007840036222289005,0.00000000818926281215224,0.000000008403612499301409,0.000000008475051681425183,0.000000008399622607088489,0.000000008177518724968067,0.000000007811848736593842,0.000000007307135628749072,0.000000006669422245784216,0.000000005909615627945748,0.000000005049704524003092,0.000000004128512163750664,0.000000003202068110798968,0.0000000023355282646121575,0.0000000015883571554597153,0.000000000999083438853812,0.0000000005768992925732447,0.0000000003037753774854954,0.00000000014505156018622514,0.00000000006253456213566677,0.00000000002426956464713608,0.00000000000846582684357327,0.0000000000026534521464094632,0.0000000000007478416811324576,0.00000000000018981567143326697,0.00000000000004347992862284154,0.000000000000009010437143810728,0.000000000000001693774956274439,0.00000000000000028960500742667045,0.00000000000000004516304722866154,0.000000000000000006440909192153998,0.0000000000000000008422001676043442,0.00000000000000000010121683342374219,0.000000000000000000011206416235083582,0.0000000000000000000011455249253980915,0.0000000000000000000001083310520928509,0.000000000000000000000009495973502408069,0.0000000000000000000000007729192976973388,0.00000000000000000000000005851292058935361,0.000000000000000000000000004126241114854126,0.00000000000000000000000000027142813623132187,0.000000000000000000000000000016676978831468234,0.00000000000000000000000000000095821287827854,0.00000000000000000000000000000005154255854387507,0.0000000000000000000000000000000025981608228138396,0.00000000000000000000000000000000012284582203406565,0.0000000000000000000000000000000000054526862885232635,0.00000000000000000000000000000000000022737497513773354,0.000000000000000000000000000000000000008913521577852779,0.00000000000000000000000000000000000000032869292025710713,0.00000000000000000000000000000000000000001140758457995014,0.0000000000000000000000000000000000000000003724517689906794,0
0,0.000000000000000000000000000000000000000008468944271654327,0.00000000000000000000000000000000000000025067256575786693,0.000000000000000000000000000000000000006981129706000229,0.00000000000000000000000000000000000018301528732465787,0.00000000000000000000000000000000000451386487802246,0.00000000000000000000000000000000010467290214126766,0.0000000000000000000000000000000022805365902964232,0.00000000000000000000000000000004664614076303015,0.0000000000000000000000000000008949400755390712,0.000000000000000000000000000016090096501955442,0.0000000000000000000000000002708058895458276,0.000000000000000000000000004261868759640055,0.00000000000000000000000006263968760772343,0.0000000000000000000000008586707394679652,0.000000000000000000000010962356387571458,0.00000000000000000000013013797725678128,0.0000000000000000000014341594656389944,0.00000000000000000001464535310894656,0.00000000000000000013831538080601453,0.0000000000000000012056207888116047,0.000000000000000009677517640151636,0.00000000000000007137021666086308,0.0000000000000004823964275829518,0.0000000000000029806740723341665,0.000000000000016792122919789,0.0000000000000860247062251968,0.0000000000003996978323875901,0.000000000001680188569732187,0.000000000006376024536509404,0.000000000021804914472229955,0.00000000006712908937249247,0.00000000018601845598133013,0.00000000046443569353022305,0.0000000010471967979557597,0.000000002140284786679565,0.000000003984945165020634,0.000000006800082449143593,0.000000010708579623723757,0.000000015678611717407772,0.00000002150995754250799,0.000000027875214808302603,0.00000003439801335829815,0.00000004073242258178292,0.00000004661097490747799,0.00000005184982404113352,0.00000005632361629818103,0.00000005993444304945187,0.00000006259405191541914,0.00000006422384840767292,0.00000006476496450902864,0.0000000641871880030668,0.00000006248948866991373,0.00000005969227386976312,0.000000055829404812855306,0.00000005095276112355049,0.00000004515825994829177,0.00000003862752647902692,0.00000003166145972816673,0.000000024675342535892683,0.00000001813943909744415,0.000000012478739436894332,0.000000007972025933897523,0.000000004695185949971345,0.00000000253222780606368,0.0000000012432086646346912,0.000000000552919488615536,0.00000000022197023651727697,0.00000000008025518406026436,0.00000000002610928439299472,0.000000000007644536993981691,0.000000000002016624163093248,0.0000000000004801621540643271,0.00000000000010342050817110678,0.00000000000002020069170555989,0.000000000000003587661062534101,0.0000000000000005809032072201619,0.00000000000000008597889350648726,0.000000000000000011662483083676368,0.000000000000000001453352140886746,0.0000000000000000001667813874638734,0.000000000000000000017663644790112397,0.000000000000000000001730094041188503,0.00000000000000000000015702116775985043,0.000000000000000000000013229134367226826,0.0000000000000000000000010363827174855717,0.00000000000000000000000007561407804162628,0.000000000000000000000000005145257730702544,0.00000000000000000000000000032697476984313467,0.000000000000000000000000000019429406662057113,0.000000000000000000000000000001080776203855515,0.00000000000000000000000000000005633717558393185,0.0000000000000000000000000000000027545515640382477,0.00000000000000000000000000000000012643867458340194,0.000000000000000000000000000000000005452850701564203,0.00000000000000000000000000000000000022110044863901655,0.000000000000000000000000000000000000008434380697014976,0.00000000000000000000000000000000000000030287104543233648,0.00000000000000000000000000000000000000001023297781421265,0
0,0.000000000000000000000000000000000000000218457445582899,0.000000000000000000000000000000000000006249929024761569,0.00000000000000000000000000000000000016825720834367671,0.000000000000000000000000000000000004264595983626669,0.00000000000000000000000000000000010170191404072026,0.0000000000000000000000000000000022805365902964232,0.000000000000000000000000000000048048394555459404,0.0000000000000000000000000000009503817888860186,0.000000000000000000000000000017632054651295467,0.00000000000000000000000000030652407801285696,0.0000000000000000000000000049878753008742756,0.00000000000000000000000007588353542709894,0.0000000000000000000000010779762114399617,0.0000000000000000000000142791990658672,0.00000000000000000000017611133823188136,0.0000000000000000000020191346947274216,0.000000000000000000021482812775220687,0.00000000000000000021172096967711202,0.0000000000000000019289748482355234,0.000000000000000016213085249436803,0.0000000000000001254329452231902,0.0000000000000008911309191178005,0.000000000000005799422488194804,0.00000000000003448522693083103,0.00000000000018687743313982468,0.000000000000920512436392989,0.000000000004111159679381382,0.000000000016609759610229205,0.00000000006058789922832539,0.00000000019926587182417195,0.0000000005905360740465373,0.0000000015776593547692423,0.000000003805874376838115,0.000000008315253541665202,0.000000016525487930815187,0.00000003003743359468404,0.000000050250976061758684,0.00000007790887369178013,0.0000001127512247381215,0.00000015344514680310014,0.00000019783717385728524,0.00000024342482661483414,0.0000002878467809327919,0.0000003292035492176692,0.0000003661294369485637,0.0000003976704934902991,0.00000042310172665326065,0.000000441804053409417,0.0000004532445742316945,0.0000004570253051386069,0.0000004529331684425434,0.0000004409436137732723,0.00000042117998725709247,0.00000039388283154672025,0.0000003594654853884473,0.0000003186945311518801,0.0000002729392161378195,0.00000022433980919587055,0.00000017572816342763272,0.0000001302297173820945,0.00000009064221420425159,0.00000005882385553300972,0.00000003534340654073849,0.00000001952838802602027,0.000000009861390992035743,0.0000000045268958401212074,0.000000001881130156014479,0.0000000007055470724462256,0.0000000002384701077051471,0.00000000007260792460830861,0.0000000000199277220379008,0.00000000000493711343165658,0.0000000000011063350236936109,0.00000000000022475447107698584,0.000000000000041498769819011163,0.0000000000000069823503659505035,0.0000000000000010733554873552598,0.00000000000000015113823826409193,0.000000000000000019541982816389213,0.0000000000000000023256941269539247,0.00000000000000000025532802832572935,0.00000000000000000002591325946844171,0.0000000000000000000024360262492664085,0.0000000000000000000002125106662607333,0.000000000000000000000017233211178051072,0.0000000000000000000000013011690299100024,0.00000000000000000000000009160693968128661,0.000000000000000000000000006022093773828035,0.0000000000000000000000000003701204502660673,0.000000000000000000000000000021292367529062208,0.0000000000000000000000000000011477785875534643,0.00000000000000000000000000000005803295784196707,0.000000000000000000000000000000002754646361196776,0.00000000000000000000000000000000012285373980459722,0.000000000000000000000000000000000005151875003804546,0.0000000000000000000000000000000000002032765207334132,0.000000000000000000000000000000000000007551146313730724,0.0000000000000000000000000000000000000002639533561289551,0
0,0.0000000000000000000000000000000000000052872836534074664,0.00000000000000000000000000000000000014623596567886647,0.000000000000000000000000000000000003806250940793772,0.00000000000000000000000000000000009328103467753187,0.0000000000000000000000000000000021511368662471437,0.00000000000000000000000000000004664614076303015,0.0000000000000000000000000000009503817888860186,0.00000000000000000000000000001817787120817304,0.00000000000000000000000000032609399895337964,0.000000000000000000000000005480908890725219,0.00000000000000000000000008621609616908999,0.0000000000000000000000012677246813034447,0.000000000000000000000017401785388651854,0.00000000000000000000022267974932444923,0.00000000000000000000265230497944554,0.00000000000000000002935685110903814,0.00000000000000000030142116853222843,0.000000000000000002865477894405497,0.00000000000000002517125140551682,0.00000000000000020387638544329324,0.0000000000000015191457558338256,0.000000000000010388873868135085,0.00000000000006504258364615213,0.0000000000003718617738490127,0.0000000000019364406150198387,0.00000000000916157444034237,0.0000000000392867433049642,0.0000000001523768485684629,0.0000000005336692341542236,0.0000000016860776237317916,0.000000004805067626635773,0.000000012365013606459023,0.00000002879950215798179,0.00000006093654767549988,0.00000011771007993216955,0.00000020880940276655076,0.00000034238629494341115,0.0000005224951353737546,0.0000007472491748816792,0.0000010085018842736562,0.000001293251560012977,0.000001586229412106405,0.0000018726565590673638,0.0000021401885763347804,0.0000023795646907672836,0.000002584143318505318,0.00000274896193839378,0.0000028699869522596738,0.0000029438778592256925,0.000002968156837859801,0.00000294144029933291,0.0000028634639108363653,0.000002734921699931879,0.000002557435152050176,0.0000023340400558784402,0.0000020702962361178763,0.0000017756024643647646,0.0000014638819200792432,0.0000011528350219110262,0.0000008615179360673602,0.0000006068326355280009,0.00000040014763479039994,0.00000024533214770950867,0.00000013891676898136947,0.00000007218395598755313,0.00000003422154793698937,0.00000001473098447109779,0.000000005736757497525522,0.0000000020165744218407147,0.0000000006392147713838487,0.00000000018273592214105243,0.00000000004716216294222828,0.000000000011007518321378048,0.0000000000023282910708545458,0.0000000000004473848382171274,0.00000000000007829346940974997,0.000000000000012511013267617942,0.0000000000000018301783617278744,0.0000000000000002457021532089271,0.000000000000000030344261169642826,0.0000000000000000034552787277508753,0.00000000000000000036354730461409803,0.00000000000000000003541494958354995,0.000000000000000000003200228659614929,0.00000000000000000000026872644139148696,0.000000000000000000000021003344331253234,0.0000000000000000000000015303061418045821,0.00000000000000000000000010408664438881894,0.000000000000000000000000006617709867644415,0.00000000000000000000000000039376962062726114,0.000000000000000000000000000021952447163999473,0.0000000000000000000000000000011478237740390844,0.00000000000000000000000000000005634132457689344,0.0000000000000000000000000000000025984295548805835,0.0000000000000000000000000000000001126848276854823,0.000000000000000000000000000000000004598292017909791,0.0000000000000000000000000000000000001766763550473613,0.000000000000000000000000000000000000006388224154215075,0
0,0.00000000000000000000000000000000000011998451256930314,0.0000000000000000000000000000000000032086906909697613,0.00000000000000000000000000000000008075430634826821,0.0000000000000000000000000000000019137605511825414,0.00000000000000000000000000000004267800918919493,0.0000000000000000000000000000008949400755390712,0.000000000000000000000000000017632054651295467,0.00000000000000000000000000032609399895337964,0.000000000000000000000000005655741581582909,0.00000000000000000000000009189280762619704,0.0000000000000000000000013970677546781887,0.000000000000000000000019849725030387704,0.0000000000000000000002632120600251428,0.0000000000000000000032526572990707668,0.000000000000000000037399906034621183,0.00000000000000000039945704565574746,0.000000000000000003955960988664772,0.000000000000000036255758778948455,0.00000000000000030686751163754187,0.000000000000002393454936933816,0.00000000000001716326079118642,0.00000000000011288288003147833,0.0000000000006792460759402102,0.00000000000372986676916,0.000000000018643455423321515,0.00000000008461842528036672,0.00000000034796519541402937,0.0000000012939604453926781,0.000000004345528338749754,0.000000013172346355036022,0.000000036057187345350175,0.00000008928467810629162,0.00000020061204544876356,0.0000004108131815966284,0.0000007709585334910075,0.0000013342538578932874,0.0000021436669074132642,0.000003218986311266427,0.000004547962936412495,0.0000060850609213416884,0.000007758517304578018,0.000009483195312343622,0.000011174636558540728,0.000012759720358740045,0.000014181331698704299,0.00001539734151267309,0.000016376506474237584,0.000017094481064066484,0.00001753192152694257,0.000017674641540496407,0.00001751440253247782,0.000017049086927755615,0.00001628240912872285,0.000015224708326081856,0.000013896405248873491,0.00001233400070758755,0.000010596046856765377,0.000008765050660375771,0.000006941994945396502,0.000005233019505963162,0.0000037314405632149196,0.0000025008415671209702,0.0000015650766623105279,0.000000908531294319429,0.0000004860179264387935,0.00000023811778599392212,0.00000010626836746178802,0.00000004301412943218929,0.000000015743683213205906,0.000000005201993244489508,0.000000001551018671347402,0.0000000004175480821578768,0.00000000010163272316302562,0.000000000022409413796152622,0.000000000004486233978673502,0.0000000000008174450381159729,0.0000000000001359152092724951,0.000000000000020673785836750693,0.000000000000002884045883130936,0.0000000000000003698834012995093,0.0000000000000000437130790282118,0.000000000000000004770818142250653,0.0000000000000000004818429283934881,0.00000000000000000004512219875386422,0.0000000000000000000039249453203252126,0.00000000000000000000031766476923681155,0.00000000000000000000002395957591270501,0.000000000000000000000001686544093349372,0.00000000000000000000000011094616496389179,0.000000000000000000000000006829146361827784,0.00000000000000000000000000039378740345862685,0.000000000000000000000000000021294163798152204,0.0000000000000000000000000000010809040968745161,0.00000000000000000000000000000005155017155491857,0.0000000000000000000000000000000023117657221746153,0.00000000000000000000000000000000009755508849215436,0.000000000000000000000000000000000003876484748367178,0.00000000000000000000000000000000000014496378620095716,0
0,0.0000000000000000000000000000000000025509730071868317,0.00000000000000000000000000000000006596942549339059,0.0000000000000000000000000000000016055003631809464,0.000000000000000000000000000000036794061351444435,0.000000000000000000000000000000793486584278106,0.000000000000000000000000000016090096501955442,0.00000000000000000000000000030652407801285696,0.000000000000000000000000005480908890725219,0.00000000000000000000000009189280762619704,0.0000000000000000000000014430194552535096,0.00000000000000000000002119850298077906,0.0000000000000000000002909503058314478,0.000000000000000000003725690162523093,0.00000000000000000004444426047189192,0.0000000000000000004931092827016179,0.000000000000000005079668338732763,0.000000000000000048493684197049776,0.0000000000000004281847717924628,0.0000000000000034894537779901288,0.000000000000026187534947273296,0.00000000000018056100225246639,0.0000000000011409966891804853,0.0000000000065915075729230935,0.000000000034723473871565385,0.00000000016638569251013255,0.0000000007235018639920654,0.0000000028489753705180935,0.000000010142666200817754,0.00000003261433280250517,0.00000009471825829865226,0.00000024871815296499847,0.0000005919615878106105,0.0000012819235116996672,0.0000025388175567077323,0.0000046262665270142525,0.000007807656073941796,0.000012286500194946537,0.000018147945253152858,0.00002532073608965521,0.00003357311553376403,0.00004254463241104567,0.000051803502723143115,0.00006091109551934947,0.000069474463682986,0.00007717462356893075,0.00008376924407850487,0.00008907841011848778,0.00009296646845714389,0.00009533000679211185,0.00009609440057903715,0.0000952148743006708,0.00009267767271160836,0.00008850228577472192,0.00008275065565216404,0.00007554777588424519,0.00006710979153161319,0.000057766410482509015,0.000047960930478758274,0.000038216663700439044,0.00002907107103428462,0.00002099276723301103,0.00001430537208559372,0.00000914180994015634,0.00000544295712980151,0.000002999294209918807,0.0000015197055588774762,0.0000007038188378717057,0.0000002964403235486798,0.00000011312244583349973,0.00000003901754245352148,0.000000012151117112028827,0.00000000341714747442602,0.0000000008686453083620694,0.00000000019993037447205747,0.000000000041753282151062,0.000000000007930701854992188,0.0000000000013735154067000708,0.00000000000021745267935348595,0.000000000000031550168287113105,0.000000000000004205421909921365,0.0000000000000005161912274946117,0.00000000000000005847589077169408,0.000000000000000006126698905717312,0.0000000000000000005948712537131981,0.00000000000000000005362592068833916,0.0000000000000000000044961108714067516,0.00000000000000000000035116667103556886,0.000000000000000000000025589261641672518,0.0000000000000000000000017421176939192584,0.0000000000000000000000001109519314859122,0.000000000000000000000000006618351332504682,0.00000000000000000000000000037017069827607435,0.000000000000000000000000000019432694646727232,0.0000000000000000000000000000009584025873273533,0.000000000000000000000000000000044444447413618383,0.000000000000000000000000000000001939452880385728,0.00000000000000000000000000000000007969635322678241,0.000000000000000000000000000000000003081956908690568,0
0,0.00000000000000000000000000000000005076880467862717,0.0000000000000000000000000000000012697162885609884,0.000000000000000000000000000000029883051492364074,0.0000000000000000000000000000006622811451835812,0.000000000000000000000000000013811409834884665,0.0000000000000000000000000002708058895458276,0.0000000000000000000000000049878753008742756,0.00000000000000000000000008621609616908999,0.0000000000000000000000013970677546781887,0.00000000000000000000002119850298077906,0.00000000000000000000030082426629721634,0.000000000000000000003987114118818135,0.00000000000000000004928505791567758,0.0000000000000000005672931012097218,0.00000000000000000607029826992911,0.00000000000000006027612213649453,0.0000000000000005543472482772561,0.000000000000004712307392394823,0.00000000000003694535177655047,0.00000000000026654317588225023,0.00000000000176529276333579,0.000000000010706045049422876,0.00000000005930663327680434,0.000000000299321877497255,0.0000000013729945951962932,0.000000005711012354534657,0.000000021500179600314932,0.00000007315874763810917,0.00000022487516392459577,0.0000006247176115584452,0.000001571349281909744,0.000003590157065231747,0.000007485525987123071,0.000014325868118085692,0.00002533125448966555,0.00004166807448185524,0.00006419455591346114,0.00009322650778498803,0.0001283927507734983,0.00016862453318592944,0.00021228283983276583,0.0002573865026577615,0.0003018765980215178,0.00034384762957428625,0.0003816947028803283,0.00041416066121908107,0.0004403038170527266,0.0004594295220206622,0.0004710277357335379,0.0004747379005836901,0.00047033913654295577,0.0004577577011169317,0.00043709638960040103,0.0004087004691007652,0.00037326146116778235,0.000331928579770966,0.0002863715870300871,0.0002387381857418191,0.0001914779735065983,0.0001470515421176707,0.00010758788303437313,0.00007457818229259644,0.00004868949850073668,0.000029748796693920254,0.000016896999592465054,0.000008861614197604269,0.000004263452169917821,0.0000018709524561087119,0.0000007454682451924,0.00000026883339923782557,0.00000008759331778937978,0.000000025775042245507445,0.0000000068538147203710135,0.000000001649210188404293,0.000000000359809935127292,0.00000000007133720957390868,0.000000000012884857729245586,0.0000000000021255519783097773,0.0000000000003210697902733527,0.00000000000004451902592676306,0.0000000000000056800773329920945,0.0000000000000006683764933495974,0.00000000000000007269248698671911,0.00000000000000000732230049233886,0.0000000000000000006844288740890319,0.00000000000000000005947176009668003,0.000000000000000000004811953666115411,0.00000000000000000000036310849157410304,0.00000000000000000000002559079835588568,0.0000000000000000000000016867326066941978,0.0000000000000000000000001041029101962078,0.00000000000000000000000000602326495197118,0.0000000000000000000000000003270490573901709,0.00000000000000000000000000001668123314492237,0.0000000000000000000000000000007999542040481166,0.00000000000000000000000000000003609755650256282,0.0000000000000000000000000000000015338661387231617,0.00000000000000000000000000000000006133431919374406,0
