0,0,0,0,0,0,0,0,0,0,0,0,0,0,0,0,0,0,0,0,0,0,0,0,0,0,0,0,0,0,0,0,0,0,0,0,0,0,0,0,0,0,0,0,0,0,0,0,0,0,0,0,0,0,0,0,0,0,0,0,0,0,0,0,0,0,0,0,0,0,0,0,0,0,0,0,0,0,0,0,0,0,0,0,0,0,0,0,0,0,0,0,0,0,0,0,0,0,0,0
0,0.11498812840344327,0.20452489449070563,0.3127275028230713,0.40051360135335723,0.4838733247974917,0.5641284347505838,0.64107879966695,0.7202037787384079,0.7843610871453492,0.8619925445417852,0.920555545731925,0.9745368027227751,1.0070807125857826,1.0367405839955148,1.0551656769671456,1.0673280711671853,1.066063527097419,1.0521081824204768,1.0590604602838585,1.0545429732145473,1.040558974027074,1.024242353959165,1.0125885262502619,1.0174645762268903,1.0125255006641163,0.9992544491584556,0.9754376882143745,0.9563223641635985,0.9401089647247746,0.9263245988371306,0.902587947031363,0.8800705021957621,0.8664020889377901,0.8242190144872773,0.7701934971229087,0.7231900083320673,0.683270765812525,0.6479830353020004,0.6075704720478345,0.5470937502062743,0.5098744387013225,0.48967951595061565,0.4572861273671319,0.4223689337288768,0.3751549679455816,0.3271433021089059,0.30802616752785617,0.28179732760758924,0.2744863472910604,0.27993859096767826,0.296298292428126,0.33154143101560624,0.359781449502393,0.41367675453779557,0.470844587853749,0.5142809771312753,0.552418774210858,0.5798451839841604,0.6169619444026156,0.6778506944928666,0.7133909612479559,0.7400438643614499,0.7681778050887564,0.8001275524160446,0.8376440337925017,0.8626489305837042,0.8629211969720713,0.8743218151167708,0.8898776665047154,0.9006526793735545,0.9141424313653639,0.930795753745888,0.9540548048279552,0.9697618235425001,0.9789695776942539,0.9792488483013211,0.9917583791522103,1.0075885885765843,1.0153895332369756,1.018826642992451,1.0109891564630613,1.0259501130776483,1.0304286711694377,1.0234810507014749,1.006923622092132,0.9817642819492719,0.9553659779801139,0.9099331468283189,0.8614228938420619,0.7936043017356451,0.7342606991754022,0.6571419715201535,0.5829319522950848,0.5050529116311369,0.4235533318352062,0.3361364055759852,0.22484271524453053,0.12584694849552436,0
0,0.20452489449074607,0.37992611908153895,0.5817777296951828,0.7485476062659311,0.9190818789857798,1.0683995371519872,1.2151608429127383,1.3716393265065507,1.500897466914885,1.6514273085010442,1.7755605253331714,1.8883171424449618,1.9632968400397595,2.033421526094794,2.0835413189462355,2.1078860150248686,2.1162089849440973,2.107905674989878,2.130872025311207,2.1328524598099827,2.1158654699209913,2.0800020831300574,2.054021088239505,2.0513301961322674,2.032236803073983,1.9984384687067616,1.939412859725581,1.8850437962773998,1.8378810986033551,1.8016064906262885,1.748444318806331,1.7042413989123444,1.67012386469638,1.587011858998999,1.4818924618353966,1.391692299340401,1.3168825112238565,1.2520300837081755,1.1855979322330843,1.0734026967430372,1.0080286047298006,0.9747206602808272,0.9123567960331861,0.8485854059312422,0.7635316552580974,0.6751889308141713,0.6416389606624479,0.601483812867754,0.5888457112015548,0.5978366827799116,0.6268241789097091,0.685256706054564,0.7380821705906682,0.841793919695357,0.9476079159381194,1.026830765602625,1.098786142094077,1.146091240683426,1.2108074033985543,1.3239744270935818,1.3799876049444495,1.4272338176433153,1.4788024140706066,1.5400738032935934,1.6138808750063076,1.6654839156547547,1.6736214648404664,1.6946586013900053,1.7312608827744005,1.7599979954211038,1.801916156886928,1.8538523484953102,1.9114665891869576,1.9498109941874116,1.9770419199477605,1.9864744669728602,2.0115669652875265,2.0473544664565813,2.052900957880226,2.0492184446601747,2.0256145604220444,2.0364787760009184,2.035349058942555,2.0224923513013056,1.976267138204445,1.9163775493095592,1.8521543007629169,1.7546605600718963,1.6517094895699582,1.5217678593363266,1.401239714037438,1.2476568452842967,1.105403482351785,0.9581537015202385,0.7913331610300285,0.6235024605440184,0.41525158652451805,0.22425888251980364,0
0,0.31272750282306894,0.5817777296952076,0.8821588742244726,1.1321652684203058,1.3802982312021792,1.5989751750114458,1.8128710259510576,2.044609957972228,2.2356569970417457,2.4579477093690616,2.646932500665005,2.808905293416018,2.9194321050117944,3.0277600167217837,3.0978664442102897,3.134360969699327,3.142890090754746,3.1224155546066434,3.150430845478098,3.151045957389947,3.1182770496712355,3.0631558816487905,3.0244000730448333,3.0175733314499755,2.9920642083486015,2.938126211999389,2.841707680726525,2.759460474811339,2.690417506422009,2.633235695921548,2.549719428861603,2.486246340830296,2.435141006704434,2.3135019841672726,2.1659953487718493,2.025460365201156,1.9161426561362278,1.8303555316046507,1.7334653276261767,1.573270541487976,1.479179818890907,1.4321097301178356,1.3415462171434376,1.2426912831353374,1.121459404085899,0.9971777894943292,0.9524232272166709,0.8937747443366323,0.8761364579390805,0.8901770632130664,0.9315843506273516,1.016617641605291,1.0904719720857856,1.2364533832343336,1.387118586659939,1.5083697953778863,1.6122776174880873,1.6779847573718427,1.7719618344361023,1.9352470791244307,2.017006214964659,2.076346291009918,2.150969981386499,2.24949524260489,2.3529377766899997,2.4299798258442635,2.444243068972448,2.4740569748287102,2.535699220934889,2.584133315104239,2.644761264804611,2.724328989316053,2.8186304798982404,2.8744060195433083,2.909146094085244,2.924521402406834,2.959218086144387,3.0122243268123525,3.0285534915740127,3.0258816780288726,2.9984704535863567,3.0229971118345373,3.023236830340955,3.0037568193258917,2.940326096001218,2.8472737950962372,2.753755275674542,2.615625215796562,2.462146148283096,2.2727390191254404,2.093615311401724,1.8674025550692697,1.6597255219454643,1.4407511551295606,1.196245651259291,0.9418618567597479,0.6309321336132834,0.3415899106908903,0
0,0.40051360135333597,0.7485476062660267,1.1321652684203651,1.448244407857515,1.7645450449004796,2.04657015054604,2.3142904534207354,2.616348588255122,2.8693484800445095,3.157888264800136,3.4101378948548535,3.6323801599748204,3.7892523977161283,3.9389612519314836,4.030456132603215,4.0721379632147485,4.075917079037186,4.0393637822704305,4.053072604601592,4.030979535558818,3.9679709030285193,3.876827311174085,3.800265936919448,3.766227685232928,3.722038972545599,3.6466801811707037,3.5302183161359455,3.4186713238826094,3.323795771053278,3.2558996994715037,3.1527272939459996,3.075299571115044,3.0126199246583565,2.8719059758246517,2.7030483012668696,2.5385267331842716,2.4156690133771224,2.3284148159785847,2.228205726835797,2.0425023625381225,1.9361552717543355,1.887033781270946,1.7794693247789877,1.66033153475995,1.50549801591677,1.3404768299073615,1.2769877371389613,1.208268437919872,1.1888544423296974,1.2063184674799805,1.2544815526948387,1.352822884728015,1.4495121537981617,1.6402191792478062,1.829815595447642,1.975951668327609,2.1025657811093956,2.176560324601321,2.2842269916879077,2.4774108821492575,2.561324389841348,2.6176758619285727,2.7000828020911025,2.81524310477654,2.9305767585867875,3.0169458872892227,3.0325933195302004,3.065205299023892,3.140888636305038,3.1982593454113504,3.2812901070682696,3.3886647779956354,3.5016790217088456,3.577118149672757,3.628453158782101,3.670751992203611,3.7418365043260824,3.8305605820363557,3.8737795011283027,3.893592363141984,3.882224182468845,3.92387140917213,3.9294043410018484,3.910355248743387,3.8271707684775675,3.6970945841452063,3.56273211706618,3.3715478857718204,3.163610457253516,2.916691306621013,2.680387700772755,2.3878690142888863,2.130287532974335,1.8475175119544545,1.533317512285844,1.2087422548807252,0.810604896528456,0.4373243722342354,0
0,0.4838733247974279,0.9190818789857227,1.380298231202192,1.7645450449004367,2.150868380999662,2.4947515225954655,2.830593034044356,3.204205507002896,3.5246745897264553,3.8891856222271377,4.208922538686937,4.499122740250083,4.718484442791303,4.906062035157796,5.025655934050073,5.074533558342783,5.071033832662026,5.0239585737927674,5.027320222873798,4.983695934469586,4.903606233227122,4.771776689713181,4.65893437869874,4.60106039956394,4.540297597679588,4.444650700053327,4.296491505048318,4.1582881542028325,4.040174632474236,3.9527946804063583,3.831760457473229,3.7378415953629074,3.6493723645406444,3.482798987157106,3.283396316628792,3.0841062375711235,2.9380821259246086,2.8338631612703042,2.7128021279280663,2.4941169557709677,2.368593449091864,2.3141217619666685,2.19004730744544,2.0426652915274954,1.8496632378250886,1.6452999235020533,1.565160180867351,1.4837833706698622,1.4649818314721987,1.4866812252588921,1.5417825151620965,1.6600597140670603,1.7771016503353596,2.0104477900257938,2.243189199495669,2.4216103159156686,2.5674069940824036,2.6509488951129088,2.77880633255934,3.0079348717510395,3.111652708851411,3.182191290776408,3.2820088700777488,3.42454977651627,3.5628905333741208,3.665504041738976,3.6971168239552905,3.7393691368497137,3.828465631480575,3.9042990535954205,4.0094432802412365,4.141296430112216,4.280897636981945,4.373080321292045,4.437099263122265,4.500411616034478,4.604724593685106,4.7331064469047,4.7906943599706535,4.8324747226728295,4.831636183231422,4.886550765225502,4.902480471566324,4.8811811858843575,4.772459051691422,4.608283513676492,4.416192343838967,4.165113693872977,3.898847410355624,3.5851252269975427,3.2868549827752345,2.9249829948523773,2.600894361753284,2.2554750885239834,1.8690703531045048,1.4729860367103818,0.9944204162840256,0.5283980215667828,0
0,0.5641284347505012,1.0683995371519375,1.598975175011435,2.046570150545991,2.4947515225954557,2.9112069755649457,3.3114591599857053,3.7564247586529995,4.142303876743574,4.577802094883051,4.961553606840483,5.312412122138663,5.576532494651099,5.798733946692939,5.932459923379674,5.98599381564792,5.986208332717582,5.941219893401893,5.943064283424967,5.883633416795416,5.777543841767223,5.609121575325312,5.462554102541415,5.381762452956435,5.30526822423764,5.1839571261108235,5.0060328597472825,4.832479863879239,4.688316450064894,4.581758584397482,4.439858237228546,4.326741277615397,4.221053841772608,4.03390005273651,3.8144813588152813,3.6013174280407494,3.4384449943248834,3.3155381603289773,3.171340410389218,2.920083074400977,2.7723978313522855,2.713370716298195,2.5779482652475685,2.4147652807673343,2.1995347357261537,1.9662585146824862,1.8690146135356287,1.7809145005097464,1.764558829426525,1.7910928984829182,1.8513400159552382,1.9825810088989353,2.1206232432023158,2.384973220640439,2.6456253024799783,2.843253785037723,3.0024206336500585,3.0942770807897477,3.245004262283017,3.507839256891563,3.633585660473074,3.71840284074865,3.828766378927284,3.977401588647169,4.128019464341872,4.243500263465109,4.283848192538921,4.341324282155651,4.449232292981016,4.543801951244266,4.673178149337925,4.839098935458555,5.005095515528272,5.1190455031182065,5.1978169094791635,5.282541082871291,5.417906611901386,5.582528086840678,5.664193926132541,5.721857844966913,5.72310057827815,5.776737387581127,5.790416984064175,5.7665211943540164,5.643784241883579,5.4501938513910595,5.218200337127527,4.91432155263512,4.593751238628062,4.217970292470258,3.858888746227277,3.429788813987641,3.0432500894956283,2.6225713967233917,2.171699885858034,1.7082732310292055,1.15588610302726,0.6150819025800154,0
0,0.6410787996669561,1.2151608429126692,1.8128710259509664,2.3142904534206106,2.830593034044322,3.311459159985757,3.7610801056048278,4.2632118229258396,4.706191753634505,5.195187984918978,5.6237538719656985,6.013231262620982,6.306718762902322,6.544422905148371,6.685529810413855,6.729691443923544,6.7250684264188605,6.66219882646571,6.641343946566088,6.543978211571265,6.41526691287957,6.212680957547037,6.0382055862009985,5.940032686145512,5.837272278322073,5.687421956833185,5.489937636998347,5.298964441271932,5.143084739847414,5.030565023354173,4.880860367129038,4.763494457810025,4.661510185484546,4.475374829284544,4.247284287965339,4.038187988455711,3.8781826549497365,3.7569744823657163,3.61126882063226,3.340754190769802,3.1729453040044477,3.1028875269557954,2.9602728493141908,2.7935067971868297,2.5667731978280552,2.3196956923160856,2.218577033086978,2.12043839402384,2.0969936918702077,2.126233517543874,2.197837910896752,2.344904488770815,2.4905879094864947,2.772399845202638,3.048379473309264,3.251878767745774,3.41828351141359,3.52226849023537,3.6911558634869697,3.9724806928122187,4.097659483003434,4.177014083878027,4.279399992820078,4.417794250076622,4.5702241548808775,4.679729745483424,4.713256300619275,4.773562695488248,4.888431128862298,4.990490077298304,5.133360459952863,5.319709275476372,5.503538012066543,5.644356885612134,5.748988421059169,5.849746041613859,6.008688622303791,6.205764631783671,6.306074255303096,6.4012827011860285,6.427255843842333,6.5003604767735945,6.520609915204878,6.508655532000432,6.380135319128161,6.175287238579519,5.919723258200169,5.5832688794755585,5.22306370793473,4.79783806944015,4.384661421895521,3.9008175431356964,3.4629997130762473,2.974629718884922,2.453450312956098,1.9328332172168798,1.3091014805339218,0.6960441806321476,0
0,0.7202037787383736,1.3716393265065123,2.0446099579722046,2.616348588255009,3.2042055070028366,3.7564247586529733,4.263211822925844,4.817786324585043,5.3071672671635675,5.844513921407664,6.313608202784885,6.748540678192595,7.07323932309908,7.324842048497824,7.468960801630764,7.50466890640316,7.483491308475288,7.394186991471285,7.347395456382035,7.225987369111252,7.076479279408265,6.847036474768521,6.642135900691101,6.519064591614562,6.402936100919492,6.228920102895866,6.016413332804985,5.820453500245333,5.665046836113396,5.546093808896389,5.391412987276665,5.266968163536352,5.169883961001597,4.993701932765752,4.768372356575666,4.566711437559153,4.401356273298626,4.275710105092126,4.113139620080722,3.8046091706325424,3.599927995482868,3.4984391567437423,3.3232356986752385,3.1384828594177696,2.887463700624474,2.6297964401541227,2.520273030234136,2.4064539155498794,2.3763150185671615,2.406584417762923,2.4882038340284227,2.654558341364474,2.8114150597111296,3.107532133840067,3.4133294666640728,3.6366374251110165,3.833549220090418,3.968232599147777,4.173226504175625,4.492049267517267,4.633546137147887,4.714741352694264,4.817622398549387,4.944825217409207,5.091944362356503,5.190101802956855,5.216395084006392,5.283759195627628,5.402437695862251,5.510828688239461,5.6549018151864745,5.848089489633401,6.0456107321659935,6.209192215291926,6.327107170941443,6.449221039923229,6.633387228183702,6.854803329672616,6.973868556466167,7.092544971540127,7.14581392570342,7.246791120224738,7.28564169582719,7.285492901691407,7.15676437873808,6.942973393048577,6.660254045358123,6.283631447455829,5.885108285440059,5.413392291194672,4.956296791391863,4.421866834595348,3.9254898546164188,3.36272594874552,2.767421238961294,2.172326979427775,1.4697168717877274,0.7773282067988121,0
0,0.7843610871452856,1.5008974669148418,2.2356569970416973,2.8693484800445574,3.524674589726469,4.14230387674366,4.706191753634528,5.307167267163542,5.842758621646725,6.415086687935974,6.924792350766726,7.401729589629825,7.753840819529335,8.016370579113984,8.166911112661955,8.199564910558705,8.17660414825576,8.077147591474791,8.01588652582911,7.866989240241649,7.703726110920804,7.45298666158019,7.216995482020797,7.067872582171695,6.934167992212789,6.737302100161873,6.512612116885526,6.316054429226681,6.155694729812681,6.034955732258516,5.871683943963603,5.7374704244672206,5.645111921215197,5.474303826612559,5.2460582412447,5.036800255951657,4.864724548861843,4.734863699317736,4.550284372035851,4.209722171293337,3.9721095823726382,3.841066840147881,3.6424512005702314,3.432225725991249,3.1566629589782815,2.8831944110793066,2.7571627725089534,2.6283099730127923,2.5947755368355354,2.6265714049542623,2.7131863359361352,2.896605713997245,3.072063292964097,3.386062827275203,3.7179907440136195,3.966683259377534,4.186218949137379,4.352543793445176,4.590404385210201,4.940525374649524,5.102691402393251,5.187040305267972,5.29534659365333,5.427957277791006,5.576984490159786,5.668725283383549,5.689970985905062,5.767876710433159,5.895082623877952,6.007320695354206,6.159446952448252,6.355334461296569,6.564203377949466,6.748226239627224,6.881584845138967,7.026152963760442,7.237111451177228,7.478256201204412,7.608291393156394,7.749959457038959,7.81421892214161,7.926221064600307,7.97021056539354,7.975319783684724,7.843060254528643,7.620463723541913,7.313840228919279,6.899931752585477,6.463299330259578,5.95913277903104,5.460858254417321,4.882891081391208,4.327437894547454,3.696428914865661,3.0311197254291473,2.37203335694636,1.6061660604784904,0.8455139940805418,0
0,0.8619925445417228,1.651427308501051,2.4579477093690216,3.157888264800147,3.8891856222270635,4.577802094882994,5.19518798491895,5.844513921407708,6.415086687936,7.012935405216849,7.552687862918676,8.052036031325516,8.41301992103152,8.669952237775092,8.807280081373692,8.813742168481522,8.765105713462106,8.641273704324112,8.548481067982774,8.366723969153004,8.177870753130067,7.902367996713087,7.637889909100018,7.463319398351017,7.306202499022489,7.083078589475759,6.846273308977258,6.6399305929135295,6.491103023931996,6.379544275812778,6.204990458197081,6.073882950903414,5.9939452444754435,5.834389003472764,5.612335495960629,5.4151649435853395,5.249014016114668,5.113333142358841,4.923695417842937,4.568212538112101,4.311856928496397,4.162986513264751,3.950863672866665,3.7307724979697143,3.441391314575039,3.1618401357298063,3.0301589867855596,2.901496307095121,2.859336435334187,2.893210463185308,2.9928620648547137,3.176831350659765,3.3572182395152472,3.6784131001823104,4.024096358472078,4.281382969761799,4.511440613605487,4.6932011048492805,4.948263100844725,5.311098010379773,5.476663920932376,5.564984398310892,5.665880025252464,5.787425223365309,5.931346952934603,6.014620443097081,6.027180333928928,6.104638464913773,6.247943283053424,6.356663251021756,6.504742778255432,6.715483390055833,6.934349733182423,7.141965045030443,7.2967177130424465,7.462736351144626,7.697535792761618,7.958757403420206,8.11140541115762,8.280334360124483,8.372325904129486,8.50911262441622,8.579742888323851,8.612004331769414,8.495086050749604,8.281023579088107,7.968947456119918,7.535414220742756,7.06924567840623,6.540169006069845,6.010511153834124,5.387252446624997,4.7768007056731046,4.07066831432828,3.326099790696567,2.5993128262613143,1.7610575535308464,0.9242874897001352,0
0,0.9205555457319333,1.7755605253332591,2.6469325006650304,3.41013789485493,4.2089225386869735,4.961553606840508,5.6237538719657625,6.313608202784912,6.924792350766777,7.552687862918778,8.12248976477282,8.643565305810526,9.015919080125974,9.269429873806267,9.383323648476612,9.36022337311059,9.278597210194253,9.112726877080028,8.979552581529124,8.75658143317351,8.530406919833112,8.215716161089745,7.909792153775624,7.6974835348984065,7.503134621573749,7.253889921157347,7.0142809832957695,6.806993195037892,6.65408024568367,6.545612286037326,6.387628291418439,6.282224710059006,6.2297265627930605,6.105229307942511,5.918549365486305,5.738467293780244,5.591422668906289,5.473693152271747,5.272381374727087,4.898137889864345,4.611712098220654,4.442187796019354,4.213189899819932,3.964506468061173,3.659589850314604,3.3664404227639753,3.213381204618079,3.0855142081188833,3.0562205843477543,3.0916582199974028,3.180792632328721,3.364603435258858,3.5652102303920805,3.897864704223061,4.256020445360995,4.538174275892344,4.781697715833779,4.983265576226994,5.268691680636908,5.648976370224534,5.828073740876498,5.901689686809668,5.983552243231104,6.090120939498859,6.202804646922107,6.256618910991967,6.248652405848742,6.306090382602885,6.437330031736154,6.546174459367111,6.699833526652541,6.9117993842602905,7.130019412369786,7.358278919771445,7.544321713948957,7.742384773406661,8.014058363787054,8.309237847465399,8.495266365396342,8.703078112096163,8.83396275168308,9.012891764953809,9.117249471308693,9.181864689315374,9.093716599946132,8.889245407319777,8.572325050766446,8.121179092139293,7.626696159894347,7.069486184656959,6.50181496624497,5.839982884050866,5.184105926224596,4.411644595051563,3.5961146214735256,2.8025950984374948,1.8950846889585784,0.9878695465630586,0
0,0.9745368027227105,1.8883171424449854,2.8089052934159566,3.632380159974783,4.499122740250073,5.31241212213879,6.013231262621032,6.748540678192628,7.401729589629814,8.052036031325649,8.643565305810556,9.177345905925494,9.550206581838072,9.799565297464506,9.884281126657598,9.824392290583532,9.714234542595682,9.51669390405293,9.333696812697168,9.062315126894095,8.789393359110385,8.443199497395788,8.104261912603976,7.851379148976901,7.622692146604732,7.352818177757789,7.107765030066632,6.888316635154923,6.73548110937748,6.645263394410661,6.501586243801163,6.423134977973286,6.406634182811122,6.313586715674468,6.164814617656218,6.014775039278325,5.882335379720406,5.768961931565597,5.562964865138642,5.183462515293748,4.875300625433918,4.671038340014188,4.413756848705028,4.1386153687031975,3.818250316597336,3.5106766976824977,3.3477031776013706,3.227122826591244,3.2005125915647183,3.239131793866099,3.3323392107273504,3.512073378533304,3.720471567916458,4.0648325931827145,4.435595573928881,4.739271566423212,5.007581885973163,5.240150939239349,5.54406020520217,5.92526430751036,6.108441967231399,6.178938298574663,6.247566731068242,6.326171715194156,6.405487256075225,6.43407928127371,6.398152238725926,6.437423932652321,6.561305513256875,6.6581419739905146,6.81696990742926,7.042027700521814,7.260762239697222,7.502639202631203,7.717919867479672,7.9500509195594296,8.250177811749975,8.571965830665969,8.800578682531345,9.052592977714035,9.231808734037756,9.44301611806788,9.575511927068808,9.677444154079167,9.62369241441183,9.429357687823881,9.117649151621917,8.657915215546186,8.142701415322607,7.564185588242816,6.955538566679336,6.248675373610759,5.554289973646921,4.7192769168086475,3.8321953409066456,2.974516076915291,2.0141924169205594,1.0440148101549784,0
0,1.007080712585784,1.9632968400396973,2.9194321050118104,3.789252397716222,4.718484442791259,5.576532494651166,6.306718762902407,7.07323932309918,7.753840819529427,8.413019921031607,9.015919080125954,9.550206581838063,9.914392287087914,10.147629607207557,10.208992308970588,10.11049266377231,9.974187724927594,9.74893368416777,9.521550826906598,9.206950010282844,8.899770413937429,8.519264430079703,8.148658883210391,7.860182075484655,7.598702776566964,7.314526404708731,7.071939348716196,6.85407479757931,6.704811755077582,6.633380697679941,6.513874642776293,6.469554815575922,6.488564329238112,6.431687907243871,6.312719648170697,6.1927418314043985,6.083008655713014,5.984371642273256,5.786013201470805,5.402287800625619,5.086513619769062,4.861196013389322,4.585386534696467,4.291885938525737,3.9540933000647556,3.636672758182649,3.4653719887503365,3.348610361065778,3.3316201080471357,3.3720945872383616,3.460538985646359,3.6405230351007587,3.8565611641008113,4.208648092776988,4.592784032432872,4.912396711695824,5.196020794492313,5.445169870090223,5.752698221600568,6.130673944628191,6.302733588568234,6.359306008686529,6.406943971044502,6.459635445307551,6.514903443974146,6.512487810320176,6.448139600538503,6.461195212132199,6.567595469093653,6.652275250518662,6.815330529809096,7.043668894417458,7.25889186884102,7.511300617535117,7.756327756639844,8.022817158442956,8.351051882627502,8.702785908321449,8.963120329596244,9.25138071840048,9.469955921539064,9.707840840678148,9.863754493475248,10.002159675739318,9.974477278097337,9.79810833490793,9.498184183964101,9.040294271664523,8.513372696799033,7.926252556928613,7.293697513203287,6.55860371461186,5.8357304414185815,4.954743180657336,4.002269388096346,3.0959730205099145,2.096944052050181,1.079770985920701,0
0,1.0367405839955066,2.033421526094823,3.0277600167218184,3.938961251931465,4.906062035157737,5.798733946692968,6.544422905148375,7.324842048497839,8.016370579113968,8.669952237775094,9.26942987380617,9.799565297464513,10.147629607207532,10.359680237531617,10.384238223831249,10.2447707234045,10.072461896263144,9.810611324869166,9.539458910135044,9.194327904914642,8.866744072038829,8.465749498256361,8.073814014087526,7.770640609717898,7.499676432702934,7.222486297353279,7.001381992477355,6.802423492405764,6.675354175211407,6.628902743386356,6.548113619155456,6.53354691179507,6.5871982725847795,6.568020300634122,6.483020077968802,6.383029132310136,6.273365741638382,6.177838727680574,5.9714587576935045,5.571625563099172,5.226071146437226,4.971815173143497,4.659659077356563,4.33071710016589,3.9715722042376296,3.6364410946082684,3.4513561023997097,3.3364862762428693,3.3262136061449064,3.3684428420374393,3.4544894266286033,3.6360843598991743,3.867061345113802,4.236470231355086,4.640798173780111,4.992346823198919,5.307441486028723,5.579892846469005,5.913828254140186,6.302216498033086,6.480152492413018,6.532188963903529,6.580534369976657,6.616461055323302,6.642871654561392,6.610608449383605,6.518091297127897,6.509361782871322,6.583151933819996,6.646694527455042,6.793482219872235,7.006678659852524,7.200725607566673,7.442470856200895,7.693397505898062,7.970118085755483,8.314487378352975,8.681856979561518,8.961713655026378,9.277199695459586,9.5372708360881,9.810891295793624,10.003625657679724,10.182107717536766,10.192996550506162,10.041679261389733,9.761815148916531,9.311153971538957,8.787645061759548,8.204331973875776,7.5628888032177075,6.816016836966184,6.076412855142509,5.157870669478896,4.16256248738694,3.2129303015905557,2.1721593126990197,1.1102248927402973,0
0,1.0551656769672164,2.0835413189462786,3.097866444210326,4.0304561326032555,5.02565593405011,5.9324599233796445,6.685529810413913,7.468960801630748,8.166911112661975,8.807280081373785,9.383323648476605,9.884281126657548,10.208992308970533,10.384238223831225,10.380724950113134,10.209594769181273,10.001371739359781,9.704135728721104,9.385340422374354,8.995480112392341,8.648723469479485,8.221947039905622,7.8153085870683565,7.500507503633586,7.220303665496131,6.9514561248280256,6.7511609227574,6.577239293985479,6.4870323277248865,6.471058851981083,6.429221859444265,6.454767172775102,6.5485173695123295,6.577467150226219,6.527940797475709,6.456465485760811,6.3701760603603566,6.294329511216542,6.097731842287709,5.705335552177947,5.343178783338962,5.070137102678097,4.740510476830395,4.400798909657199,4.029546547667272,3.6933219561571957,3.507927522919717,3.393076165632859,3.3750443124948695,3.4178618056975276,3.513578133071961,3.6974017216857638,3.9290294793685203,4.298724059463675,4.711981746438417,5.070519123718766,5.3977963880262845,5.682317524368452,6.028376750420801,6.406244755515369,6.571485664584226,6.602462515857493,6.62957764062665,6.641616265664487,6.638150317971588,6.5661716339018845,6.442872425676837,6.403242140537798,6.442531931165457,6.4800250808909805,6.597024341567062,6.7897622422984325,6.964258877680054,7.196937039409757,7.4552931289715225,7.740031966249518,8.095152261301314,8.48503691949571,8.784187696092978,9.143419919398424,9.449451183024726,9.757918863919016,9.987382508631635,10.197652958429348,10.23963397618406,10.126161968458485,9.870086566425359,9.447822932514951,8.941072063526674,8.363770747040652,7.714298990886982,6.963208995916778,6.212817107220283,5.2780155416858685,4.252054431445076,3.2801356804158326,2.218462282203976,1.1250592589102493,0
0,1.0673280711672755,2.107886015024946,3.1343609696993124,4.072137963214702,5.074533558342759,5.985993815648008,6.72969144392352,7.5046689064031185,8.199564910558715,8.81374216848146,9.360223373110614,9.824392290583546,10.110492663772265,10.244770723404399,10.209594769181324,10.00425095824526,9.762424333983354,9.432591985572431,9.078467946802421,8.65867082671688,8.291821220845543,7.856549222735559,7.453563335244969,7.144626249956799,6.875003018593938,6.625149713733001,6.458198823344769,6.303165871472556,6.23542636728159,6.257926058008882,6.25547839262369,6.315980247727181,6.438893597547451,6.499801825832361,6.470876610167904,6.414727022140038,6.341844097396397,6.272701094696668,6.078825987539836,5.676337705291807,5.29952479210966,5.011422042713813,4.668343272282324,4.324350628943957,3.9553344236548855,3.629346465459115,3.4438805812770754,3.340995971111311,3.3344332178903584,3.3791379252084295,3.4674144054093095,3.642109825678591,3.875270087196898,4.236182070155395,4.645677177424824,5.004456624833746,5.33980589461736,5.631634880510155,5.984755371414003,6.36533909594917,6.522312852666521,6.542645724934799,6.557272771485192,6.558166066639698,6.540665094577277,6.4450284421708846,6.302495394982631,6.237255938838027,6.244797084810286,6.2492263023687915,6.349958097292021,6.528625324092978,6.67239455131027,6.886751307920221,7.13409077655152,7.410225100071078,7.757938498427162,8.152782528864917,8.471254496347662,8.856871678830354,9.19579090332076,9.53259820259621,9.793815323584548,10.035894260113668,10.111009803090896,10.03903798648878,9.822511432612577,9.436718917358425,8.95400076000909,8.39710319678081,7.751432781608773,7.009292566590201,6.266916977828056,5.325599817600252,4.290165707790209,3.3127068906102806,2.2377557825852494,1.1335904398033907,0
0,1.0660635270974934,2.116208984944226,3.1428900907548956,4.075917079037204,5.071033832662052,5.986208332717516,6.725068426418834,7.483491308475275,8.1766041482558,8.765105713462171,9.278597210194295,9.71423454259568,9.974187724927615,10.072461896263164,10.001371739359776,9.762424333983232,9.486392164282393,9.122831110210958,8.734413599941172,8.280186569198223,7.89808428692388,7.448339850313077,7.038602955825693,6.731442327541544,6.463319513283093,6.216292721563647,6.067666149593018,5.937155630977048,5.88648300797457,5.936611789620027,5.968512696761921,6.050638569721313,6.20171768575997,6.295095976925932,6.299074546503951,6.2669684967627415,6.213770921658824,6.156862076696005,5.9615587160481605,5.571674226383083,5.188725965019046,4.900384789422784,4.5636062694471535,4.2194558580598285,3.860149065364515,3.5503106994404,3.372624680379395,3.2733532538290135,3.2751401354737673,3.3202499505880656,3.402030971514424,3.576379069756053,3.801737879082927,4.145082247708405,4.542769851419208,4.89862452249952,5.2227002550148285,5.507729568727657,5.8616975995634055,6.224450295750986,6.3791002973295345,6.385941727121122,6.381970792313335,6.363437797977781,6.32033773364317,6.20050552034379,6.039901016751657,5.964461968580235,5.943780269473385,5.923760210031777,6.012567286144643,6.1702963116620095,6.29639245797703,6.508435837396823,6.755570361046884,7.0307830568149035,7.3854022696412525,7.794793559206983,8.128947622631207,8.546944561402878,8.91668163432994,9.282454747420777,9.573806609140409,9.843684288782656,9.952246914503041,9.913002816558958,9.72022778458207,9.361093147786487,8.904199695525943,8.364996697379324,7.720418548208161,6.993942290864681,6.254470600443057,5.309951388654423,4.281482775714641,3.311017960746708,2.236662851664207,1.1269887840810482,0
0,1.0521081824204979,2.1079056749899157,3.1224155546066488,4.039363782270444,5.023958573792809,5.941219893401814,6.662198826465697,7.394186991471282,8.07714759147474,8.641273704324073,9.11272687707997,9.516693904052987,9.748933684167746,9.810611324869175,9.704135728721093,9.432591985572332,9.122831110210909,8.732208911816892,8.298798006121624,7.814667291115962,7.411437861334956,6.941806314981892,6.523967699305271,6.214050653790226,5.9485491332913645,5.708622326945419,5.5938267916489774,5.484467433994649,5.450082350692009,5.530296370506291,5.595208810781147,5.699353282183977,5.876908044083475,5.999087954010572,6.019995603698134,6.009024180048679,5.973819413342287,5.927595327693854,5.741541621186517,5.365711371682148,4.9846181879299,4.699488940137903,4.362096888973332,4.021313170189617,3.6624521842599025,3.3603112737413565,3.184459578490862,3.094067866849244,3.103609886505834,3.1481692693378256,3.2235417218496756,3.3883643402396837,3.6090267139103567,3.9426837443500573,4.336504928452257,4.685413516133127,5.006966349088135,5.284353150787492,5.634727012154401,5.981511640908992,6.127501653273138,6.125528204470002,6.106345550339047,6.074647322160451,6.023038057469126,5.883417289281731,5.70252964619109,5.612506274024524,5.563084564984278,5.514715323405526,5.590501928936893,5.72795429578748,5.81910311505121,6.023011828040114,6.2644948964104525,6.539640910514618,6.902860324694772,7.334101591792784,7.693480696806333,8.141634339936994,8.554239252346344,8.942747248374744,9.2614483639268,9.560795065068131,9.702363393506248,9.697570797928504,9.528638029113825,9.198558184098873,8.77530263000279,8.252821096752813,7.6167987019233765,6.916219248099573,6.194528097882294,5.2486408693505835,4.231502022911774,3.2777279204837875,2.2165873893935895,1.1053054738555685,0
0,1.0590604602838873,2.130872025311254,3.150430845478105,4.053072604601593,5.027320222873812,5.943064283424961,6.641343946566095,7.347395456381983,8.015886525829018,8.548481067982776,8.979552581529065,9.333696812697086,9.521550826906493,9.539458910135044,9.385340422374359,9.078467946802329,8.734413599941158,8.298798006121658,7.830450226506774,7.32357289420266,6.9022719626223,6.419466736395619,6.002470983647232,5.7063425046448755,5.437716487457115,5.203823236463295,5.109204177467942,5.020704519409821,4.99545725392271,5.098881805182895,5.183458540443678,5.311597180652337,5.510881653828133,5.658396270116641,5.708989912148678,5.709901054842588,5.69390644290939,5.665991053724496,5.493931851680322,5.134217582586291,4.774260983296924,4.502311335210938,4.1804846644573175,3.8427503305904462,3.5113910553220755,3.2234444102232493,3.053503440908296,2.9718018151770975,2.988383777021702,3.031881089873065,3.0968869960361847,3.250511012609043,3.4608721977620696,3.7761742371117433,4.139228748924874,4.4830156536186765,4.787019387684651,5.0497684848240025,5.37960123646005,5.710597362721709,5.845252161092197,5.828065933207923,5.794710288078824,5.758495469940099,5.686038024036769,5.527380750238171,5.331288297625035,5.22174341008961,5.15569541251578,5.085167942409542,5.152575013312119,5.269684018129614,5.340161708869136,5.537304279043715,5.781549522130249,6.0451659450349755,6.409153172328697,6.856483816299829,7.237290999140833,7.708562398338438,8.152627497210736,8.580414198092395,8.926725345229563,9.255121057529587,9.43994935116752,9.472303110960851,9.343485985473707,9.057417236363175,8.667134482156536,8.168425678018682,7.5450034384409275,6.871273323329317,6.173381039774659,5.231959049453936,4.2280209567417115,3.2917327517382455,2.227868057852911,1.1049983474797465,0
0,1.0545429732145861,2.1328524598100014,3.1510459573899605,4.030979535558787,4.983695934469556,5.883633416795499,6.5439782115712655,7.225987369111254,7.866989240241597,8.366723969152886,8.756581433173398,9.062315126894013,9.206950010282684,9.194327904914553,8.995480112392318,8.658670826716884,8.280186569198168,7.814667291115951,7.323572894202579,6.815329638282078,6.38239018175363,5.8944889478648355,5.475955818032006,5.192479667118286,4.936521090713364,4.717724781703487,4.636188083788133,4.55363396988552,4.536645335677733,4.651914935746088,4.754530546413236,4.907025404716093,5.126586769452382,5.290183290849543,5.36406248809201,5.376408596609327,5.373093570143771,5.362956411198624,5.214502919811354,4.886215020038395,4.558705955416809,4.312193683723752,4.011677242532126,3.6910112809687075,3.3798050653674925,3.1054725189363688,2.953817392034339,2.8834332458358687,2.9047087321559157,2.9438474242450305,2.9981678403496375,3.1364663830539072,3.3263108270877813,3.626030039620826,3.9675083588408167,4.291838739620148,4.57367104901161,4.809730440936951,5.109704930250346,5.411082946047796,5.524711653075324,5.492723159309309,5.451496924565154,5.411405617366744,5.322261577510582,5.154565502555027,4.9455426980199,4.814759906278919,4.730499489390278,4.645572462866921,4.70435036145377,4.8165760222437655,4.873511212283196,5.055233509342691,5.288686014768111,5.538136543123206,5.903418172589702,6.357778482889271,6.754703758141251,7.229610669537453,7.694167096569946,8.147661528058343,8.522444989180423,8.877163322927693,9.102465678190416,9.160941924938252,9.070355900672121,8.827029165715784,8.470970205259128,7.998045686794127,7.398034714717236,6.747275321103116,6.0875155941114,5.163472026698422,4.185255122735178,3.273167652962305,2.2130679366353028,1.0901898123867502,0
0,1.040558974027149,2.115865469921006,3.1182770496712386,3.9679709030284607,4.9036062332270705,5.7775438417673595,6.415266912879622,7.076479279408309,7.703726110920706,8.177870753130016,8.530406919833007,8.789393359110244,8.899770413937345,8.866744072038761,8.648723469479375,8.291821220845398,7.898084286923707,7.4114378613349485,6.902271962622296,6.382390181753654,5.950667430214266,5.455021942209811,5.029191957115349,4.751721775124038,4.5020532851670385,4.294873118634472,4.224390048918479,4.152564995881642,4.135415847400138,4.2653724597279465,4.390991516952609,4.5605417343651915,4.791503491924057,4.962935434509378,5.056974327604551,5.082141983462764,5.091841850795917,5.101748974157633,4.971795203677501,4.668663764127393,4.362834213970199,4.139495177279603,3.8640768298815518,3.560419612156741,3.2651795500967267,3.0034115882657084,2.8563833143754596,2.7833196133951468,2.8113364186481995,2.8466878823291917,2.8870297781450267,3.022856885255555,3.2051492971083997,3.4915597068814828,3.815518157950083,4.122721800244286,4.380514883482422,4.59477503462978,4.8746001567335915,5.155837189583593,5.253587649253497,5.206774214444494,5.158852503470613,5.112678728319662,5.0089551472653495,4.838631327468456,4.620943035009599,4.472800641437442,4.364243278893726,4.2596992367943045,4.312745125161666,4.411493617647861,4.455983471685474,4.627184570751289,4.855785365968553,5.100146194430551,5.47344287150291,5.94020755820478,6.34088161260518,6.833265952499488,7.316069692002618,7.78843501591084,8.175067260014446,8.548128594611143,8.789801405115673,8.864648340732074,8.80181090943429,8.59898269218162,8.273366951188011,7.817894120713524,7.225927939280103,6.5926082169797375,5.955891206866892,5.060793778389042,4.103894320035878,3.2236199341815843,2.17983715846981,1.0663017235970207,0
0,1.0242423539592242,2.0800020831301076,3.0631558816488424,3.876827311174115,4.771776689713233,5.609121575325419,6.212680957547093,6.847036474768518,7.452986661580122,7.902367996712931,8.215716161089675,8.443199497395641,8.519264430079614,8.465749498256342,8.22194703990549,7.856549222735357,7.448339850312977,6.941806314981721,6.419466736395586,5.894488947864883,5.4550219422097985,4.964126156313352,4.543443595150331,4.2882627348921565,4.057663008417009,3.8616794933698193,3.79751950330992,3.731676435001979,3.7107209927901903,3.848572615711511,3.984313385158176,4.162670991651714,4.404780267532137,4.5794457661745325,4.6842506924012906,4.710671237572639,4.730657864616972,4.7518681709272235,4.636422750787538,4.350299397442499,4.06741762988054,3.8641031098872425,3.613183037403449,3.3272725549567332,3.0508786658195524,2.8146271161670837,2.684573532914564,2.6173702095939633,2.6469512597462956,2.680399480191909,2.7154953424774857,2.841018188067128,3.006126672800056,3.265063865280321,3.5698237784878883,3.8607699136239564,4.094832678700588,4.290944332424316,4.548014036556541,4.813731700555015,4.899278871497571,4.844765290750943,4.792308676168839,4.74922084907227,4.638123961640973,4.467518301691678,4.241367717881664,4.082546466279819,3.961460812599572,3.8436196631230097,3.895377015975472,3.984934083072995,4.022381229390742,4.183320532664905,4.395344882485244,4.6198998937836135,4.988845127110458,5.455916378197269,5.869701269033415,6.372538152504149,6.870942558260584,7.362412759010617,7.761627553623369,8.139362733801233,8.402916028479968,8.493761359698464,8.46010193206,8.282945156657268,7.988494897029268,7.548744492211341,6.973241210095294,6.365072744419601,5.762299441381659,4.906519920463335,3.9931671857080184,3.151424493254216,2.1292974199967087,1.0406474196875761,0
0,1.0125885262503491,2.0540210882395478,3.0244000730449487,3.8002659369195047,4.658934378698737,5.4625541025413735,6.038205586201023,6.642135900691092,7.21699548202073,7.637889909099877,7.909792153775515,8.104261912603834,8.1486588832103,8.073814014087493,7.815308587068424,7.4535633352449695,7.038602955825598,6.523967699305167,6.002470983647214,5.475955818032078,5.029191957115353,4.543443595150349,4.136981711137724,3.908244648308924,3.678589704420567,3.481128099933464,3.4057649629024525,3.335339685906993,3.3008251182720363,3.4260192436855346,3.5544714699704247,3.7232341657565757,3.9578694820000346,4.128971438380643,4.236919717738541,4.264345806340682,4.293047138128873,4.322174060786459,4.233248393821327,3.9766035408301845,3.737925566898933,3.557739107096304,3.325002814818208,3.072053069611066,2.833875652487518,2.629576217357418,2.523231557536582,2.4640634739553335,2.496474637506858,2.5277069249044968,2.557982026890424,2.6730492372516212,2.815732246913336,3.0430510257993673,3.3094278206424987,3.569354599599772,3.7844386873222002,3.9598535184987074,4.173808337079311,4.409672793426394,4.470678587845579,4.41065787261019,4.352234609957797,4.311881427130563,4.199716341854951,4.034261135134469,3.8188244154142965,3.6667347346131574,3.549023834597295,3.43851332495244,3.5009001217332547,3.592214083203394,3.641620725376933,3.808453351843757,4.023129063557393,4.225459980278695,4.582229290751688,5.049168270612386,5.47465117876676,5.983351070671736,6.481514607271728,6.980191786016181,7.385046477882408,7.756145064100998,8.029529550715006,8.135499691127137,8.12637110643389,7.971629245889516,7.707061061305567,7.285877247231279,6.735320149473562,6.153387417672791,5.578037913068828,4.75985450784836,3.887960564231316,3.0896303959974154,2.0853179962870674,1.0175063065509389,0
0,1.0174645762269248,2.05133019613229,3.017573331450039,3.7662276852329573,4.601060399563932,5.381762452956441,5.94003268614555,6.519064591614636,7.0678725821716935,7.46331939835099,7.697483534898388,7.851379148976781,7.860182075484571,7.770640609717791,7.500507503633547,7.144626249956714,6.7314423275415,6.214050653790201,5.706342504644878,5.192479667118324,4.751721775124071,4.288262734892157,3.9082446483089397,3.715882377917937,3.4866079958623515,3.2802033521939133,3.1796978614778464,3.0870196987586684,3.030758726126723,3.1403722918443893,3.2517578859202168,3.4044602738887737,3.6289391758525364,3.775368925425711,3.8677594817960115,3.8835364094126223,3.9035035033418666,3.926802402660071,3.8381503688184333,3.582193187581728,3.3598544013565417,3.191136315398312,2.9640815755996432,2.7251405405291553,2.521762454348275,2.349190200334186,2.2739149155372775,2.228550150753737,2.2663722456569464,2.297232026092482,2.3229115081327816,2.4252514941227012,2.5389277494173976,2.7348405109795473,2.9677189580948893,3.215627853048698,3.4257275192096066,3.592153313024726,3.790442469452996,4.027471198052489,4.090358775476926,4.039356323345479,3.9915097671365127,3.9639513445231254,3.8680090326037506,3.7273941450022554,3.521527119847912,3.3833082294468686,3.280386699262121,3.179726004383866,3.25929218962985,3.367934020614937,3.4402910877080206,3.615200648183381,3.8301231156920346,3.997689052637253,4.3269603910409,4.773883297450444,5.196836643965748,5.699535590579669,6.185776819233013,6.687009614675442,7.089547770070354,7.454860958391945,7.737028783283727,7.854742381243209,7.873659426947122,7.752552920432792,7.520318589928421,7.118108690025157,6.588490100252726,6.025657746021011,5.467210492611144,4.673435031393805,3.8303173093769876,3.0634746453735175,2.0658153999126276,1.011464519229546,0
0,1.0125255006641896,2.0322368030740154,2.992064208348756,3.722038972545702,4.540297597679667,5.305268224237608,5.837272278322132,6.402936100919542,6.934167992212769,7.306202499022397,7.50313462157357,7.622692146604616,7.598702776566796,7.499676432702803,7.220303665496114,6.875003018593859,6.463319513283005,5.948549133291268,5.437716487457073,4.936521090713326,4.50205328516701,4.057663008416948,3.6785897044205442,3.486607995862321,3.2296344742307737,2.9988158792469917,2.8752616082631657,2.7655060534825258,2.6809935946776484,2.7774205185338245,2.8690607374899355,3.000319211492113,3.222061059020193,3.359389316822693,3.458581672567459,3.4830534390067642,3.5222195709170503,3.554426735964012,3.487466883405795,3.2551962178813505,3.0573249094544503,2.915222257333341,2.7296970949797563,2.535536169131159,2.3900429409307296,2.2616478053042335,2.226816279991874,2.1796778805676538,2.218884705376418,2.2489971503296444,2.2698881741872583,2.3710790592634488,2.4454014919309155,2.5954262622390676,2.772153836557269,2.9771187506596557,3.1486208916872824,3.2910957820226523,3.4685848034757853,3.6873245481736534,3.7325538136125362,3.675918208675618,3.6124449386949027,3.5796171109685053,3.4798437686511727,3.346630023118765,3.1431225011239405,3.0224184011668354,2.934778216342347,2.841136167316865,2.941895506694,3.062094027887273,3.15691520968906,3.3554873613550886,3.6008256697693963,3.7703896704623014,4.099843462447711,4.5312122938687205,4.951391886049707,5.446686343123488,5.939226709008037,6.439431935471878,6.839800618211366,7.19538068690693,7.484243735159499,7.605462936934746,7.649569050385371,7.553998266478005,7.351344333061053,6.964298393765665,6.445302796484748,5.891174357322387,5.358495437103025,4.581818095602459,3.761604526255067,3.0174879096027314,2.029971904027664,0.997570746232577,0
0,0.999254449158518,1.9984384687067842,2.9381262119994416,3.646680181170745,4.444650700053369,5.183957126110847,5.687421956833184,6.228920102895898,6.737302100161904,7.083078589475696,7.2538899211571755,7.352818177757645,7.314526404708649,7.222486297353229,6.951456124827978,6.625149713732957,6.216292721563583,5.708622326945376,5.203823236463306,4.717724781703448,4.294873118634449,3.8616794933698055,3.4811280999334997,3.2802033521938405,2.9988158792469957,2.7521001907159484,2.6092065292260247,2.48878817972426,2.381980581612535,2.469521731576366,2.5342190236029216,2.643971331157904,2.8475081688616704,2.9675446008553648,3.062118289721349,3.0792274655773086,3.1405588390152506,3.1938152648425975,3.1598359851341367,2.9544571962913317,2.79881834198508,2.7062459940967254,2.5750771306089666,2.4291157434161863,2.3382398817756123,2.253563010938403,2.252835173731736,2.210231741848596,2.2481865308907745,2.277371806738145,2.2964718041267767,2.3894046837863345,2.429801287902579,2.5381411572171473,2.6633537502022215,2.8210525210623243,2.9419046655894885,3.0393279770343025,3.176376429350904,3.373030955264025,3.3894021308046502,3.3154431844006624,3.233390196416311,3.2095295303909888,3.1159127737953582,2.998005879978231,2.8113258559961567,2.705717152160969,2.6399576912107365,2.548799574576825,2.665909368547585,2.7902383101948764,2.9020750993832145,3.118938783689174,3.388517232908418,3.5662370202231837,3.8953382363918507,4.3177556181450525,4.7286933377378295,5.214822544221491,5.708253859093607,6.20489372120848,6.604936966749328,6.944229749671886,7.224435692440759,7.336093654804709,7.388037975040024,7.304794112346364,7.120339241628925,6.751142083764058,6.248262899854022,5.710291793774485,5.205006818751975,4.455617064192302,3.658126352066207,2.9395705524959617,1.9765733411545352,0.9739411482579688,0
0,0.9754376882144632,1.939412859725632,2.841707680726586,3.530218316135898,4.296491505048435,5.006032859747295,5.489937636998379,6.016413332804997,6.512612116885498,6.846273308977159,7.014280983295619,7.107765030066565,7.0719393487161195,7.001381992477266,6.751160922757329,6.4581988233447065,6.067666149592974,5.59382679164896,5.109204177467881,4.636188083788028,4.224390048918337,3.797519503309913,3.4057649629024254,3.179697861477831,2.8752616082631386,2.609206529226028,2.4247989181737224,2.277137729934648,2.143007822139238,2.202515382459864,2.241716357293896,2.3306305311043096,2.523157281414745,2.6284244358017665,2.727827233271636,2.7514137846914637,2.838448118653716,2.9181018950930837,2.91995073727677,2.763038316146882,2.6592036358814974,2.628883963402742,2.5573456495702516,2.470844835997051,2.434304247585788,2.383441976487331,2.417034993941393,2.3804211671407702,2.4267587690636017,2.4533963250035167,2.461684062017434,2.54661439324992,2.550002207624276,2.622774717026491,2.694228814233148,2.7939524501182613,2.8611796906126234,2.9025462382438354,2.993078983598182,3.147056242593504,3.1329352206231205,3.0382808056425916,2.936325042026936,2.9080390620152463,2.808873304768802,2.702932788549165,2.52312898060095,2.433032523055795,2.3867207386290183,2.3142208019477204,2.4510101340378974,2.5949172926896202,2.7450498867053783,2.981336789255815,3.2750279127480137,3.4791638771807025,3.8213802598616478,4.241008435559402,4.645461898452435,5.12403471909168,5.6029753989745155,6.070724209028336,6.45682998761471,6.764865988528156,7.023175518498868,7.109329357658439,7.151380057296659,7.064517482191556,6.876317487357222,6.512330300260692,6.0140342501867305,5.484676139202751,4.998442825744068,4.280652204960576,3.517972123129492,2.8244738024662897,1.9036779743874535,0.9430965229923478,0
0,0.9563223641635875,1.885043796277455,2.7594604748113625,3.41867132388261,4.1582881542029035,4.832479863879287,5.298964441271942,5.820453500245397,6.316054429226704,6.63993059291346,6.806993195037775,6.888316635154808,6.854074797579221,6.802423492405659,6.577239293985483,6.30316587147258,5.937155630977018,5.4844674339946575,5.020704519409723,4.5536339698854675,4.1525649958815745,3.7316764350019733,3.3353396859069537,3.0870196987586804,2.7655060534825786,2.4887881797242777,2.277137729934711,2.096380557318938,1.946935020084827,1.9927156423650954,2.0107845773313113,2.081204466707746,2.2627558002764263,2.3562149108954724,2.4526257487872583,2.4790966554968907,2.577469300979219,2.677777294844167,2.706057924817398,2.59689649377826,2.534095183269154,2.5610860909513926,2.5416551268869823,2.5133470763366943,2.524729632947837,2.5075961248303766,2.572807054691036,2.5498726573250763,2.5920343378888075,2.618274618105134,2.629017976708283,2.700216073416965,2.671075946570343,2.708531048092777,2.7306108507003275,2.7722613659028195,2.7907515289760156,2.7789187709596064,2.8299073385751816,2.9413510501118867,2.9034245135119705,2.79364188986132,2.685663049044813,2.65714782498043,2.560287365115524,2.466270816583037,2.2946124722831915,2.220427941720698,2.191484340391535,2.1273725808121626,2.274325604885449,2.447419002793809,2.6223299422334607,2.8671960028475736,3.17448400830592,3.3983512817117116,3.7436829838373384,4.158360524800714,4.553780220374758,5.031756461038211,5.494931852419307,5.947463443306636,6.314137765402816,6.605827575972266,6.837504385555107,6.903107856134017,6.938794980412864,6.8592752774759935,6.66854993934753,6.309588903605549,5.806666181869871,5.277876375350063,4.8072509128218455,4.124504393216152,3.388560187854829,2.7273228514943777,1.8386072533210904,0.9186095071816427,0
0,0.9401089647248355,1.837881098603363,2.6904175064220723,3.323795771053316,4.040174632474228,4.688316450064965,5.143084739847489,5.665046836113398,6.155694729812698,6.4911030239320056,6.654080245683526,6.735481109377432,6.704811755077545,6.675354175211371,6.4870323277248305,6.235426367281596,5.886483007974513,5.450082350692033,4.995457253922739,4.536645335677644,4.135415847400039,3.7107209927901743,3.3008251182719897,3.0307587261267446,2.6809935946776133,2.3819805816125568,2.1430078221392543,1.9469350200848377,1.7905652457577625,1.811805642920724,1.8070105665643361,1.8597193136235208,2.034076871440778,2.1184067678640766,2.2153542197907914,2.2611137501595318,2.381363662151181,2.5038513189012623,2.5658157168469167,2.490971159021141,2.462728325009763,2.5351603555191864,2.5561835714013945,2.5797123801046093,2.6341835218823793,2.6415808037243953,2.73273954164203,2.706897305131286,2.7335518990939476,2.7562037204194443,2.7755802738009496,2.8462579532816004,2.7884734636257535,2.7974119027237068,2.7765413427776697,2.768518818696465,2.7501512694971706,2.6950422095603965,2.714800882094514,2.7971935688959952,2.732423407178562,2.607917183462581,2.484939985989963,2.442120037643792,2.3470687343569496,2.2614360328437044,2.094721868941928,2.035543883007634,2.0277097688735455,1.9846171595489162,2.133460093383917,2.319244166568899,2.520577177963302,2.7857486296055507,3.11822601019215,3.361190953257568,3.717205403995037,4.133861820062717,4.530738691648262,5.005353774164145,5.466645944375735,5.907652943048308,6.260503960514794,6.530824755594638,6.725478074567444,6.766911940214656,6.795393260668475,6.7109271930721635,6.523764332922935,6.15190729913869,5.648324222444851,5.114261470663884,4.653079159335249,3.9961041184504746,3.28151302133085,2.6471075040066023,1.7816536125835618,0.8974553076425559,0
0,0.9263245988370998,1.8016064906263305,2.63323569592159,3.2558996994715224,3.9527946804063534,4.581758584397493,5.030565023354189,5.546093808896394,6.0349557322584655,6.379544275812722,6.545612286037215,6.645263394410575,6.633380697679879,6.628902743386315,6.471058851981096,6.257926058008835,5.93661178962001,5.530296370506287,5.098881805182891,4.651914935745995,4.2653724597278915,3.84857261571152,3.4260192436854457,3.1403722918443684,2.777420518533843,2.4695217315763642,2.20251538245982,1.992715642365034,1.8118056429207665,1.8009520023534529,1.7647639006194633,1.7806223153580298,1.9276106481433684,1.9902292847063612,2.080588309202124,2.11544834520831,2.227227437186623,2.3519255701198336,2.4226146497418646,2.3564998390532677,2.342798982722783,2.432507791759498,2.4723892662981806,2.523771382991558,2.613649283943115,2.6405930285032753,2.748619493835634,2.7143525917976357,2.7318079274730764,2.7515149208033307,2.773051431686593,2.8467854305167415,2.7687420422510485,2.7556249344907435,2.7009879130413172,2.6656825511589197,2.630167753385229,2.5615128857697,2.5713529717819017,2.6490524573935343,2.582711027543531,2.4635579878865768,2.355740920096106,2.3265617945108654,2.241928523183069,2.1772849284339157,2.03553973750347,2.011211233990267,2.0328418422289953,2.0187238279881834,2.187683748524233,2.3832091072863717,2.6113738296274427,2.8835842389799664,3.2269577896165518,3.481497321458852,3.8443823340408425,4.251477972470455,4.634697169798913,5.100626079409724,5.546166699348766,5.961823047060856,6.290963841843011,6.525354309667754,6.693801928295891,6.710945036162954,6.719799419920292,6.6157535742087665,6.425688356228261,6.043209299617472,5.538190506410548,5.006749450372024,4.5493212713790525,3.9115145166610676,3.2143527537990906,2.588379505274044,1.7418256859239785,0.8829315292514424,0
0,0.9025879470313536,1.7484443188063874,2.549719428861591,3.152727293945928,3.83176045747311,4.439858237228613,4.880860367129136,5.391412987276612,5.871683943963542,6.204990458197135,6.387628291418421,6.5015862438010785,6.513874642776241,6.548113619155419,6.429221859444215,6.255478392623638,5.968512696761841,5.595208810781117,5.1834585404435884,4.754530546413194,4.39099151695257,3.9843133851581736,3.554471469970404,3.251757885920173,2.869060737489862,2.5342190236029354,2.241716357293972,2.010784577331327,1.8070105665643201,1.7647639006194782,1.6839271932158875,1.6601896477582336,1.767329401470282,1.7983103695383404,1.8730817416039576,1.8997849741658297,1.9994354132280263,2.1256323381406617,2.214531275552268,2.1596593434833595,2.1706780904843916,2.2868078584001603,2.348366617834631,2.438950298817943,2.5670227118764424,2.628409241895134,2.7531579209800485,2.7228651091030387,2.7326526355844516,2.7473889790033117,2.7693819817599676,2.8334024965100792,2.7345108663224065,2.6844419092380374,2.590708141141536,2.5162711909825903,2.458761951881927,2.3656140053544243,2.3537192835222145,2.424496920221452,2.345940461955881,2.232129439335665,2.143786697402668,2.127969439807107,2.062130751991804,2.03122961613059,1.9294818882259261,1.9435830740885425,2.00813734734569,2.0229090501046754,2.2128068349107926,2.427207342802849,2.6811224528078865,2.98010281906141,3.342608324264157,3.6114625364594377,3.977052390970307,4.371352139011274,4.732504158005991,5.183542519024994,5.6160397505762125,6.004870441490644,6.305619401033435,6.504432551794373,6.635710120107401,6.6173212044780545,6.602668589392697,6.482363790240649,6.274058426633694,5.901273387565274,5.401047235719987,4.870920441972325,4.420951757541857,3.8011561362980655,3.1188484355652317,2.509262959899962,1.6915472915363476,0.8607455208257909,0
0,0.8800705021957128,1.7042413989123055,2.4862463408303777,3.0752995711150137,3.7378415953629096,4.326741277615487,4.763494457810083,5.266968163536396,5.737470424467223,6.073882950903455,6.28222471005903,6.4231349779732625,6.46955481557585,6.5335469117951,6.454767172775135,6.315980247727166,6.050638569721308,5.699353282184001,5.311597180652271,4.907025404716078,4.560541734365126,4.162670991651682,3.723234165756493,3.4044602738887106,3.000319211492049,2.6439713311577733,2.330630531104236,2.0812044667077196,1.8597193136234813,1.7806223153580325,1.6601896477581846,1.5950718890810203,1.6664890430573458,1.6791194498526907,1.736625947625327,1.7482242673475665,1.8415937046049466,1.9696529485520076,2.0591600100295144,2.0024357794049754,2.021793065962226,2.1525429528344246,2.2354331894980954,2.346361626762983,2.492227782410756,2.5717972356541394,2.6983365265945336,2.661025934128715,2.664144796377565,2.673265261424198,2.690911517229781,2.751411293778817,2.644629394904056,2.5735012352312747,2.460841419506138,2.366646187188459,2.2883328215278422,2.1834991623913753,2.1687620506398106,2.246692413190267,2.175014213947832,2.0676207794888186,1.993703545397707,2.0013162012291046,1.9586582488235385,1.9486208962333231,1.883223225958422,1.9364712289159327,2.0390510596397453,2.0877221100997754,2.292413261406422,2.5228324114005583,2.7983931243066573,3.1186524724546767,3.5011772556882286,3.781627485187907,4.153047899086872,4.535713560772674,4.880080576209027,5.309837251529249,5.72394119044359,6.096134327354867,6.38089865051099,6.548824691835035,6.644176462459936,6.598658946280661,6.552848069778052,6.40563493948911,6.173424614901346,5.798438249461141,5.306691325542343,4.781713507992645,4.334199375454675,3.7306482554389615,3.0601480610531953,2.4586007565127583,1.6563523529394923,0.8440341286639085,0
0,0.866402088937753,1.6701238646963177,2.435141006704381,3.0126199246583254,3.6493723645406764,4.221053841772667,4.661510185484484,5.169883961001707,5.645111921215261,5.993945244475454,6.22972656279302,6.406634182811111,6.488564329238077,6.58719827258472,6.548517369512339,6.438893597547441,6.20171768575989,5.876908044083523,5.510881653828087,5.126586769452324,4.791503491923931,4.404780267532034,3.9578694820000213,3.6289391758525467,3.222061059020187,2.847508168861644,2.523157281414625,2.262755800276362,2.034076871440751,1.9276106481433337,1.7673294014703052,1.6664890430574375,1.707635809847081,1.6971610451467065,1.7323882683267426,1.7282949464403186,1.7989054000691052,1.9084158523667234,1.9770382542681215,1.9029228548576769,1.9071070961294185,2.033120622163309,2.1191450313116107,2.2245132819021465,2.368778136405683,2.4506572794180363,2.5581041084250864,2.508207673880376,2.4874384770932476,2.491169935994426,2.522337234866943,2.584484163585662,2.4878059779274486,2.410342768227226,2.2993903850424977,2.209685581305443,2.1293069057127716,2.0332371861601786,2.038347447477566,2.1395711347823636,2.097678850571586,2.0181691810382514,1.9763521872123917,2.0074631239826375,1.9921099415208068,2.009268725090504,1.975322516477773,2.063922956729566,2.2068632431149062,2.282101343730755,2.491304186826026,2.7312964473544743,3.0176785923837275,3.353614598765222,3.7349934367875486,4.018135183277867,4.393471232047709,4.760403376919683,5.089972345492303,5.500489918587165,5.895849737357917,6.244062346531607,6.505241990968077,6.648149216473124,6.706661679120167,6.631291274892412,6.55434733172201,6.37412356841271,6.117710991473428,5.733189106793861,5.236782318029448,4.706116393658519,4.255224490180208,3.667015736142208,3.0173884885321827,2.4215002874865523,1.6331118771593998,0.836362813851321,0
0,0.8242190144872686,1.5870118589989817,2.31350198416732,2.8719059758246885,3.482798987157077,4.0339000527365005,4.475374829284626,4.993701932765786,5.474303826612545,5.834389003472665,6.105229307942475,6.313586715674501,6.431687907243817,6.568020300634027,6.577467150226231,6.499801825832289,6.2950959769257935,5.9990879540105135,5.658396270116498,5.290183290849426,4.962935434509223,4.579445766174417,4.128971438380626,3.775368925425739,3.359389316822676,2.967544600855327,2.628424435801755,2.35621491089543,2.1184067678640024,1.9902292847062906,1.7983103695382407,1.679119449852667,1.6971610451466719,1.66938134959859,1.6906413194908179,1.687791259391742,1.7536884983282588,1.853255501621328,1.913020013655403,1.8364652704292384,1.8426254577354964,1.9596577894481348,2.051596116261126,2.1663826345432047,2.3162916789335464,2.4068929982966933,2.507035217233397,2.4487341843861223,2.4154707258135906,2.4140320838045253,2.4471241652845284,2.5071787766909965,2.4076894898284023,2.3179317081540347,2.198205474848927,2.099072827814485,2.0148714800284364,1.9300794186432781,1.9366052299345395,2.041834171610588,2.0170900437788553,1.9581766424470393,1.9299838659300326,1.967997458081442,1.9732990568742461,2.0115963914610875,2.002452188385224,2.1105236960286655,2.286053246420979,2.3860011361395723,2.604169215899113,2.856803068417239,3.1583897041772437,3.5115515883173734,3.8980528693055256,4.200702127739019,4.580032256365975,4.939466448073682,5.257440777910698,5.649622154036436,6.021083545018097,6.343471044487937,6.57294854355156,6.684610024439983,6.696181836408745,6.582442984330686,6.471330413614149,6.260661813562938,5.969536891076474,5.575634954824423,5.07310938629494,4.533407570971661,4.081943961645317,3.513069992270099,2.8857628075803308,2.3040467262321287,1.555502992427155,0.7977909414940281,0
0,0.7701934971229768,1.4818924618354332,2.1659953487718226,2.703048301266892,3.2833963166287585,3.8144813588152493,4.247284287965298,4.76837235657558,5.246058241244689,5.612335495960569,5.918549365486246,6.16481461765617,6.312719648170561,6.483020077968724,6.527940797475594,6.470876610167743,6.299074546503882,6.019995603697978,5.7089899121485175,5.364062488091895,5.056974327604473,4.68425069240119,4.236919717738622,3.867759481796021,3.4585816725674414,3.0621182897213695,2.727827233271661,2.4526257487871903,2.2153542197907052,2.0805883092020174,1.873081741603901,1.7366259476253463,1.7323882683267107,1.690641319490807,1.6958575557977134,1.6913119500734732,1.738790882185805,1.8244647091524295,1.860989366867129,1.7657664635447958,1.7575920513276835,1.8605584919863036,1.9528439443685088,2.0711771404299077,2.2164887734985625,2.3066563937825957,2.3858128204382365,2.3226596643426407,2.278488773832373,2.2728384393551786,2.308161133960255,2.36498504958279,2.2778345282050596,2.185976130208876,2.0678434178700034,1.9671940945112303,1.8871946106083903,1.8195937150853991,1.8435989498308007,1.9683176578926063,1.9727281472503022,1.9361847594556147,1.9342799294044355,1.9803919768974398,2.0050881715699753,2.060617816336457,2.072382670315677,2.1971653264443733,2.38732833452331,2.495365121906359,2.7126628924986007,2.9706371094855606,3.266220985111449,3.6235277161405612,3.9978186726929357,4.313174242433575,4.689584416681844,5.033552219119913,5.325709218710131,5.690341977899352,6.034054964009443,6.343241737942193,6.542974359671897,6.636515105137455,6.615696669928092,6.472477898997863,6.335899323119517,6.09089769029888,5.768316073207509,5.372695860443025,4.874050802257963,4.335489178116135,3.892998501126514,3.342706422049031,2.739656368933848,2.1741661964785806,1.4652391718708069,0.7532589730978376,0
0,0.7231900083320436,1.391692299340391,2.025460365201123,2.5385267331842045,3.0841062375710075,3.6013174280406806,4.038187988455699,4.566711437559166,5.0368002559516905,5.415164943585336,5.738467293780163,6.014775039278252,6.192741831404358,6.38302913231003,6.456465485760743,6.414727022139948,6.266968496762644,6.0090241800486055,5.709901054842587,5.376408596609249,5.082141983462665,4.710671237572557,4.264345806340679,3.8835364094127507,3.4830534390067944,3.0792274655773024,2.7514137846914624,2.4790966554968543,2.261113750159463,2.115448345208323,1.899784974165774,1.748224267347474,1.7282949464402246,1.6877912593917588,1.6913119500734086,1.7069502701493517,1.7509072265353507,1.8388822316136082,1.864998433106001,1.7721154765495344,1.760909270801642,1.8706024973308693,1.9719441765816645,2.1047085706838042,2.24960841703636,2.344598023722107,2.4136458101465075,2.3526497868315923,2.293273531086729,2.282226371586942,2.3230076883839987,2.369918666718696,2.284915137948349,2.1838952147387563,2.0637141731823525,1.950860461410674,1.8661030227415218,1.7933658656325129,1.8246223837450166,1.9505912361487643,1.972283934306679,1.9418810780746139,1.9513188854262364,1.9832602691924284,2.0108866172315176,2.0676653715188467,2.092563582586913,2.2318297673309084,2.426908271361222,2.5480994491539857,2.7468352258077657,3.0065762112824697,3.2981116768633263,3.6624198706072812,4.025149342328673,4.350298501619138,4.726675497484262,5.064662630570407,5.3392294863455545,5.6899554282056455,6.02262933519683,6.3150050203706085,6.4939064920674525,6.573096697732854,6.5253738281649944,6.36713937106417,6.206192202742084,5.933867601024808,5.597428245388057,5.19619244803197,4.704711121578617,4.164526684785631,3.719358706766185,3.1810961855708144,2.606594787775731,2.0599575159888692,1.3963253527636679,0.7178489055661765,0
0,0.683270765812495,1.3168825112237816,1.9161426561362216,2.4156690133771277,2.9380821259244465,3.438444994324822,3.8781826549497103,4.401356273298564,4.864724548861839,5.249014016114698,5.591422668906141,5.882335379720376,6.083008655712987,6.273365741638308,6.370176060360254,6.341844097396252,6.213770921658686,5.973819413342174,5.693906442909343,5.373093570143654,5.0918418507959124,4.730657864616966,4.2930471381288795,3.9035035033420273,3.522219570917183,3.140558839015375,2.8384481186537367,2.5774693009791587,2.3813636621511822,2.2272274371866927,1.99943541322803,1.8415937046049378,1.7989054000690656,1.753688498328298,1.7387908821858182,1.7509072265354186,1.7820185220665674,1.8585204919052296,1.8709797389575746,1.773908280573621,1.7614711593669712,1.8643003297433827,1.9768795646978723,2.1230617496932123,2.263300675086786,2.354746590388377,2.411801555590845,2.3604854895147915,2.2889396125925923,2.276032520190775,2.3223487527062865,2.3538505271950827,2.276275940304914,2.1766832632940747,2.057458542880956,1.9301708316129327,1.834195735595546,1.768275377936242,1.80278987977456,1.9336614703904134,1.973098000211388,1.9600395215901354,1.9884647176459527,2.0289465869587766,2.078461241947986,2.14265932513235,2.189798490479442,2.3367770735065023,2.544471412244959,2.6798990967340983,2.8597958693151226,3.111384281622774,3.381515756968418,3.7232371957943857,4.062583447833981,4.389891543588008,4.7539837856622675,5.07540932006427,5.33248828640162,5.665714235092167,5.978029938162098,6.25552550905941,6.418448909173794,6.4865662636050745,6.419010320419889,6.265178618041059,6.0879610892241285,5.806079367950743,5.455248445534619,5.0544965682874246,4.572060700449236,4.041375016785929,3.59543217136516,3.0712587047196345,2.5157774230222336,1.9768014902310922,1.343326199176697,0.6898086596707702,0
0,0.6479830353020383,1.252030083708138,1.8303555316045745,2.328414815978573,2.83386316127016,3.3155381603289773,3.7569744823656563,4.275710105092064,4.734863699317628,5.113333142358763,5.473693152271692,5.768961931565487,5.984371642273132,6.1778387276803945,6.294329511216414,6.272701094696518,6.156862076695748,5.927595327693701,5.665991053724409,5.362956411198535,5.101748974157601,4.751868170927195,4.322174060786352,3.9268024026601145,3.554426735964084,3.193815264842577,2.9181018950930135,2.6777772948441196,2.503851318901211,2.351925570119821,2.125632338140654,1.969652948552056,1.9084158523667827,1.8532555016213859,1.8244647091524813,1.8388822316136197,1.858520491905239,1.9190580373073076,1.922325915506355,1.8169485040362883,1.7971497065596955,1.889504624661371,2.012698342292554,2.165820262461607,2.2995638276165202,2.3711934060243953,2.4045701057896403,2.349893012847494,2.2677826095855136,2.252074281990134,2.3028380301160336,2.3336235410114425,2.2753656545279184,2.1935096792076036,2.0759289701242625,1.940858323504743,1.835629666695257,1.7780769971097246,1.8203002350755808,1.959739028032626,2.011306033558794,2.0181451683953475,2.065549722624209,2.1085430092130393,2.1753543084541604,2.2542613728783274,2.323782648478438,2.4725315894129025,2.6813176890914465,2.8177674232210275,2.977693643778278,3.2105889805470564,3.4578340449273783,3.7777068652980943,4.1055121805776835,4.43556503502652,4.791582206382267,5.095050479110654,5.3277785624096525,5.638270101522317,5.93083333673155,6.197767342648509,6.351073876129268,6.413003399541739,6.327982204048348,6.174989869481645,5.989332191313019,5.707438100886725,5.344391152607534,4.954724219230766,4.478950942405782,3.9543673818853184,3.5094988538945993,3.002223045831351,2.460074162970614,1.9169064827436852,1.3000186095103738,0.6665301675611902,0
0,0.607570472047799,1.1855979322330077,1.7334653276261056,2.2282057268356965,2.7128021279279864,3.171340410389109,3.6112688206320605,4.113139620080586,4.550284372035769,4.9236954178428665,5.272381374726922,5.562964865138504,5.7860132014706664,5.971458757693364,6.097731842287574,6.078825987539641,5.961558716047924,5.741541621186346,5.493931851680195,5.2145029198112365,4.971795203677457,4.636422750787452,4.2332483938212535,3.8381503688183685,3.4874668834057063,3.1598359851340936,2.91995073727683,2.7060579248173027,2.56581571684696,2.422614649741965,2.2145312755523103,2.0591600100296135,1.9770382542681653,1.9130200136554296,1.8609893668672186,1.864998433106046,1.8709797389575842,1.9223259155064079,1.906484872973133,1.7882629250110758,1.7536460164783936,1.8418751118808885,1.9635387986755561,2.1228034928241524,2.240849610201605,2.3013548666894703,2.314066506451167,2.258917178613644,2.175563944178867,2.1584151537065357,2.2079668197805553,2.2365549375591494,2.1987640410483467,2.129076672965583,2.0242031751346348,1.880715896200227,1.776156069199846,1.7167960474933799,1.770259030349331,1.920705314640001,1.990607355543317,2.0073218245423394,2.0706351148798503,2.1267041344185937,2.2212300530659843,2.315278151201123,2.4099897980312166,2.564672077047028,2.75930515114908,2.8926466267390696,3.023389120497057,3.2335068696898372,3.44893357464291,3.7367003228691957,4.039132103712314,4.364930793267122,4.695648072750451,4.979793481504738,5.1908433013589335,5.474081265077136,5.7524882189134505,6.010575249208826,6.164719448362712,6.222969383005764,6.130340841782489,5.988608325095261,5.800945370158416,5.530858171578877,5.184034264340435,4.804009591785836,4.352263891500071,3.845625131398438,3.4002215292491433,2.913494332827878,2.386507613470732,1.8398769491367903,1.2497746189928003,0.6358643816024515,0
0,0.5470937502062212,1.0734026967430113,1.5732705414879382,2.0425023625380656,2.4941169557708784,2.9200830744009973,3.3407541907696547,3.8046091706323653,4.2097221712931105,4.56821253811186,4.898137889864119,5.183462515293511,5.402287800625414,5.571625563098978,5.705335552177816,5.676337705291711,5.571674226382923,5.365711371682031,5.134217582586214,4.886215020038396,4.668663764127326,4.3502993974425195,3.976603540830207,3.582193187581711,3.2551962178813185,2.954457196291278,2.76303831614689,2.5968964937782597,2.4909711590211043,2.3564998390533347,2.1596593434833724,2.0024357794049523,1.9029228548577242,1.8364652704293623,1.7657664635449517,1.7721154765495992,1.7739082805737125,1.8169485040363442,1.7882629250110826,1.6508723379566002,1.6074795174711205,1.7072232475201812,1.841687101253149,2.021750281632068,2.1411678615966494,2.2016412019667992,2.1847802508052108,2.126158235959576,2.036486851912442,2.018362701254066,2.072212191794693,2.1036099969464304,2.0941146224262064,2.023400572912445,1.9154049155438124,1.748901396609169,1.6269038684629182,1.5515223280607333,1.6112986413294845,1.781165986668823,1.862638133246366,1.8847935258082469,1.9524894535262614,2.00923510480982,2.1277366138127816,2.2289376151904556,2.344708897738384,2.507372671786831,2.6957818378296503,2.8273452876394827,2.927158908097248,3.0943926299226407,3.265492233234072,3.5280614164391815,3.804187545608495,4.128775500266628,4.431264655853184,4.697140328171216,4.881072458547611,5.128112595000719,5.388148877630647,5.6295679715780365,5.771107801996375,5.838017083525426,5.738660594868014,5.614755779901831,5.437400783320607,5.1768851941428595,4.851431130337625,4.4897609681790405,4.070508861530251,3.6055688060223567,3.1783754479007986,2.7223304670068553,2.2228426884210863,1.6987427276346145,1.1537861486273149,0.5848543595295448,0
0,0.5098744387013318,1.0080286047297955,1.4791798188908363,1.9361552717542008,2.368593449091678,2.7723978313522055,3.1729453040043536,3.5999279954827546,3.9721095823725254,4.311856928496213,4.611712098220443,4.875300625433685,5.086513619768866,5.226071146437079,5.343178783338866,5.299524792109585,5.188725965018872,4.9846181879297955,4.774260983296795,4.5587059554166816,4.362834213970105,4.067417629880664,3.7379255668989395,3.359854401356563,3.057324909454329,2.7988183419850747,2.6592036358814974,2.534095183269224,2.4627283250098304,2.3427989827227824,2.1706780904844294,2.0217930659623375,1.9071070961294534,1.8426254577355594,1.7575920513278067,1.760909270801789,1.7614711593671502,1.7971497065598403,1.7536460164784846,1.607479517471114,1.5626500635516762,1.6666885709632269,1.8080830609355778,2.001716794850872,2.1211874607954027,2.1754818273551515,2.134624203019067,2.0737736923869785,1.9875345313327313,1.9677687987128012,2.014496595891528,2.0454227170335546,2.0588119784350583,1.9948505491917583,1.8847985939175294,1.7026036900947477,1.5708295740329725,1.486296038933651,1.547159491395583,1.725982255689278,1.8222323013533124,1.8507495169732346,1.9207804442195782,1.9833700740777116,2.121830584477756,2.2266669212294605,2.3625300276079044,2.5234429498014452,2.690505611557189,2.8122199745608825,2.8813568572544312,3.0111955196895726,3.133372779025935,3.353790204304096,3.6022557422455486,3.908580723215218,4.168779429130727,4.409678526979852,4.571786929783269,4.78293605626273,5.0189439088579775,5.255066026768719,5.399078783606155,5.476873472849404,5.3943796404520725,5.300869760756232,5.1373593339509505,4.904973973732145,4.613110413483364,4.273467264792963,3.889668573987021,3.4651445548344704,3.056672124248783,2.6214319115220315,2.1370619635321515,1.6204807786626028,1.1021432116201042,0.5556590958377694,0
0,0.4896795159506257,0.9747206602807783,1.4321097301178072,1.8870337812708182,2.314121761966516,2.713370716298131,3.102887526955746,3.4984391567436837,3.8410668401478114,4.162986513264662,4.442187796019164,4.671038340013996,4.861196013389143,4.9718151731433355,5.07013710267803,5.011422042713843,4.900384789422645,4.699488940137872,4.502311335210844,4.312193683723595,4.139495177279446,3.864103109887201,3.557739107096277,3.191136315398293,2.9152222573333053,2.706245994096747,2.6288839634026977,2.5610860909514095,2.5351603555191815,2.432507791759516,2.2868078584001994,2.1525429528344064,2.033120622163333,1.9596577894481908,1.860558491986491,1.8706024973310256,1.864300329743485,1.8895046246614848,1.8418751118809669,1.7072232475202183,1.6666885709632142,1.7788597335425071,1.9446232983706562,2.163363263566,2.2798610811333164,2.304480950346689,2.234624125672494,2.1592147461745395,2.0743688469450983,2.0520427676474746,2.093091401699296,2.137018499569485,2.1775298981223465,2.142677907267057,2.0318798093756514,1.8217938158300555,1.6653146636539344,1.568055603234817,1.6274893529474106,1.79795464831537,1.9000731475379888,1.9395161560449996,2.01902772575406,2.0779170274197933,2.2343517996086555,2.3539374880082096,2.499716921272581,2.652735607469195,2.7961799440029482,2.902728531146291,2.9272392329109747,2.999061128191939,3.060865453686686,3.2303078122623075,3.4491928419342766,3.741544245259146,3.9812126010929125,4.198924152450074,4.337375677917988,4.518034277748468,4.7354954938457094,4.964821030662324,5.107105588513036,5.199521377924958,5.136847405239295,5.075468672894592,4.940157759015514,4.747813025541405,4.48155342419875,4.1638739781306064,3.810418025957309,3.418580363713916,3.023401338858019,2.592825571611567,2.1138130516583917,1.5957368124998401,1.0871621651358432,0.5460577449406753,0
0,0.45728612736711377,0.9123567960332044,1.3415462171433612,1.779469324778825,2.190047307445276,2.5779482652474344,2.9602728493140615,3.323235698675061,3.6424512005700382,3.9508636728664785,4.2131898998197554,4.413756848704903,4.585386534696384,4.6596590773565785,4.7405104768304245,4.6683432722823,4.563606269447035,4.362096888973252,4.180484664457245,4.011677242532054,3.864076829881466,3.613183037403414,3.3250028148181996,2.964081575599678,2.7296970949798123,2.5750771306089706,2.557345649570288,2.5416551268869756,2.5561835714014167,2.4723892662981943,2.3483666178346727,2.23543318949812,2.119145031311613,2.051596116261178,1.9528439443687504,1.9719441765817816,1.9768795646979995,2.0126983422926563,1.9635387986755901,1.841687101253195,1.8080830609355263,1.9446232983706793,2.158554980532657,2.4078991568884196,2.528749777874594,2.542717549034132,2.4591064462806576,2.3891719516105248,2.3042705314890553,2.281368730283987,2.3172294228739645,2.3542253385655183,2.4080857009934045,2.3827997338611584,2.264670481038483,2.0202191275768526,1.8142332789112026,1.6911486714848734,1.7455709136718807,1.907737329682737,2.0133123370947015,2.0438795153443055,2.113525237356236,2.1637147380755835,2.3232043752989173,2.440150855728605,2.585249309584235,2.7211925778663986,2.843502983012277,2.932870588140217,2.916195007038419,2.9357371908470187,2.939594609122442,3.054302510639681,3.2305748199676536,3.5149505243775776,3.738394452506396,3.9326353397477076,4.046254724426168,4.20255030015427,4.401203021193842,4.62924312733489,4.763846029903096,4.8672041313182675,4.822411124779486,4.7991710677453145,4.687620038112281,4.5291563267029815,4.283952381372635,3.9827630155456726,3.6553902244097642,3.2993554276258457,2.9127119219948954,2.493883437258064,2.031693392368768,1.5275035211710704,1.04287493661475,0.5248503360284621,0
0,0.42236893372885576,0.8485854059311692,1.2426912831353292,1.6603315347598422,2.042665291527377,2.4147652807671918,2.7935067971867085,3.138482859417647,3.432225725991114,3.730772497969613,3.96450646806098,4.138615368703088,4.2918859385256285,4.330717100165843,4.400798909657212,4.324350628943913,4.219455858059734,4.021313170189598,3.8427503305903885,3.6910112809685645,3.560419612156658,3.3272725549566857,3.0720530696110293,2.725140540529097,2.535536169131172,2.429115743416177,2.4708448359969895,2.5133470763366526,2.5797123801045427,2.523771382991547,2.438950298817952,2.346361626762962,2.2245132819022024,2.1663826345433006,2.071177140429995,2.1047085706839304,2.123061749693295,2.1658202624616942,2.1228034928241946,2.0217502816321717,2.0017167948509567,2.163363263566115,2.407899156888467,2.6952794488447736,2.825308609340164,2.8375364852360074,2.7345316270889506,2.659638017993199,2.575820218630101,2.551363012812338,2.581579218420981,2.6210527781609216,2.6948713800274144,2.671120911261113,2.542106078218332,2.258975517355953,2.0211039627534833,1.8708678099800145,1.914459831538276,2.0595363218128733,2.1601733305315096,2.183855541167142,2.23965241049434,2.2764642786122433,2.4339413987518848,2.5430083748645944,2.6943456552200145,2.810156531353847,2.8909197737019756,2.9539503104940787,2.8846780849808162,2.8490624365095094,2.796775988271458,2.865529048135164,2.9988031891504923,3.270939144379727,3.4662258149383818,3.644475426479993,3.7419087887783085,3.8787010670384188,4.071529518949848,4.296288536535012,4.429677450507605,4.533628731586931,4.49921560654935,4.511741628325959,4.421522643919142,4.290495952062724,4.0749089359058965,3.786891074652298,3.484205765309907,3.150833935927493,2.768276325549866,2.3658743662113024,1.9320003629211537,1.4467753382043373,0.9952549349617459,0.49960334011699165,0
0,0.3751549679454738,0.7635316552580379,1.1214594040858525,1.505498015916732,1.8496632378250342,2.1995347357261097,2.566773197828022,2.887463700624407,3.1566629589781696,3.441391314575029,3.6595898503145006,3.8182503165972608,3.954093300064649,3.9715722042376242,4.029546547667273,3.9553344236548833,3.8601490653644452,3.6624521842597586,3.51139105532199,3.3798050653674228,3.265179550096694,3.0508786658195026,2.83387565248749,2.5217624543482597,2.390042940930689,2.3382398817756065,2.434304247585831,2.5247296329478286,2.6341835218823357,2.6136492839431336,2.5670227118764357,2.4922277824107435,2.3687781364056137,2.3162916789336347,2.2164887734985825,2.2496084170364155,2.263300675086851,2.299563827616642,2.240849610201668,2.141167861596765,2.121187460795469,2.279861081133411,2.5287497778746455,2.82530860934017,2.9419432707868225,2.9407019809991795,2.8093478628330035,2.7302927970897564,2.648635265875697,2.6235605338256804,2.6492699582906853,2.690068940180568,2.792043108781531,2.783311330681665,2.6654861690544362,2.3730655628266195,2.130572677358451,1.9828904548713624,2.0272522407966793,2.172459020261465,2.288596710217798,2.31914660947084,2.3796413713198956,2.415994611580239,2.578582183206551,2.686344788790609,2.840172125190651,2.9383366233432535,2.9796775121235233,3.0073999204314874,2.8945438555720955,2.812068955965635,2.706151915199297,2.7233508550353878,2.7981368219861533,3.0383095192141507,3.1989846225354532,3.360759161539303,3.4440428320338827,3.559053614460938,3.7221905182502217,3.944643349260058,4.065978270039553,4.164886049086135,4.141806336515179,4.178063108937252,4.1065445057276015,3.9918807491085992,3.7921784438614674,3.5178661292907996,3.239167486176104,2.933803078666882,2.5636791388892424,2.184817887289302,1.7880924912598928,1.3353186773404142,0.9179966388118854,0.4570378096679343,0
0,0.3271433021088221,0.6751889308140677,0.9971777894942683,1.3404768299073346,1.6452999235019112,1.9662585146824227,2.319695692316016,2.6297964401540415,2.8831944110792844,3.1618401357298054,3.366440422763891,3.5106766976824613,3.6366727581826734,3.6364410946083052,3.693321956157279,3.6293464654590952,3.550310699440398,3.360311273741241,3.2234444102231343,3.1054725189363466,3.003411588265708,2.8146271161671033,2.6295762173574624,2.3491902003341556,2.2616478053042104,2.2535630109384424,2.3834419764873287,2.5075961248302945,2.641580803724355,2.6405930285033055,2.6284092418951057,2.5717972356540857,2.450657279417989,2.406892998296752,2.306656393782632,2.344598023722243,2.3547465903884994,2.3711934060244837,2.3013548666895645,2.201641201966976,2.1754818273552257,2.3044809503467967,2.5427175490341956,2.837536485235987,2.940701980999132,2.9227517554800837,2.776477705988089,2.6872969316397795,2.616097150874425,2.5902428560556245,2.6032699203638563,2.652553567658868,2.7686433053439816,2.776413317444671,2.6692602648947688,2.3780105402131424,2.1443722959548115,2.0235736668107585,2.0749732361725175,2.22105549102091,2.3499585333390214,2.4012820544093345,2.4657421522241294,2.4981335355039826,2.664550039756185,2.767334440703153,2.9216189444862377,3.004400725071966,3.0127290715501607,3.0214703465646635,2.883135278614846,2.768110300516118,2.629718861058695,2.6030440272931714,2.632846975203404,2.8437169916480083,2.9778427009125217,3.115430553126035,3.1871649100307464,3.28674935276711,3.4316825343615736,3.6436853116822223,3.744803945257989,3.830277897770323,3.805452547264417,3.857468926575104,3.7987330262677363,3.700150476135904,3.5147969610365726,3.2461795920684833,2.9837143922495524,2.694326854636694,2.338973477064762,1.9890817247463455,1.6341251072181768,1.220779455289003,0.8386258283445982,0.4134862307332987,0
0,0.3080261675277766,0.6416389606623352,0.952423227216548,1.2769877371388714,1.5651601808674191,1.869014613535602,2.21857703308701,2.5202730302341054,2.757162772508938,3.0301589867855427,3.2133812046180386,3.3477031776014385,3.4653719887503467,3.4513561023998274,3.5079275229197107,3.443880581277058,3.372624680379383,3.1844595784908503,3.0535034409083006,2.9538173920344004,2.8563833143754613,2.684573532914652,2.523231557536598,2.2739149155372496,2.2268162799918394,2.2528351737317247,2.4170349939413365,2.5728070546909914,2.732739541642051,2.748619493835673,2.753157920980076,2.6983365265945607,2.558104108425051,2.507035217233528,2.38581282043835,2.413645810146613,2.411801555590978,2.4045701057897313,2.3140665064512707,2.1847802508052565,2.134624203019108,2.2346241256725192,2.459106446280647,2.734531627088922,2.809347862832913,2.77647770598802,2.6065582520009576,2.5050173249507104,2.4253488907472445,2.4012074007686017,2.423281832308529,2.483282495411852,2.6239494830123244,2.647378663961773,2.5697095304292157,2.2970111799154997,2.0736086049743467,1.9792739211319201,2.052363299264585,2.2287375204113795,2.378248389008001,2.4518735939619676,2.5273919117908448,2.571383718156836,2.762229803221972,2.875390983535552,3.0509498534121944,3.1336994274027807,3.126994202192497,3.1209345757472082,2.956548522399927,2.810608342315879,2.6395917062131202,2.577631235290157,2.564568188894132,2.7426298303612593,2.8529595929786287,2.9730422205841887,3.0382753826064093,3.1195650991675477,3.25632780364142,3.4635394699791275,3.5546541561457023,3.641482092629123,3.6169085568121675,3.6867269755035497,3.6408105151636114,3.5575770782331952,3.395871641231689,3.1344046960550846,2.891158263795172,2.6134883915708294,2.264496781994169,1.930591242299061,1.5918194888879202,1.192245234509298,0.8170009112224578,0.4001602695307157,0
0,0.2817973276076125,0.6014838128676594,0.893774744336552,1.2082684379199014,1.4837833706698917,1.7809145005097708,2.120438394023836,2.4064539155498594,2.6283099730127577,2.9014963070950364,3.085514208118772,3.227122826591219,3.348610361065807,3.3364862762429457,3.3930761656329116,3.340995971111265,3.2733532538289976,3.0940678668492567,2.9718018151770376,2.883433245835904,2.783319613395226,2.617370209594002,2.464063473955247,2.228550150753741,2.1796778805675574,2.210231741848545,2.3804211671406645,2.549872657325083,2.706897305131325,2.7143525917976157,2.7228651091029925,2.6610259341287965,2.5082076738804457,2.448734184386207,2.322659664342784,2.352649786831711,2.3604854895149687,2.349893012847647,2.2589171786136855,2.1261582359595934,2.0737736923870957,2.159214746174509,2.389171951610412,2.6596380179931565,2.7302927970897004,2.687296931639693,2.5050173249507326,2.3911780947268517,2.3168201692914128,2.292645773733571,2.307739249977512,2.376735137449505,2.529738107637708,2.5630978334344015,2.490256958828426,2.222710353870991,1.992708671553194,1.9123036873126877,1.9888632760437452,2.1705408564380626,2.322650526042698,2.3990165484120256,2.466061342397685,2.5094085275053835,2.7074617436436967,2.8279772835506205,3.016328433842976,3.1057986432173608,3.0944015059292744,3.0963105927903847,2.933375511445974,2.770052756088431,2.5933983689026263,2.526678440459993,2.515826619316326,2.6803332373713267,2.7838125597935215,2.901325682272485,2.9703889339755016,3.0422979903949168,3.1731108070771366,3.3728582848064987,3.4615368734538023,3.5369936076447774,3.513842986286282,3.5821183806216528,3.534516565283664,3.446263923362587,3.2854618544664764,3.024592796922881,2.7966357031729685,2.5337353339815483,2.1939679118938513,1.8647742829280833,1.5372592110620584,1.1440044663778788,0.783740743756989,0.3789965761178562,0
0,0.2744863472910495,0.5888457112014065,0.8761364579389783,1.188854442329753,1.4649818314722616,1.7645588294266086,2.0969936918702112,2.3763150185671975,2.5947755368355794,2.859336435334041,3.05622058434773,3.2005125915647477,3.3316201080471464,3.3262136061449175,3.375044312494806,3.33443321789024,3.2751401354736656,3.103609886505781,2.98838377702166,2.90470873215593,2.8113364186482013,2.646951259746188,2.496474637506819,2.2663722456569135,2.218884705376375,2.2481865308907234,2.4267587690635546,2.592034337888783,2.7335518990939387,2.7318079274730445,2.7326526355845138,2.664144796377705,2.4874384770932774,2.41547072581374,2.278488773832658,2.2932735310869536,2.2889396125927925,2.267782609585592,2.1755639441789145,2.0364868519125734,1.9875345313328217,2.0743688469450645,2.304270531488909,2.5758202186300823,2.6486352658757024,2.616097150874467,2.4253488907472254,2.316820169291335,2.2570116044451995,2.232656897918383,2.235328041618395,2.299669715046137,2.462748047501477,2.4882399202701415,2.4130571276273174,2.143835287111417,1.9107336259268917,1.827530727312205,1.899803098277493,2.087951345623428,2.240454515768346,2.326762721323409,2.404914368109904,2.462521314720199,2.6709294241476655,2.805052269600348,3.0178088478590626,3.1137807986006587,3.1080895786439804,3.1171504868766666,2.969514990231753,2.8086974357198478,2.623034999312053,2.5586127817257243,2.5472706692185794,2.707819926523342,2.8084836960847253,2.925368753259056,2.9888932684171716,3.058658182852006,3.1850622362411896,3.380298383575164,3.462880379363318,3.5292689225032543,3.5141278303314922,3.578683538888343,3.52273952337723,3.4327296088740016,3.256096991827457,3.0013958864010957,2.7760138878672955,2.5190158541489076,2.1865028861085656,1.8522707212542162,1.52425335298154,1.131268992432794,0.7753879981121484,0.3744078370072896,0
0,0.2799385909676565,0.5978366827798127,0.8901770632130558,1.2063184674800012,1.4866812252589525,1.7910928984829908,2.12623351754386,2.4065844177628977,2.626571404954247,2.893210463185148,3.0916582199973086,3.2391317938660755,3.372094587238283,3.3684428420373616,3.417861805697515,3.3791379252083753,3.3202499505880962,3.1481692693378327,3.0318810898730724,2.94384742424503,2.8466878823291855,2.680399480191863,2.5277069249044475,2.297232026092508,2.2489971503296253,2.2773718067381155,2.453396325003472,2.618274618105051,2.7562037204194576,2.7515149208033893,2.7473889790033197,2.6732652614242904,2.4911699359944737,2.414032083804703,2.2728384393553243,2.282226371587014,2.2760325201909626,2.2520742819903012,2.158415153706559,2.0183627012541354,1.967768798712783,2.0520427676474586,2.2813687302839254,2.551363012812383,2.6235605338257,2.5902428560556547,2.4012074007686297,2.2926457737334878,2.2326568979184374,2.2082969522976468,2.2108762183110473,2.27515609770601,2.4365497905008966,2.4624972823742994,2.3879924023736048,2.1203793433857583,1.8874586808953433,1.8065273242873519,1.8800567950505853,2.0689362565808036,2.2225914805823104,2.3115095379384343,2.391358099862322,2.454123429958726,2.666669676764721,2.8053936317114725,3.0235823965918525,3.1250895941574264,3.1242942775476643,3.1362599499391575,2.992325282592124,2.8323390729493916,2.6497006004383086,2.5866676546980005,2.5764407454400304,2.7381604348156383,2.841412005666049,2.960824319867219,3.028721796007762,3.1037090977141,3.232072745209699,3.428793374830021,3.5117611810535396,3.576902964544498,3.5615157287856065,3.624357520541885,3.566435126318122,3.4728022413759794,3.2938901888550958,3.0359990296969004,2.8081041572774246,2.5492797162325878,2.213389306878051,1.873752598438966,1.5413419854966,1.145100103494518,0.7843024731071285,0.37993674737131344,0
0,0.296298292428095,0.6268241789096788,0.9315843506273601,1.2544815526948296,1.541782515162058,1.8513400159552258,2.1978379108967574,2.488203834028466,2.713186335936056,2.99286206485463,3.1807926323286213,3.3323392107273477,3.4605389856462767,3.4544894266285127,3.5135781330718387,3.4674144054092335,3.4020309715144115,3.2235417218495948,3.096886996036159,2.998167840349606,2.887029778145032,2.7154953424774377,2.557982026890463,2.322911508132785,2.269888174187243,2.2964718041267904,2.4616840620174356,2.629017976708291,2.775580273800906,2.7730514316865706,2.7693819817599823,2.6909115172298184,2.5223372348668454,2.4471241652845714,2.308161133960399,2.3230076883841955,2.3223487527064255,2.3028380301161055,2.207966819780595,2.0722121917948,2.0144965958916488,2.093091401699294,2.317229422873929,2.581579218421019,2.6492699582907315,2.603269920363773,2.4232818323085548,2.3077392499774616,2.235328041618322,2.2108762183110557,2.2234149564424253,2.293703677425245,2.44471652384773,2.4806377332261,2.410663554517176,2.1487834425133503,1.9238100523766284,1.8494202706197687,1.9303947570580013,2.114687427098975,2.2699677300754004,2.3549131157606262,2.4299787815229013,2.4877323285464534,2.6984501385392643,2.833757887525038,3.03782939732178,3.1437711488175513,3.1445305622346087,3.1559326771823373,3.003303877479529,2.8426503536783905,2.6718179676865366,2.609614922340708,2.6034053238855597,2.769169744572688,2.878188656268508,3.0030339484048065,3.0850012385780112,3.170126238634009,3.308276657500406,3.510607221673922,3.599554082520493,3.6710877176410257,3.6464334928507953,3.7089594389557528,3.6544607008297345,3.5554109283435587,3.3889905737998576,3.118837059777247,2.884872470255236,2.6150536597382286,2.2657648773203736,1.9218215883232894,1.5817926799531872,1.180610377970472,0.8085210907833424,0.39353138050601694,0
0,0.3315414310156159,0.6852567060545683,1.016617641605368,1.3528228847280155,1.660059714067062,1.982581008898893,2.3449044887707613,2.6545583413644076,2.8966057139972343,3.1768313506597647,3.364603435258834,3.5120733785332465,3.6405230351006614,3.6360843598990162,3.6974017216856554,3.64210982567849,3.5763790697560687,3.38836434023968,3.2505110126089,3.136466383053795,3.022856885255544,2.8410181880671095,2.6730492372516084,2.425251494122826,2.3710790592635256,2.389404683786328,2.546614393249908,2.7002160734169998,2.8462579532816075,2.8467854305168108,2.8334024965101112,2.751411293778877,2.5844841635857025,2.507178776691108,2.3649850495829554,2.369918666718853,2.3538505271952386,2.3336235410114656,2.236554937559273,2.1036099969465885,2.045422717033766,2.1370184995695234,2.354225338565442,2.6210527781609247,2.6900689401805953,2.6525535676588463,2.483282495411786,2.376735137449511,2.2996697150461265,2.2751560977060366,2.2937036774252566,2.3579785753424343,2.498666987186226,2.526499274529083,2.4543627500261915,2.1892668290650743,1.9718998708307578,1.8848556429236505,1.9640352890407444,2.143554076804816,2.2980947418503908,2.38428506473001,2.473384002009302,2.5395081538552926,2.7514072841732284,2.8902379232196926,3.092641182458696,3.202469231279245,3.213541686786782,3.221696752706838,3.0706450961113445,2.9269310531758523,2.7637089454119677,2.710005223891225,2.704594012016906,2.883441517217183,3.0024843673498705,3.135686663348503,3.219729753473829,3.3198197203776205,3.467859933107056,3.680197456511627,3.7697821340243207,3.851297959783059,3.823924825689017,3.8850400589958523,3.828046988384604,3.730564042789697,3.5616556753978124,3.28840828732016,3.0358621636941177,2.7463622781043173,2.3806630250493233,2.0244899290088316,1.6654217462424854,1.2546837669093112,0.8597197975357165,0.42375794711711057,0
0,0.35978144950241553,0.7380821705907183,1.0904719720857625,1.449512153798216,1.7771016503353612,2.120623243202269,2.4905879094864556,2.811415059711021,3.072063292964085,3.357218239515223,3.5652102303920605,3.720471567916385,3.85656116410077,3.8670613451137164,3.929029479368441,3.8752700871968577,3.8017378790829053,3.6090267139102625,3.4608721977620185,3.326310827087774,3.2051492971083215,3.006126672800064,2.815732246913381,2.5389277494173856,2.4454014919309373,2.429801287902618,2.55000220762435,2.6710759465703386,2.7884734636257353,2.7687420422510667,2.734510866322421,2.6446293949041135,2.4878059779275072,2.407689489828515,2.2778345282051538,2.284915137948475,2.276275940305102,2.275365654527994,2.198764041048394,2.0941146224263294,2.058811978435207,2.1775298981223945,2.4080857009933503,2.694871380027393,2.7920431087816207,2.768643305344008,2.62394948301229,2.529738107637678,2.462748047501508,2.436549790500929,2.444716523847723,2.498666987186216,2.614409452958201,2.627509061709125,2.526321084457778,2.2420039296517795,2.0142467205333316,1.9021786160759813,1.9592598590210182,2.1085533540412214,2.2419004391772694,2.3096146866150287,2.3919785911899187,2.4546413854660414,2.651040372348196,2.789619991837312,2.980057664716152,3.0961073173928466,3.126588791278045,3.152723011537424,3.0305818771376782,2.9186612966883745,2.7908536307594876,2.7720925635622775,2.808452383022154,3.0180683825325203,3.1599619750071546,3.3116762072908488,3.4051924733380616,3.526248522540381,3.687751095875605,3.908797016916254,4.009505001336974,4.0893879456268145,4.06207135175674,4.104654286993606,4.035702364082642,3.9251218324103774,3.733654150874969,3.453295224554485,3.1790517256090447,2.874286264028889,2.4976369304401533,2.120520730396687,1.7412728431294944,1.312500391523368,0.9009362091406239,0.44634627331162674,0
0,0.4136767545379038,0.8417939196953957,1.23645338323435,1.6402191792478047,2.0104477900257556,2.3849732206404504,2.7723998452026315,3.1075321338400284,3.3860628272751057,3.6784131001823144,3.8978647042230485,4.0648325931827785,4.208648092776977,4.236470231355045,4.298724059463671,4.236182070155347,4.145082247708464,3.942683744350103,3.7761742371117313,3.62603003962088,3.491559706881457,3.2650638652803536,3.0430510257993855,2.734840510979564,2.595426262239028,2.538141157217168,2.6227747170264792,2.708531048092832,2.797411902723763,2.755624934490738,2.6844419092380813,2.573501235231322,2.4103427682272622,2.317931708154085,2.1859761302089935,2.183895214738826,2.1766832632943016,2.193509679207706,2.1290766729656365,2.023400572912604,1.9948505491919066,2.142677907267076,2.382799733861076,2.671120911261068,2.783311330681632,2.776413317444708,2.6473786639618577,2.56309783343442,2.488239920270217,2.462497282374397,2.480637733226059,2.526499274528969,2.6275090617090204,2.6243028340211234,2.5112894725538806,2.226196133759414,1.9905356698715215,1.8520048856630817,1.901021435120673,2.050238823253837,2.1696394925078537,2.2183709840842036,2.2987944389557895,2.3696559260620655,2.565123358150926,2.7122456048533516,2.9062526991350994,3.040216237539084,3.1059685074930443,3.152883182749675,3.059900902367841,2.9819506230699706,2.888012050907469,2.91088639649116,2.9940691131723716,3.233284593206259,3.401578242260093,3.5798183113935824,3.685787466406515,3.8245649772464247,4.009194635854193,4.243581855296294,4.366777027261692,4.45928487436283,4.434838905267801,4.462387336477359,4.382891620702067,4.259009767511835,4.05503177793922,3.767368077946115,3.474773151281166,3.1496770157064478,2.7539663404906287,2.3452184441066755,1.9207688242963346,1.4487604736531066,0.9958486753164233,0.49598753837069104,0
0,0.4708445878537333,0.947607915938163,1.3871185866599083,1.8298155954476245,2.243189199495704,2.6456253024799583,3.0483794733092555,3.4133294666640093,3.717990744013629,4.024096358472093,4.256020445361001,4.43559557392893,4.592784032432901,4.640798173779986,4.711981746438293,4.645677177424794,4.542769851419245,4.336504928452336,4.139228748924959,3.9675083588408566,3.8155181579501374,3.5698237784878906,3.3094278206424512,2.967718958094915,2.772153836557219,2.663353750202283,2.69422881423321,2.730610850700448,2.7765413427777053,2.700987913041346,2.590708141141494,2.4608414195061807,2.2993903850425297,2.1982054748489066,2.067843417870052,2.063714173182438,2.0574585428811636,2.075928970124413,2.0242031751347027,1.9154049155438821,1.884798593917607,2.0318798093757175,2.264670481038442,2.542106078218288,2.6654861690544154,2.669260264894824,2.569709530429246,2.4902569588283554,2.4130571276273547,2.387992402373717,2.410663554517229,2.4543627500262084,2.526321084457699,2.511289472553903,2.390081659158478,2.1161871679507,1.8880743372617474,1.7506132776909646,1.800975215392578,1.9520660569100854,2.0588506809503526,2.105103026218259,2.1844231859194134,2.258218577003349,2.451886715542105,2.6035752433167154,2.79467579437273,2.946753679630229,3.0520484324875254,3.1321227189727625,3.0821831392051884,3.0519677548618582,3.010279675816407,3.081467417317323,3.2217506867164136,3.491846280757843,3.694574250284436,3.88997044691994,4.011880612232916,4.173974994886186,4.392110583156739,4.632845978363276,4.770836926070566,4.8705000876343085,4.838309315031408,4.843881074450186,4.749782941588772,4.612219758129772,4.394993604401366,4.0932776746507695,3.7748823067311754,3.4158659226469203,3.0033883092542517,2.5652064390069005,2.098642273359591,1.589267207439759,1.0936879467958152,0.5487476280950403,0
0,0.514280977131234,1.0268307656026086,1.5083697953779565,1.9759516683275518,2.421610315915671,2.8432537850377457,3.2518787677457643,3.6366374251109166,3.966683259377524,4.281382969761763,4.5381742758923584,4.739271566423328,4.912396711695858,4.992346823198944,5.070519123718844,5.004456624833774,4.898624522499557,4.685413516133164,4.4830156536186925,4.291838739620097,4.122721800244256,3.860769913624019,3.5693545995998233,3.215627853048701,2.9771187506597165,2.821052521062328,2.793952450118296,2.7722613659028967,2.7685188186965095,2.665682551158965,2.5162711909826,2.3666461871884614,2.2096855813054193,2.099072827814533,1.9671940945112572,1.9508604614107963,1.930170831613077,1.9408583235048917,1.8807158962003132,1.748901396609193,1.7026036900947454,1.8217938158300495,2.020219127576803,2.2589755173559345,2.3730655628265658,2.3780105402131557,2.2970111799154203,2.222710353871032,2.1438352871114814,2.120379343385905,2.1487834425133423,2.189266829065113,2.2420039296517627,2.2261961337594007,2.1161871679506707,1.8820693962897364,1.6899089563521925,1.5830039263474418,1.6467394380075613,1.8171704492964684,1.931312888659181,1.9856211035504103,2.0795222407061256,2.1646285947059094,2.3582768039340443,2.5176292905594737,2.703028579242326,2.87403084559803,3.0199926793094547,3.125816556342329,3.1258901743934717,3.150279410140927,3.162870493305661,3.2790164058445113,3.460857818709289,3.7418968715896286,3.971363053311112,4.181839645346937,4.3200413743384525,4.503875611577762,4.7296811895572874,4.977504969947292,5.119691668654397,5.222651986975152,5.183426600082074,5.156156809156801,5.04268187313421,4.882267178610254,4.638807452072223,4.325467633387395,3.9825129141878737,3.5989769429705274,3.17989397055549,2.721921870833137,2.223467907631576,1.691320685367452,1.156304374620466,0.5823894010817116,0
0,0.5524187742108501,1.0987861420940852,1.6122776174881197,2.102565781109442,2.56740699408253,3.0024206336500936,3.4182835114136694,3.833549220090396,4.18621894913742,4.511440613605463,4.781697715833807,5.007581885973179,5.196020794492469,5.307441486028848,5.39779638802641,5.339805894617523,5.222700255014948,5.006966349088294,4.787019387684649,4.5736710490117325,4.380514883482524,4.094832678700727,3.784438687322278,3.425727519209647,3.148620891687349,2.941904665589615,2.861179690612701,2.7907515289761244,2.7501512694972843,2.6301677533852916,2.4587619518820216,2.2883328215278964,2.129306905712844,2.0148714800284337,1.8871946106084754,1.8661030227415452,1.834195735595648,1.8356296666953043,1.7761560691998732,1.6269038684630188,1.5708295740329785,1.6653146636539493,1.8142332789111517,2.0211039627535197,2.1305726773584373,2.144372295954789,2.0736086049743165,1.9927086715531845,1.9107336259269698,1.887458680895413,1.9238100523767738,1.9718998708307698,2.0142467205333605,1.990535669871513,1.8880743372616866,1.6899089563521754,1.5489405254755135,1.4687647322246349,1.5413691670905356,1.725227658643095,1.837448261353563,1.8993855928303218,2.003112618126942,2.092828757100682,2.278529453129322,2.4384213720910926,2.6231510617616536,2.8103765667071823,2.9773683994610503,3.0981096875828578,3.135664111120078,3.2089582856428605,3.273439647029482,3.440551396985046,3.662790290904971,3.9517216423347357,4.198329254108308,4.431420789512118,4.593360408009528,4.801694973887264,5.047608309894769,5.299227692546415,5.453683770654613,5.550712023719785,5.4984205847313925,5.437513913482527,5.303206730693146,5.11242862595332,4.851196206648334,4.524597979729726,4.157099145694999,3.740427797864882,3.31340869184056,2.8419792201700873,2.3245284604228553,1.7733721633530433,1.210659798440742,0.6094808622114387,0
0,0.5798451839841834,1.1460912406833381,1.6779847573718345,2.176560324601395,2.650948895112966,3.0942770807898783,3.5222684902353536,3.9682325991477425,4.352543793445157,4.693201104849281,4.983265576227034,5.240150939239407,5.445169870090377,5.5798928464690505,5.68231752436857,5.63163488051027,5.507729568727723,5.28435315078761,5.0497684848241144,4.809730440936989,4.594775034629858,4.29094433242444,3.9598535184987895,3.592153313024783,3.291095782022656,3.039327977034325,2.902546238243943,2.7789187709597427,2.695042209560441,2.561512885769758,2.36561400535457,2.1834991623914486,2.033237186160196,1.9300794186433474,1.8195937150854637,1.7933658656325415,1.7682753779363132,1.7780769971097632,1.716796047493542,1.5515223280608115,1.4862960389336335,1.56805560323475,1.6911486714848227,1.8708678099799443,1.9828904548713726,2.0235736668107602,1.9792739211319466,1.9123036873127062,1.8275307273122938,1.8065273242874205,1.8494202706198672,1.884855642923693,1.902178616075972,1.852004885663099,1.7506132776909789,1.5830039263474431,1.4687647322246717,1.405924897062767,1.4855240270651706,1.682799518697919,1.7956100576917804,1.8487436945419269,1.943598587293689,2.036014135751434,2.2005328994534095,2.3431970749328217,2.5140251268092646,2.706142318847985,2.894683754744714,3.0264761059253926,3.1063123878568186,3.2332050858113477,3.351605406678239,3.5653131335436195,3.814962921857291,4.115653184128964,4.380498007967387,4.634432830014693,4.818320550960988,5.057466961248855,5.322354833119444,5.5841925142731546,5.746977701496787,5.836400156520196,5.770633380955675,5.682780854015823,5.524868395835103,5.297951360594275,5.012453493317905,4.666788831825128,4.2677428680904494,3.8198551792493634,3.379209375990526,2.9001400660691883,2.373618079923556,1.8180150592987123,1.2406235093070135,0.6267049746740568,0
0,0.6169619444026536,1.2108074033984964,1.7719618344360721,2.2842269916879503,2.7788063325594154,3.245004262283121,3.6911558634869532,4.173226504175606,4.590404385210189,4.9482631008447715,5.268691680637012,5.544060205202249,5.752698221600627,5.91382825414022,6.02837675042088,5.984755371414125,5.861697599563517,5.634727012154613,5.379601236460136,5.109704930250311,4.874600156733603,4.548014036556578,4.173808337079323,3.7904424694529544,3.4685848034757774,3.176376429350873,2.9930789835982523,2.829907338575259,2.7148008820945875,2.57135297178204,2.3537192835223633,2.1687620506398226,2.0383474474775927,1.936605229934568,1.8435989498308873,1.8246223837450697,1.8027898797746285,1.820300235075603,1.7702590303493027,1.611298641329512,1.5471594913955193,1.6274893529472607,1.745570913671787,1.9144598315382435,2.0272522407966873,2.07497323617249,2.0523632992646554,1.988863276043742,1.8998030982775378,1.8800567950505895,1.9303947570580724,1.9640352890408126,1.9592598590210433,1.9010214351206538,1.8009752153925882,1.6467394380075293,1.5413691670905594,1.485524027065241,1.5651029949703634,1.7563679990248977,1.8583513736924757,1.905300915267807,1.9963141818501606,2.079258649229555,2.220818030298815,2.356803840185969,2.5026976457734063,2.6909804108146584,2.8982525533821164,3.03551186260058,3.142601255747692,3.305379383221865,3.4669177904985746,3.721321917604461,3.995562611193232,4.313940961087411,4.620354925668004,4.898307788976389,5.101986280642138,5.373464835638974,5.660067499192473,5.927253160123665,6.091878255062504,6.177114548445033,6.0981688398028275,5.98302570268201,5.814999767937685,5.563222586016577,5.244275642772491,4.878962099528986,4.445127007078765,3.9583152188943997,3.5018479464924406,3.002422477397883,2.460427777200199,1.8962639972731046,1.291648054831397,0.6552813886542215,0
0,0.677850694492856,1.323974427093497,1.9352470791243945,2.4774108821493073,3.007934871751113,3.50783925689168,3.9724806928122396,4.492049267517293,4.940525374649564,5.31109801037979,5.6489763702246325,5.925264307510435,6.130673944628232,6.302216498033129,6.406244755515533,6.36533909594932,6.224450295751089,5.98151164090912,5.7105973627218125,5.411082946047727,5.155837189583548,4.813731700554954,4.409672793426323,4.027471198052452,3.6873245481735797,3.3730309552639435,3.147056242593487,2.9413510501119675,2.79719356889596,2.6490524573935943,2.424496920221422,2.2466924131903205,2.139571134782388,2.0418341716106476,1.9683176578926473,1.9505912361488746,1.9336614703904578,1.9597390280326283,1.9207053146400477,1.7811659866688316,1.725982255689263,1.79795464831527,1.9077373296826952,2.0595363218129683,2.172459020261526,2.221055491021023,2.228737520411505,2.170540856438135,2.087951345623543,2.068936256580856,2.114687427099069,2.1435540768049672,2.1085533540412027,2.0502388232537627,1.952066056910021,1.8171704492964584,1.7252276586432216,1.6827995186979987,1.7563679990248846,1.9278827901759275,2.0200251319720968,2.0610066593371914,2.146690527428945,2.2253568929094296,2.342186839667175,2.469601241006162,2.5886028401494285,2.764176979202335,2.9744408582168536,3.1107061314411415,3.244372346652122,3.445818663634786,3.6460886760510682,3.921449896295091,4.217284125519181,4.534900574353595,4.869527751401506,5.16339362584265,5.388168116476484,5.6923397331110195,5.994854638645638,6.27853485901676,6.459643193771152,6.542209924711372,6.472350303839155,6.344037095079063,6.1729081917734305,5.915961501603454,5.577742949549635,5.197483887578912,4.732639733326056,4.205354919693673,3.73182486461428,3.2018000964776174,2.629980250112853,2.0395854459783167,1.387727402444686,0.705998199820294,0
0,0.7133909612479784,1.379987604944388,2.017006214964689,2.5613243898414226,3.111652708851467,3.6335856604731607,4.097659483003495,4.633546137147924,5.102691402393334,5.476663920932461,5.828073740876527,6.108441967231372,6.302733588568219,6.4801524924130085,6.571485664584228,6.522312852666562,6.3791002973295114,6.127501653273151,5.845252161092238,5.524711653075207,5.253587649253386,4.899278871497518,4.47067858784551,4.090358775476789,3.732553813612447,3.3894021308046085,3.1329352206230947,2.903424513511913,2.7324234071784974,2.58271102754354,2.345940461955866,2.175014213947877,2.0976788505715005,2.017090043778876,1.9727281472503562,1.9722839343067022,1.973098000211422,2.011306033558786,1.9906073555432948,1.8626381332463189,1.8222323013532644,1.9000731475380028,2.013312337094726,2.1601733305315594,2.2885967102179534,2.3499585333390653,2.378248389008157,2.3226505260428256,2.24045451576844,2.2225914805824454,2.269967730075556,2.2980947418505377,2.241900439177264,2.1696394925077294,2.0588506809503655,1.9313128886592186,1.8374482613536796,1.7956100576918461,1.8583513736925017,2.020025131972159,2.095275770330639,2.1236778363947413,2.1894958253828496,2.248366767926776,2.3314203243106304,2.4356682100684672,2.5206368175958422,2.6831454999834587,2.9021594486933133,3.0353898216979878,3.1923048740376125,3.4143258171404773,3.6416316138631992,3.9458569618940493,4.263565222869481,4.5829780731947345,4.940783577621764,5.250774774828204,5.493442377806294,5.8205884882355265,6.132962642387961,6.422670489767715,6.604750799570537,6.694891110703443,6.634449600756647,6.496378722407706,6.330601919169676,6.06288766109548,5.707621652831314,5.321036613355436,4.834893657700209,4.291426152323394,3.8218191232491225,3.2738187967434493,2.688344224681771,2.102321011170616,1.427977820583026,0.7317414579876261,0
0,0.7400438643614752,1.4272338176432677,2.076346291009928,2.617675861928578,3.1821912907765,3.7184028407487397,4.177014083878161,4.714741352694359,5.187040305267983,5.564984398310901,5.901689686809661,6.178938298574569,6.359306008686556,6.5321889639035415,6.602462515857486,6.54264572493479,6.385941727121136,6.1255282044699255,5.828065933207903,5.492723159309319,5.2067742144444304,4.844765290750872,4.410657872610119,4.039356323345412,3.6759182086755584,3.315443184400532,3.0382808056425867,2.79364188986132,2.6079171834625563,2.463557987886525,2.232129439335585,2.0676207794888284,2.0181691810382447,1.95817664244704,1.9361847594556951,1.9418810780747031,1.9600395215902517,2.018145168395356,2.0073218245422995,1.8847935258082584,1.8507495169731671,1.939516156044934,2.0438795153443055,2.1838555411671887,2.3191466094708053,2.4012820544093274,2.4518735939620924,2.39901654841204,2.326762721323504,2.311509537938552,2.354913115760739,2.3842850647300593,2.3096146866149914,2.2183709840842107,2.105103026218238,1.9856211035504434,1.89938559283043,1.8487436945419111,1.9053009152678169,2.061006659337218,2.123677836394748,2.128184319051023,2.169365704229152,2.2175756164935385,2.2746410429853525,2.353564569703446,2.4071378969169226,2.5601415638156735,2.7718878674019036,2.8974716287911413,3.0681286645973627,3.304058779720527,3.5493503713833863,3.8723897519269177,4.198884001645228,4.512306565877421,4.875339282441598,5.198623644994844,5.459549255553034,5.804921415758519,6.13226537124244,6.428316199597177,6.619439651543895,6.718193486345893,6.675381402640818,6.536771515167011,6.3782552264840895,6.109328725349748,5.764036452527379,5.369670240423319,4.879235101539204,4.333373995659533,3.8678123880514277,3.308493161202001,2.7132553397644843,2.1358116831653695,1.4533896791209462,0.7460052873519479,0
0,0.7681778050887229,1.4788024140705767,2.150969981386514,2.700082802091133,3.2820088700778856,3.8287663789274053,4.279399992820203,4.8176223985494575,5.295346593653416,5.665880025252607,5.983552243231211,6.24756673106827,6.406943971044598,6.580534369976713,6.629577640626648,6.557272771485056,6.381970792313218,6.106345550339007,5.794710288078925,5.4514969245651645,5.158852503470574,4.792308676168834,4.352234609957752,3.9915097671364808,3.6124449386948507,3.2333901964161575,2.9363250420268243,2.6856630490448294,2.48493998598998,2.3557409200961215,2.1437866974027564,1.9937035453977925,1.976352187212464,1.9299838659300432,1.9342799294044735,1.9513188854264243,1.98846471764606,2.06554972262413,2.070635114879903,1.9524894535263269,1.920780444219593,2.0190277257540523,2.113525237356332,2.2396524104944597,2.3796413713200777,2.4657421522243084,2.5273919117910943,2.4660613423978246,2.4049143681099974,2.3913580998623925,2.429978781522995,2.473384002009341,2.3919785911899405,2.298794438955814,2.1844231859194583,2.0795222407062655,2.0031126181270813,1.943598587293677,1.996314181850238,2.146690527428987,2.189495825382924,2.1693657042291665,2.1853690911347794,2.216887211298309,2.2438469573621513,2.306577231258189,2.328495221121847,2.4659472698529146,2.6582674349740656,2.7640828239299946,2.9482420538343077,3.188345958091491,3.4504628312192853,3.793094243934644,4.139922443538234,4.449033817696954,4.8207326196100135,5.154182315675478,5.4256100687808875,5.782320094071307,6.123514460967841,6.429445895998269,6.633612555149512,6.740836402744893,6.714391537653817,6.569524967865027,6.424706529806417,6.164206183908404,5.833951738247551,5.44172213264954,4.9450076667017475,4.395435992917828,3.9367716186323465,3.370452943437311,2.762542259073829,2.1834897776177087,1.4820364173034846,0.7616092785885941,0
0,0.8001275524160733,1.5400738032935553,2.249495242604817,2.8152431047765787,3.4245497765163657,3.9774015886472367,4.417794250076591,4.944825217409226,5.4279572777909815,5.787425223365401,6.090120939498901,6.326171715194151,6.459635445307623,6.6164610553232945,6.641616265664628,6.558166066639739,6.363437797977759,6.0746473221604305,5.758495469940154,5.41140561736675,5.112678728319642,4.749220849072264,4.311881427130566,3.963951344523216,3.5796171109684556,3.2095295303909332,2.908039062015124,2.6571478249803806,2.442120037643698,2.3265617945108445,2.1279694398071265,2.001316201229086,2.0074631239827565,1.9679974580814805,1.9803919768975475,1.9832602691925432,2.0289465869588437,2.1085430092130593,2.1267041344186355,2.0092351048098185,1.983370074077806,2.077917027419864,2.1637147380756967,2.276464278612304,2.415994611580433,2.498133535504176,2.571383718157002,2.5094085275055478,2.462521314720317,2.454123429958876,2.487732328546532,2.5395081538552677,2.454641385465967,2.369655926062104,2.2582185770032424,2.1646285947059223,2.0928287571008046,2.036014135751512,2.079258649229603,2.225356892909508,2.248366767926833,2.2175756164936713,2.216887211298353,2.256338731342815,2.273713277543167,2.3269507576481443,2.327863673589927,2.442472660829212,2.6246495783209345,2.7155235389506673,2.9138804095668926,3.1506483405040893,3.4157845361405603,3.750099045299126,4.105059810296463,4.402851476973959,4.770437763077662,5.104936156215228,5.386663755539388,5.748869266889865,6.092271614505885,6.405409614430457,6.6242609589826245,6.740476015063571,6.735785503340909,6.602500363805062,6.4777415048373275,6.242547538172101,5.924623098670558,5.538394437725144,5.037373618369111,4.494161059488409,4.045525264333329,3.475695522854205,2.8466447600721545,2.255943322930667,1.522029342439915,0.7817890183616668,0
0,0.8376440337925214,1.6138808750063072,2.3529377766899557,2.9305767585867444,3.5628905333741416,4.128019464341849,4.570224154880912,5.091944362356575,5.576984490159799,5.931346952934628,6.202804646922144,6.405487256075219,6.514903443974197,6.642871654561403,6.638150317971652,6.540665094577265,6.320337733643146,6.0230380574691065,5.686038024036725,5.322261577510577,5.008955147265389,4.638123961641003,4.199716341855005,3.868009032603885,3.4798437686512815,3.1159127737953187,2.8088733047687278,2.56028736511546,2.3470687343568826,2.241928523183023,2.0621307519918215,1.9586582488235058,1.9921099415208028,1.9732990568743147,2.0050881715701108,2.010886617231677,2.0784612419481046,2.175354308454236,2.2212300530660873,2.1277366138128304,2.121830584477812,2.2343517996086493,2.323204375299014,2.433941398751946,2.578582183206654,2.6645500397562714,2.7622298032220667,2.7074617436437927,2.6709294241477233,2.6666696767648745,2.6984501385394677,2.751407284173326,2.651040372348297,2.565123358150907,2.4518867155420905,2.358276803934121,2.2785294531293276,2.2005328994533837,2.2208180302988465,2.3421868396671885,2.3314203243106735,2.2746410429853947,2.243846957362174,2.2737132775431976,2.2686826349074747,2.298355387775651,2.273524301530439,2.3658836190916417,2.530703531817531,2.610043219183484,2.807451049936922,3.0404838713059505,3.3125700624519308,3.641642119016365,4.0054475807655106,4.288887591882319,4.6561205379708515,5.001923280599777,5.303486374068368,5.685979898297164,6.0475772830524805,6.364380315166755,6.604383838783238,6.731671251597576,6.754179193578542,6.645732180244006,6.540952712714047,6.336331418431244,6.046874178656136,5.6622302955275465,5.159158111122273,4.61801381825582,4.1676025432842305,3.587626957606672,2.9415179189306824,2.3428887930945397,1.5815284737188626,0.8102250117673984,0
0,0.8626489305837298,1.665483915654726,2.4299798258443195,3.0169458872892725,3.6655040417389584,4.243500263465073,4.679729745483413,5.190101802956925,5.668725283383518,6.014620443097149,6.256618910991958,6.434079281273713,6.512487810320224,6.610608449383645,6.5661716339018605,6.445028442170824,6.200505520343798,5.88341728928167,5.527380750238124,5.154565502554961,4.8386313274684785,4.467518301691619,4.034261135134403,3.727394145002262,3.3466300231188235,2.998005879978216,2.702932788549172,2.4662708165830503,2.2614360328436214,2.177284928433856,2.03122961613069,1.948620896233365,2.0092687250905135,2.0115963914611026,2.060617816336645,2.0676653715189985,2.1426593251324357,2.2542613728783727,2.3152781512011655,2.2289376151905707,2.2266669212294636,2.3539374880081723,2.4401508557286475,2.543008374864643,2.68634478879068,2.76733444070327,2.8753909835356737,2.827977283550669,2.8050522696004125,2.805393631711593,2.833757887525068,2.89023792321973,2.7896199918373576,2.7122456048533627,2.6035752433166723,2.5176292905594435,2.438421372091086,2.3431970749328266,2.35680384018598,2.4696012410062016,2.4356682100685028,2.3535645697033916,2.3065772312582062,2.326950757648196,2.2983553877756506,2.3037565142169116,2.2504455867268454,2.321100934575166,2.451445990287437,2.50665124740838,2.6960256382693406,2.9168116706275966,3.176957285658563,3.490908323128865,3.850812669844566,4.113794788706321,4.474937988584906,4.8246247002511575,5.132290832138842,5.525511285434412,5.9041176993338516,6.236944624211423,6.499443536847704,6.649290995080858,6.710267614188893,6.632700279709762,6.557550097529982,6.377661841840895,6.118637418999099,5.741835781382352,5.246695475306283,4.716785852332352,4.272617751901296,3.681434241039818,3.0220934611566723,2.41780059604782,1.6289318957883863,0.8323219961531751,0
0,0.862921196972069,1.6736214648404257,2.4442430689724386,3.0325933195301675,3.697116823955311,4.2838481925388345,4.713256300619279,5.216395084006378,5.68997098590505,6.027180333928882,6.2486524058487225,6.398152238725968,6.448139600538543,6.518091297127951,6.442872425676888,6.302495394982684,6.039901016751595,5.702529646191142,5.331288297624996,4.945542698019869,4.62094303500958,4.2413677178816815,3.818824415414219,3.5215271198478146,3.1431225011238517,2.8113258559960492,2.5231289806008763,2.2946124722831316,2.0947218689419933,2.0355397375035778,1.9294818882259896,1.883223225958454,1.9753225164778474,2.002452188385359,2.0723826703158594,2.092563582587059,2.1897984904795553,2.3237826484785273,2.4099897980311744,2.3447088977385007,2.3625300276079666,2.4997169212725887,2.585249309584224,2.6943456552200202,2.840172125190718,2.9216189444863256,3.050949853412342,3.0163284338431127,3.01780884785909,3.023582396591994,3.0378293973218846,3.0926411824587943,2.98005766471625,2.9062526991352367,2.794675794372729,2.7030285792423516,2.623151061761658,2.514025126809292,2.50269764577342,2.588602840149386,2.520636817595866,2.407137896916974,2.3284952211217997,2.327863673589916,2.2735243015304865,2.2504455867267517,2.165111872159355,2.2005051007167165,2.2905056530897907,2.321892763506336,2.5093736918587086,2.7235465382214215,2.977183383057151,3.2763654291144473,3.636686810395368,3.896381094075542,4.249875780841461,4.612270986779364,4.931584804680559,5.336726476575601,5.727374233541871,6.077928143125522,6.3535899686306,6.518695087083985,6.607454647710419,6.553693312540313,6.5029914116706795,6.3489664291683905,6.108134602362014,5.737814735246906,5.2480645223241,4.7264171296893975,4.289096228068747,3.690774113688895,3.019620491843972,2.418772086465571,1.6266143409651208,0.8267269374361712,0
0,0.874321815116741,1.6946586013899971,2.4740569748287786,3.0652052990239187,3.7393691368496884,4.341324282155606,4.773562695488282,5.283759195627599,5.767876710433121,6.104638464913747,6.306090382602868,6.4374239326522655,6.461195212132147,6.509361782871372,6.4032421405377615,6.237255938838032,5.964461968580216,5.612506274024562,5.221743410089611,4.81475990627886,4.472800641437377,4.0825464662797675,3.666734734613031,3.3833082294467607,3.022418401166849,2.7057171521609242,2.4330325230557386,2.22042794172072,2.035543883007732,2.0112112339903785,1.9435830740885847,1.936471228915985,2.063922956729589,2.1105236960287455,2.1971653264444586,2.231829767331048,2.3367770735067084,2.472531589413019,2.564672077047017,2.5073726717868774,2.52344294980145,2.6527356074691597,2.7211925778663324,2.8101565313538552,2.9383366233432833,3.004400725072074,3.13369942740287,3.1057986432174793,3.1137807986007116,3.125089594157524,3.1437711488176157,3.202469231279375,3.096107317392967,3.0402162375390307,2.94675367963025,2.8740308455980603,2.8103765667072063,2.7061423188480065,2.6909804108145887,2.7641769792023143,2.683145499983441,2.560141563815693,2.4659472698527782,2.4424726608291363,2.3658836190916372,2.3211009345752305,2.200505100716726,2.199644838470814,2.2528950954794102,2.2523860360754044,2.427651432995187,2.6281376800204193,2.8653608717367565,3.1489683436751252,3.4922639910742976,3.742000432228565,4.092134429480819,4.467884357315538,4.804563382669925,5.228974896261397,5.634245519894158,5.994289785092011,6.274507432657911,6.461197258948619,6.577223599671622,6.5429055954783415,6.5158963638889915,6.3801441005483435,6.157456108750355,5.7865669777372775,5.287153851698365,4.760216219693063,4.32186767373273,3.710881761062602,3.034104156688243,2.435583498330855,1.6379858713811448,0.8318013293864124,0
0,0.8898776665046347,1.7312608827742697,2.5356992209348235,3.140888636304989,3.8284656314805385,4.449232292980985,4.888431128862323,5.40243769586226,5.895082623877751,6.247943283053414,6.437330031736131,6.561305513256869,6.567595469093671,6.583151933820002,6.4425319311653775,6.244797084810367,5.9437802694734065,5.563084564984265,5.155695412515702,4.730499489390286,4.364243278893741,3.9614608125995363,3.5490238345972767,3.280386699262121,2.9347782163422877,2.6399576912106313,2.38672073862904,2.191484340391507,2.027709768873531,2.0328418422290944,2.008137347345794,2.0390510596397498,2.20686324311493,2.286053246421049,2.3873283345234473,2.426908271361277,2.544471412245051,2.681317689091497,2.759305151149149,2.695781837829783,2.6905056115572044,2.796179944002975,2.843502983012258,2.890919773701935,2.979677512123571,3.0127290715501753,3.1269942021925687,3.0944015059293304,3.108089578644068,3.124294277547774,3.1445305622346207,3.213541686786792,3.1265887912780186,3.1059685074929586,3.0520484324873345,3.0199926793095275,2.977368399461029,2.8946837547447197,2.8982525533820716,2.9744408582168957,2.9021594486933084,2.7718878674018548,2.6582674349740083,2.624649578320963,2.5307035318174886,2.4514459902873744,2.2905056530897223,2.2528950954794253,2.264861692946891,2.2373021907075543,2.3932284866637614,2.5780502986372698,2.7951551923548856,3.0560600330285586,3.383071584192954,3.6198969737671023,3.9706226914715166,4.36124881275318,4.721811571636996,5.162500945965725,5.578618582529687,5.961751980960198,6.264616089887257,6.479696924735571,6.629269579742191,6.625020325532228,6.615540804562905,6.4895241944576405,6.28072955794966,5.8956270052856805,5.3914768050963096,4.864299040267732,4.4190395388865085,3.7915644325683466,3.103734384281406,2.4940016754570706,1.6724545229253538,0.8462399738728628,0
0,0.9006526793735301,1.759997995421055,2.5841333151042325,3.198259345411289,3.90429905359537,4.543801951244294,4.990490077298301,5.510828688239429,6.007320695354109,6.356663251021751,6.546174459367141,6.658141973990573,6.652275250518604,6.6466945274549865,6.480025080891071,6.249226302368866,5.923760210031838,5.514715323405551,5.085167942409511,4.645572462866908,4.2596992367942175,3.8436196631230346,3.4385133249523947,3.1797260043838724,2.841136167316783,2.5487995745767655,2.3142208019477057,2.127372580812159,1.9846171595488815,2.018723827988127,2.0229090501047793,2.0877221100998113,2.282101343730798,2.3860011361396367,2.4953651219064534,2.5480994491541122,2.679899096734156,2.817767423221222,2.8926466267390896,2.827345287639611,2.812219974560909,2.9027285311463364,2.932870588140195,2.953950310494022,3.0073999204315305,3.021470346564644,3.120934575747258,3.0963105927904633,3.1171504868767483,3.1362599499392383,3.1559326771823777,3.2216967527069063,3.1527230115373985,3.152883182749661,3.132122718972638,3.125816556342351,3.098109687582941,3.026476105925416,3.0355118626005324,3.1107061314411855,3.0353898216979704,2.897471628791225,2.7640828239299804,2.7155235389506833,2.6100432191835194,2.5066512474083904,2.321892763506379,2.2523860360753734,2.2373021907076294,2.1838156253565573,2.322696677628884,2.5025831935614495,2.7016959038327775,2.9610623666548803,3.2822500050061163,3.5127432387915434,3.8614062417347577,4.266674459825927,4.645993577267323,5.098670520420996,5.530345133335353,5.937847719507924,6.261638429199767,6.5078187940157655,6.679426513070926,6.695799918286007,6.6995373872530015,6.586735891567303,6.3775403969107325,5.997192044271928,5.491978967880102,4.96226312925685,4.5116088376895345,3.865035532188255,3.1607376576116284,2.5442106477277124,1.7052588338221535,0.8582601726303469,0
0,0.9141424313652653,1.8019161568868334,2.644761264804503,3.281290107068201,4.009443280241178,4.673178149337948,5.133360459952843,5.654901815186443,6.159446952448304,6.504742778255429,6.6998335266525535,6.816969907429327,6.815330529809124,6.793482219872284,6.597024341567067,6.349958097292093,6.0125672861446215,5.590501928936803,5.152575013312065,4.704350361453662,4.312745125161641,3.8953770159754706,3.500900121733244,3.2592921896298668,2.9418955066940136,2.66590936854763,2.4510101340378836,2.274325604885375,2.133460093383916,2.1876837485242437,2.2128068349108587,2.292413261406554,2.4913041868261954,2.604169215899143,2.7126628924986607,2.7468352258078834,2.859795869315205,2.9776936437784007,3.0233891204972214,2.927158908097364,2.881356857254429,2.927239232911046,2.916195007038448,2.8846780849806835,2.8945438555720937,2.883135278614904,2.9565485223998644,2.933375511446016,2.9695149902317852,2.9923252825921893,3.0033038774795395,3.070645096111349,3.030581877137688,3.0599009023678962,3.0821831392051,3.1258901743935246,3.1356641111201347,3.1063123878568084,3.142601255747653,3.244372346652086,3.192304874037635,3.068128664597375,2.948242053834278,2.9138804095669566,2.8074510499370313,2.696025638269431,2.509373691858729,2.4276514329951313,2.3932284866637183,2.3226966776288247,2.463773325519981,2.634880400360544,2.8140045499105817,3.05748431731336,3.359067752023449,3.573774269461356,3.9136984891347484,4.321356046801688,4.704961225797814,5.161998442212692,5.595926206454705,6.013053124970877,6.346541588559854,6.6086974795626,6.811107982051117,6.8464350107527325,6.850205376380678,6.737395254668215,6.523809751058951,6.149105682692385,5.641240954834138,5.1149679206904075,4.65272253166182,3.9817729985974246,3.2570393283787302,2.6167524693205,1.7578097012538456,0.8772337786773878,0
0,0.9307957537458935,1.8538523484952132,2.7243289893160116,3.3886647779955736,4.1412964301121455,4.839098935458521,5.319709275476362,5.848089489633331,6.3553344612965175,6.715483390055793,6.911799384260156,7.042027700521784,7.043668894417436,7.006678659852457,6.789762242298401,6.528625324092971,6.170296311661978,5.727954295787391,5.269684018129544,4.816576022243729,4.411493617647781,3.9849340830729973,3.592214083203391,3.367934020614994,3.0620940278873454,2.7902383101950035,2.5949172926896398,2.447419002793847,2.3192441665688226,2.3832091072863304,2.427207342802933,2.5228324114006333,2.7312964473546324,2.85680306841733,2.9706371094856268,3.0065762112825825,3.111384281622939,3.210588980547058,3.2335068696899474,3.0943926299227305,3.011195519689612,2.9990611281920097,2.9357371908470866,2.8490624365095365,2.812068955965579,2.7681103005161103,2.810608342315914,2.7700527560885218,2.8086974357198735,2.8323390729493965,2.842650353678469,2.926931053175955,2.9186612966883865,2.981950623070049,3.0519677548618205,3.150279410140923,3.2089582856428818,3.233205085811294,3.3053793832219203,3.4458186636347827,3.4143258171404898,3.304058779720488,3.1883459580915128,3.1506483405040857,3.0404838713060522,2.9168116706276397,2.7235465382214294,2.628137680020423,2.5780502986374003,2.5025831935614686,2.634880400360601,2.7786735104234044,2.9391912925888404,3.179369833500946,3.471683970721888,3.6707873262364865,4.010048787660132,4.425722011776297,4.821314934422285,5.278549052801952,5.728457776564676,6.160982962981105,6.511322031615285,6.786193597493721,7.011597308457849,7.0647031280261,7.07073472897238,6.949633453305657,6.738342617878593,6.353495827666394,5.847888804708045,5.319496172506541,4.838812862853105,4.133849429059388,3.384570298555901,2.713169044343332,1.8219658871891353,0.9001014228015657,0
0,0.9540548048279064,1.9114665891869436,2.818630479898304,3.501679021708913,4.280897636981953,5.0050955155282475,5.503538012066522,6.045610732165978,6.564203377949364,6.93434973318237,7.130019412369648,7.2607622396972005,7.258891868841048,7.200725607566653,6.964258877680018,6.672394551310214,6.2963924579768635,5.819103115051093,5.340161708869076,4.873511212283207,4.455983471685483,4.022381229390739,3.641620725376905,3.440291087708081,3.1569152096891613,2.902075099383353,2.7450498867053414,2.6223299422334696,2.5205771779633044,2.611373829627437,2.6811224528079602,2.798393124306824,3.0176785923838136,3.158389704177368,3.2662209851116164,3.298111676863405,3.381515756968489,3.4578340449274356,3.448933574643051,3.2654922332340894,3.133372779026009,3.0608654536867825,2.9395946091225036,2.7967759882714884,2.7061519151992743,2.629718861058605,2.639591706213045,2.5933983689025872,2.623034999312066,2.649700600438246,2.6718179676864997,2.7637089454119286,2.790853630759503,2.8880120509074563,3.010279675816361,3.1628704933056153,3.2734396470294356,3.351605406678255,3.4669177904986856,3.646088676051109,3.641631613863272,3.5493503713833436,3.4504628312193772,3.415784536140606,3.312570062451963,3.1769572856585335,2.977183383057168,2.86536087173679,2.795155192355032,2.7016959038328516,2.8140045499106656,2.9391912925889367,3.063190700566722,3.284949445175982,3.552757898917863,3.7269391446327527,4.052159810584381,4.471269321099222,4.874787804885981,5.3408661288328085,5.806873601450178,6.270167011687483,6.63478604803678,6.93957211774949,7.186185858756565,7.265630284774064,7.283212460664079,7.170670999727441,6.966168958641848,6.577787435890808,6.068192563043361,5.532826135089157,5.034903223870888,4.301392065922453,3.5227496069112703,2.827539351550336,1.8946255084311796,0.9310755970856595,0
0,0.9697618235424778,1.949810994187405,2.874406019543301,3.5771181496727844,4.3730803212920355,5.119045503118192,5.644356885612146,6.209192215291856,6.748226239627189,7.14196504503035,7.358278919771271,7.502639202631066,7.511300617535128,7.442470856200856,7.196937039409693,6.886751307920215,6.508435837396821,6.0230118280401,5.537304279043713,5.055233509342686,4.6271845707514565,4.183320532665073,3.808453351843878,3.615200648183354,3.3554873613551504,3.118938783689199,2.981336789255795,2.867196002847565,2.7857486296056404,2.883584238980118,2.9801028190614933,3.11865247245475,3.353614598765316,3.5115515883175386,3.623527716140716,3.66241987060735,3.723237195794413,3.7777068652981836,3.736700322869361,3.528061416439293,3.353790204304061,3.2303078122623914,3.054302510639711,2.8655290481351137,2.723350855035368,2.60304402729308,2.577631235290172,2.5266784404599623,2.558612781725704,2.5866676546980165,2.60961492234066,2.71000522389121,2.772092563562278,2.9108863964910823,3.0814674173173615,3.2790164058444864,3.440551396985028,3.5653131335436186,3.721321917604502,3.921449896295136,3.9458569618940866,3.8723897519269745,3.793094243934671,3.7500990452991845,3.641642119016385,3.4909083231288607,3.2763654291143984,3.1489683436751457,3.0560600330286216,2.961062366654928,3.0574843173134214,3.179369833500894,3.284949445175996,3.485184095815146,3.7293083089367776,3.896163531727675,4.2175049126246185,4.644940433830303,5.056866781198855,5.533132056938449,6.0001164689502735,6.468925384381504,6.834233063062211,7.155002553353765,7.411473893095533,7.5045306748479454,7.518016044002459,7.399571961978859,7.18138955300372,6.7770202992565585,6.253324594082501,5.7034289254957775,5.179926647663836,4.423322930797161,3.6259516797399294,2.907214577029123,1.9526521497004037,0.9574024293112019,0
0,0.9789695776942373,1.977041919947738,2.909146094085251,3.628453158782103,4.437099263122253,5.19781690947912,5.74898842105917,6.3271071709414715,6.881584845138842,7.296717713042291,7.5443217139489205,7.717919867479617,7.7563277566398074,7.693397505898024,7.455293128971444,7.134090776551471,6.755570361046843,6.2644948964104135,5.781549522130292,5.288686014768073,4.85578536596855,4.3953448824853805,4.023129063557588,3.83012311569212,3.600825669769397,3.388517232908479,3.2750279127480897,3.1744840083059334,3.1182260101922123,3.2269577896166326,3.34260832426421,3.5011772556883285,3.7349934367876942,3.898052869305659,3.9978186726931164,4.025149342328779,4.062583447833969,4.105512180577726,4.039132103712471,3.8041875456086367,3.6022557422455947,3.4491928419343267,3.230574819967679,2.9988031891504714,2.79813682198613,2.632846975203387,2.5645681888941714,2.515826619316329,2.5472706692185354,2.576440745439946,2.603405323885516,2.704594012016914,2.80845238302212,2.9940691131723915,3.2217506867164287,3.460857818709299,3.6627902909049697,3.8149629218572887,3.9955626111932565,4.217284125519193,4.263565222869536,4.198884001645231,4.139922443538227,4.105059810296568,4.005447580765573,3.850812669844604,3.6366868103953363,3.492263991074286,3.383071584192994,3.282250005006237,3.3590677520235115,3.471683970721897,3.5527578989178803,3.7293083089367647,3.9406893420268676,4.105164665365179,4.423184869757861,4.864130931126155,5.277833708379791,5.759923202113041,6.221803314562391,6.695490575266556,7.062333535424738,7.393483888005375,7.644944532014846,7.73821855071955,7.72942921714922,7.590111283568075,7.347313850922647,6.929288745852802,6.396821863182004,5.838824022501289,5.2902608102373225,4.517830460163698,3.7018765034868477,2.9627495070299683,1.9971504403206513,0.9762562850822835,0
0,0.9792488483013394,1.9864744669728787,2.9245214024068438,3.670751992203604,4.5004116160344925,5.282541082871363,5.8497460416138765,6.449221039923306,7.026152963760378,7.462736351144594,7.742384773406588,7.950050919559295,8.022817158442917,7.970118085755469,7.740031966249493,7.410225100071087,7.03078305681484,6.539640910514545,6.0451659450349995,5.538136543123322,5.10014619443055,4.619899893783665,4.225459980278814,3.9976890526373423,3.7703896704624063,3.566237020223211,3.4791638771806936,3.398351281711751,3.3611909532576094,3.481497321458831,3.6114625364594612,3.7816274851880123,4.018135183277939,4.200702127739097,4.313174242433681,4.3502985016192515,4.389891543588098,4.435565035026634,4.364930793267151,4.128775500266695,3.9085807232152017,3.741544245259158,3.514950524377616,3.2709391443797626,3.0383095192141276,2.8437169916480047,2.7426298303612366,2.680333237371316,2.707819926523241,2.738160434815593,2.7691697445726975,2.883441517217238,3.018068382532481,3.233284593206273,3.4918462807579016,3.7418968715897147,3.951721642334761,4.115653184128984,4.31394096108745,4.534900574353731,4.582978073194817,4.512306565877504,4.449033817696993,4.402851476974035,4.288887591882395,4.1137947887063175,3.89638109407544,3.7420004322284313,3.619896973767043,3.5127432387916344,3.573774269461364,3.6707873262365545,3.726939144632735,3.8961635317277556,4.105164665365183,4.303317218786204,4.645494343057939,5.104448600045906,5.520033849531124,6.009767267498075,6.481614499182671,6.956552903534238,7.325698045701214,7.665595063002947,7.911728945996974,7.997652159865953,7.962308289467144,7.795668199079464,7.525569440336205,7.09227529485843,6.542151324308329,5.96892043193219,5.404503170241991,4.609188296622764,3.7675949385867105,2.9976751955666954,2.023872327720193,0.9877527783582877,0
0,0.9917583791522543,2.0115669652875927,2.959218086144427,3.7418365043260393,4.604724593685126,5.417906611901444,6.008688622303828,6.633387228183742,7.2371114511771655,7.69753579276154,8.01405836378703,8.250177811749907,8.35105188262751,8.314487378352933,8.095152261301273,7.757938498427116,7.385402269641245,6.902860324694807,6.409153172328648,5.903418172589688,5.473442871502915,4.988845127110486,4.582229290751789,4.326960391040982,4.099843462447869,3.8953382363918907,3.8213802598617015,3.743682983837342,3.717205403995039,3.8443823340408922,3.977052390970391,4.153047899086945,4.393471232047751,4.580032256366017,4.689584416681977,4.726675497484349,4.753983785662366,4.791582206382353,4.695648072750509,4.431264655853213,4.168779429130768,3.9812126010929596,3.7383944525064123,3.4662258149384497,3.1989846225355487,2.977842700912533,2.8529595929785976,2.7838125597935357,2.8084836960846773,2.841412005665909,2.878188656268429,3.0024843673497528,3.1599619750071213,3.401578242260077,3.6945742502844103,3.9713630533111446,4.198329254108404,4.380498007967401,4.620354925668099,4.869527751401602,4.940783577621701,4.875339282441655,4.820732619609999,4.770437763077686,4.656120537970844,4.47493798858492,4.249875780841518,4.0921344294807485,3.9706226914715836,3.861406241734787,3.9136984891347186,4.010048787660069,4.052159810584443,4.217504912624669,4.423184869757839,4.64549434305786,4.99870637951423,5.457492923727337,5.861385432976344,6.345516388865275,6.816394489035594,7.284385839805873,7.648435794668643,7.999335555629906,8.239564212252406,8.315714102590972,8.259591993743049,8.07479784200602,7.778482499779673,7.330913046667334,6.75964203385855,6.1653592333297755,5.57765475327139,4.747414578505964,3.867807664682109,3.0561101205944285,2.0676770984174904,1.0120865268968409,0
0,1.0075885885766078,2.047354466456601,3.0122243268123188,3.8305605820362882,4.733106446904607,5.582528086840701,6.205764631783764,6.854803329672763,7.478256201204331,7.95875740342021,8.30923784746536,8.571965830665922,8.70278590832132,8.681856979561466,8.485036919495567,8.152782528864693,7.794793559206905,7.334101591792701,6.856483816299819,6.357778482889238,5.940207558204686,5.455916378197221,5.049168270612467,4.773883297450443,4.531212293868679,4.317755618145091,4.241008435559449,4.158360524800816,4.133861820062733,4.251477972470494,4.37135213901136,4.53571356077276,4.760403376919732,4.93946644807376,5.033552219119907,5.064662630570478,5.075409320064317,5.095050479110664,4.979793481504808,4.69714032817121,4.409678526979793,4.1989241524500684,3.932635339747646,3.644475426480042,3.3607591615393684,3.1154305531260653,2.973042220584203,2.9013256822724984,2.925368753259076,2.960824319867195,3.003033948404683,3.1356866633484106,3.3116762072907457,3.5798183113935855,3.8899704469200067,4.181839645346967,4.431420789512224,4.634432830014773,4.898307788976448,5.163393625842748,5.250774774828142,5.198623644994752,5.154182315675342,5.104936156215132,5.00192328059979,4.824624700251172,4.612270986779351,4.467884357315576,4.361248812753215,4.266674459825906,4.321356046801632,4.425722011776249,4.471269321099304,4.64494043383037,4.864130931126073,5.104448600045934,5.457492923727313,5.911265092385587,6.29760409901756,6.769538702014208,7.222235505617142,7.669887351360874,8.022226516845647,8.372309861697161,8.594125019130178,8.659356530490998,8.57894647729107,8.373389124890602,8.050607112952475,7.591477114122919,7.004881825720419,6.388027925073056,5.767853426815345,4.898653246523499,3.9765422645358606,3.1265998353801105,2.1185332584871364,1.0372947615294132,0
0,1.0153895332369793,2.052900957880244,3.0285534915740326,3.8737795011282112,4.790694359970627,5.664193926132578,6.3060742553031375,6.973868556466259,7.608291393156411,8.111405411157612,8.495266365396319,8.800578682531194,8.963120329596057,8.961713655026333,8.784187696092863,8.471254496347491,8.12894762263106,7.693480696806204,7.237290999140899,6.754703758141181,6.340881612605114,5.869701269033413,5.474651178766838,5.196836643965785,4.951391886049729,4.728693337737836,4.645461898452435,4.553780220374903,4.530738691648366,4.634697169798933,4.732504158006038,4.880080576209084,5.089972345492421,5.257440777910834,5.325709218710216,5.339229486345636,5.33248828640167,5.327778562409692,5.190843301358931,4.88107245854764,4.571786929783242,4.337375677918009,4.046254724426122,3.741908788778325,3.4440428320340213,3.187164910030847,3.0382753826064883,2.9703889339754497,2.9888932684171245,3.028721796007694,3.08500123857797,3.219729753473739,3.4051924733379986,3.6857874664064716,4.011880612232933,4.320041374338454,4.5933604080095645,4.818320550960929,5.101986280642166,5.388168116476457,5.493442377806265,5.459549255553064,5.425610068780884,5.386663755539352,5.303486374068313,5.132290832138821,4.93158480468056,4.804563382669969,4.721811571637063,4.645993577267434,4.704961225797866,4.82131493442223,4.874787804886014,5.056866781198839,5.277833708379749,5.520033849531049,5.861385432976264,6.29760409901756,6.675657474071589,7.125823190227063,7.556432077462197,7.981436652096556,8.322055946863433,8.655060654385567,8.860402380120012,8.910135978813882,8.804294586573244,8.562344531265504,8.212355714158317,7.737875936865109,7.145314032261025,6.512712097244595,5.873200278601878,4.976901665939666,4.036551286007939,3.1583643691335093,2.139422350321974,1.0539932847603048,0
0,1.018826642992445,2.0492184446601276,3.025881678028896,3.893592363142027,4.83247472267276,5.721857844966906,6.401282701185979,7.092544971540097,7.749959457038933,8.280334360124444,8.703078112096135,9.05259297771398,9.251380718400384,9.277199695459558,9.14341991939843,8.85687167883034,8.546944561402778,8.14163433993682,7.708562398338331,7.22961066953743,6.833265952499555,6.372538152504132,5.983351070671711,5.699535590579675,5.446686343123553,5.214822544221491,5.124034719091702,5.031756461038306,5.005353774164234,5.100626079409784,5.183542519025053,5.309837251529331,5.500489918587365,5.649622154036552,5.690341977899493,5.689955428205734,5.66571423509229,5.63827010152231,5.474081265077163,5.128112595000729,4.782936056262801,4.518034277748483,4.202550300154329,3.87870106703837,3.559053614460903,3.286749352767133,3.1195650991675286,3.042297990394943,3.0586581828520196,3.1037090977140274,3.170126238633971,3.31981972037763,3.526248522540444,3.8245649772464385,4.173974994886166,4.503875611577687,4.801694973887258,5.057466961248878,5.373464835639046,5.692339733111034,5.820588488235523,5.804921415758629,5.782320094071337,5.748869266889791,5.685979898297102,5.525511285434401,5.3367264765756115,5.228974896261395,5.162500945965854,5.098670520420954,5.161998442212558,5.2785490528018695,5.340866128832848,5.5331320569384195,5.759923202112961,6.00976726749793,6.34551638886518,6.76953870201417,7.125823190227109,7.569721373589641,7.978876092079677,8.37805057130173,8.692238718737212,9.002656615514208,9.168475012348695,9.195139666905156,9.057828861958145,8.777527668773317,8.395503880649787,7.900431643935785,7.288572371844927,6.633059707703065,5.955838398070995,5.0421155899262855,4.075725133984108,3.173572127972043,2.1513872517361246,1.066860406269497,0
0,1.0109891564631477,2.0256145604220865,2.998470453586322,3.882224182468798,4.831636183231425,5.7231005782780695,6.427255843842207,7.145813925703353,7.814218922141654,8.372325904129491,8.833962751683094,9.231808734037696,9.469955921538972,9.53727083608803,9.449451183024701,9.195790903320763,8.916681634329851,8.55423925234631,8.152627497210727,7.69416709657,7.31606969200265,6.870942558260584,6.48151460727168,6.1857768192330544,5.939226709007993,5.708253859093646,5.6029753989745315,5.494931852419373,5.466645944375802,5.5461666993488725,5.616039750576234,5.723941190443636,5.895849737358069,6.021083545018292,6.034054964009614,6.022629335196977,5.978029938162178,5.930833336731595,5.7524882189133955,5.388148877630715,5.018943908858058,4.735495493845822,4.401203021193955,4.071529518949905,3.7221905182502404,3.431682534361538,3.256327803641395,3.173110807077158,3.1850622362411576,3.23207274520967,3.3082766575004574,3.467859933107124,3.6877510958755337,4.009194635854226,4.392110583156836,4.729681189557396,5.0476083098948,5.322354833119496,5.66006749919258,5.994854638645627,6.132962642388049,6.132265371242495,6.123514460967901,6.092271614505843,6.047577283052462,5.9041176993338995,5.727374233541925,5.634245519894251,5.578618582529769,5.530345133335314,5.595926206454616,5.7284577765645475,5.806873601450037,6.000116468950184,6.221803314562345,6.481614499182603,6.81639448903557,7.222235505617062,7.556432077462293,7.9788760920796475,8.35991778452893,8.722012835354796,9.011968102744612,9.295439230779346,9.419547463590837,9.411198822882305,9.23899311848602,8.916695741230054,8.503568144970286,7.988905508249293,7.368227667486914,6.684441368620004,5.981374139504621,5.0626987288972884,4.082812782534622,3.1609772631301123,2.140138870522673,1.066637155912786,0
0,1.0259501130777011,2.0364787760009535,3.022997111834611,3.923871409172121,4.886550765225472,5.776737387581152,6.500360476773608,7.246791120224757,7.926221064600372,8.509112624416176,9.01289176495382,9.443016118067861,9.707840840678083,9.810891295793564,9.757918863918942,9.532598202596107,9.282454747420708,8.942747248374724,8.58041419809233,8.147661528058329,7.788435015910738,7.362412759010558,6.980191786016137,6.687009614675478,6.43943193547187,6.204893721208575,6.0707242090284,5.947463443306722,5.907652943048346,5.961823047060954,6.004870441490705,6.096134327355018,6.244062346531776,6.343471044488057,6.34324173794229,6.315005020370692,6.255525509059523,6.197767342648603,6.010575249208859,5.629567971578059,5.255066026768777,4.964821030662408,4.629243127335024,4.2962885365350845,3.944643349260036,3.6436853116821593,3.463539469979112,3.37285828480648,3.380298383575168,3.428793374830026,3.5106072216739728,3.6801974565117144,3.9087970169163317,4.24358185529633,4.632845978363328,4.977504969947346,5.299227692546525,5.584192514273244,5.927253160123659,6.27853485901679,6.422670489767764,6.428316199597226,6.429445895998273,6.4054096144304555,6.364380315166772,6.236944624211438,6.077928143125556,5.99428978509211,5.961751980960196,5.9378477195079,6.0130531249707335,6.160982962980932,6.2701670116874615,6.46892538438152,6.695490575266454,6.956552903534096,7.2843858398058625,7.669887351360863,7.981436652096524,8.378050571301644,8.722012835354787,9.06529005839075,9.332438000499426,9.590679525740628,9.682045241538697,9.639814837153546,9.445170436732072,9.093425118733443,8.646615860372231,8.114974424142572,7.484783377651539,6.773303128741497,6.0503397384343405,5.131803742438922,4.137645602115467,3.197832048494213,2.162035037251051,1.0888639664806599,0
0,1.0304286711694737,2.0353490589426206,3.023236830341009,3.9294043410018777,4.902480471566354,5.790416984064129,6.520609915204885,7.285641695827239,7.970210565393653,8.579742888323876,9.117249471308686,9.575511927068758,9.863754493475284,10.003625657679763,9.987382508631612,9.793815323584445,9.573806609140382,9.261448363926785,8.926725345229652,8.522444989180478,8.175067260014334,7.76162755362327,7.385046477882384,7.089547770070351,6.8398006182113305,6.6049369667493565,6.456829987614768,6.3141377654029265,6.260503960514769,6.290963841843201,6.305619401033604,6.380898650511194,6.505241990968225,6.572948543551723,6.542974359672007,6.493906492067577,6.4184489091739465,6.351073876129436,6.164719448362725,5.771107801996365,5.399078783606197,5.107105588513177,4.763846029903142,4.4296774505076355,4.065978270039569,3.744803945257972,3.5546541561457383,3.461536873453785,3.4628803793633263,3.511761181053582,3.599554082520605,3.769782134024452,4.009505001337123,4.366777027261765,4.7708369260706345,5.11969166865444,5.453683770654663,5.746977701496826,6.091878255062538,6.459643193771315,6.604750799570645,6.61943965154396,6.633612555149551,6.624260958982673,6.604383838783278,6.499443536847704,6.353589968630679,6.274507432657957,6.264616089887249,6.261638429199708,6.346541588559779,6.511322031615158,6.63478604803684,6.834233063062242,7.062333535424686,7.3256980457011975,7.6484357946686465,8.022226516845649,8.322055946863433,8.692238718737142,9.011968102744625,9.33243800049938,9.573735616789193,9.806078060309224,9.863066830267499,9.78705027642082,9.571296694349446,9.193698723345408,8.720489226160947,8.170002226636038,7.535426044597168,6.805452571110396,6.0773115025409155,5.160232401439991,4.155450271129231,3.2084317013491916,2.1702846892347005,1.0987443802597545,0
0,1.0234810507014367,2.022492351301266,3.0037568193259006,3.9103552487434614,4.881181185884366,5.766521194354013,6.508655532000511,7.2854929016915255,7.975319783684859,8.612004331769468,9.18186468931536,9.67744415407909,10.002159675739229,10.182107717536674,10.197652958429233,10.0358942601136,9.843684288782654,9.560795065068087,9.2551210575295,8.877163322927696,8.548128594611196,8.139362733801264,7.756145064101036,7.454860958391893,7.195380686906881,6.944229749671909,6.764865988528216,6.6058275759722695,6.530824755594732,6.525354309667761,6.504432551794504,6.548824691835099,6.648149216473183,6.684610024440054,6.636515105137575,6.57309669773293,6.486566263605165,6.4130033995418065,6.222969383005741,5.83801708352531,5.476873472849355,5.199521377924953,4.867204131318266,4.533628731586946,4.1648860490861335,3.8302778977703524,3.6414820926291656,3.536993607644852,3.529268922503235,3.576902964544468,3.6710877176411256,3.8512979597832495,4.08938794562696,4.459284874362869,4.870500087634357,5.222651986975215,5.550712023719946,5.83640015652033,6.17711454844512,6.542209924711385,6.694891110703463,6.718193486345942,6.7408364027450185,6.740476015063632,6.731671251597553,6.649290995080887,6.518695087084012,6.46119725894868,6.479696924735586,6.507818794015738,6.608697479562534,6.786193597493708,6.939572117749531,7.155002553353835,7.393483888005379,7.665595063002905,7.999335555629928,8.372309861697156,8.6550606543855,9.002656615514194,9.295439230779285,9.590679525740638,9.806078060309238,10.008838654977312,10.032943372406299,9.916412381891163,9.663301785727944,9.248438240650042,8.748441698578578,8.176556031057505,7.535596332249737,6.792830606660616,6.053944681006461,5.140716663527725,4.1394202605227575,3.1922084161662156,2.162056641277352,1.0950725820115021,0
0,1.0069236220922015,1.976267138204478,2.9403260960012605,3.827170768477666,4.772459051691506,5.643784241883581,6.380135319128245,7.156764378738124,7.843060254528695,8.495086050749617,9.093716599946152,9.623692414411726,9.974477278097302,10.192996550506093,10.239633976183953,10.111009803090841,9.952246914502956,9.702363393506253,9.43994935116747,9.102465678190411,8.78980140511572,8.402916028480014,8.029529550714937,7.737028783283685,7.484243735159477,7.224435692440838,7.023175518498904,6.837504385555077,6.725478074567525,6.693801928295996,6.635710120107424,6.64417646246003,6.706661679120263,6.696181836408754,6.61569666992819,6.525373828165075,6.419010320419909,6.327982204048447,6.130340841782556,5.7386605948679446,5.394379640451963,5.136847405239237,4.822411124779353,4.499215606549161,4.141806336515116,3.8054525472644554,3.6169085568121093,3.5138429862862663,3.514127830331518,3.5615157287855475,3.646433492850873,3.8239248256891316,4.062071351756792,4.434838905267785,4.838309315031362,5.183426600082087,5.498420584731431,5.770633380955692,6.098168839802902,6.472350303839151,6.634449600756729,6.6753814026408875,6.714391537653829,6.73578550334094,6.754179193578587,6.710267614188896,6.607454647710493,6.5772235996717345,6.629269579742193,6.679426513070922,6.81110798205107,7.011597308457832,7.186185858756533,7.4114738930955975,7.644944532014798,7.911728945996856,8.239564212252409,8.59412501913013,8.860402380119991,9.168475012348749,9.419547463590757,9.682045241538725,9.863066830267531,10.032943372406244,10.023668697187519,9.867882494125546,9.588254887831962,9.140106667952484,8.618554172052473,8.038301761999115,7.402416118105914,6.660479636631944,5.930372637128971,5.032966853802196,4.058980483992223,3.1319962852419256,2.1197702768061317,1.0821938857106475,0
0,0.9817642819493573,1.91637754930946,2.8472737950963194,3.6970945841453324,4.608283513676621,5.450193851391132,6.175287238579687,6.942973393048567,7.62046372354192,8.281023579088108,8.889245407319791,9.429357687823881,9.798108334907855,10.04167926138968,10.126161968458424,10.039037986488799,9.913002816558954,9.697570797928524,9.472303110960867,9.160941924938259,8.864648340732023,8.493761359698349,8.135499691127148,7.854742381243232,7.605462936934726,7.336093654804726,7.109329357658435,6.9031078561340244,6.7669119402146505,6.7109450361629674,6.617321204478145,6.598658946280785,6.631291274892469,6.582442984330762,6.472477898997999,6.367139371064247,6.265178618041107,6.174989869481706,5.9886083250952815,5.614755779901792,5.300869760756187,5.075468672894445,4.79917106774512,4.511741628325881,4.17806310893717,3.8574689265751654,3.686726975503514,3.58211838062162,3.5786835388882476,3.6243575205418765,3.7089594389557905,3.8850400589958864,4.1046542869935925,4.4623873364773825,4.843881074450233,5.156156809156873,5.437513913482511,5.682780854015824,5.983025702681985,6.344037095079072,6.4963787224077745,6.536771515167065,6.569524967864974,6.602500363805123,6.645732180244093,6.632700279709791,6.553693312540377,6.542905595478323,6.625020325532255,6.695799918286144,6.846435010752719,7.064703128026111,7.265630284774051,7.504530674847943,7.738218550719519,7.9976521598658845,8.315714102590983,8.659356530491017,8.910135978813987,9.195139666905186,9.411198822882247,9.639814837153546,9.787050276420896,9.916412381891186,9.867882494125539,9.683363539323048,9.382336250962586,8.920930200113485,8.390344404594913,7.803313159930408,7.173925338264004,6.438754581143239,5.721160442325034,4.855815311826683,3.9198673049786468,3.0314372822847933,2.055497054361498,1.0567084200408243,0
0,0.9553659779802121,1.8521543007628798,2.7537552756745938,3.562732117066256,4.416192343838995,5.218200337127537,5.919723258200281,6.660254045358183,7.3138402289192745,7.968947456119881,8.572325050766398,9.117649151621958,9.498184183964028,9.761815148916552,9.870086566425432,9.82251143261264,9.720227784582143,9.52863802911376,9.343485985473658,9.070355900672064,8.801810909434268,8.46010193205993,8.126371106433913,7.873659426947144,7.649569050385456,7.388037975040071,7.151380057296639,6.938794980412905,6.7953932606685665,6.719799419920315,6.602668589392856,6.552848069778085,6.5543473317220915,6.471330413614194,6.335899323119563,6.206192202742141,6.087961089224113,5.989332191313037,5.800945370158406,5.437400783320628,5.1373593339509585,4.940157759015425,4.6876200381121285,4.42152264391903,4.106544505727557,3.798733026267693,3.6408105151635985,3.5345165652836337,3.52273952337723,3.566435126318151,3.6544607008298815,3.8280469883847523,4.035702364082679,4.3828916207021065,4.749782941588743,5.042681873134098,5.3032067306931125,5.524868395835022,5.814999767937606,6.172908191773476,6.330601919169709,6.378255226484176,6.4247065298064,6.477741504837364,6.540952712714165,6.557550097530061,6.502991411670733,6.515896363889083,6.615540804562998,6.699537387253014,6.850205376380705,7.070734728972372,7.283212460664093,7.518016044002394,7.729429217149129,7.962308289467033,8.259591993743033,8.578946477291128,8.804294586573283,9.057828861958086,9.238993118485979,9.445170436732086,9.571296694349423,9.663301785728002,9.588254887832031,9.38233625096265,9.066153041599318,8.597411692805103,8.07200629936159,7.489653997695518,6.880472423602041,6.168927399489678,5.473923018958541,4.64883295472338,3.772392628840178,2.9268711443008963,1.9834346096306072,1.027138575375024,0
0,0.9099331468283013,1.7546605600719185,2.615625215796594,3.3715478857717804,4.165113693872934,4.9143215526351165,5.583268879475648,6.283631447455869,6.899931752585553,7.535414220742742,8.121179092139293,8.65791521554615,9.040294271664509,9.311153971538939,9.447822932514951,9.436718917358496,9.3610931477866,9.198558184098832,9.057417236363152,8.82702916571576,8.598982692181556,8.282945156657288,7.9716292458894795,7.752552920432781,7.553998266477977,7.304794112346442,7.064517482191564,6.859275277476037,6.710927193072212,6.61575357420889,6.482363790240775,6.405634939489194,6.374123568412693,6.260661813562984,6.090897690298912,5.9338676010247955,5.806079367950688,5.707438100886628,5.5308581715787835,5.176885194142772,4.904973973732185,4.747813025541378,4.529156326702927,4.290495952062689,3.9918807491085855,3.700150476135873,3.55757707823317,3.4462639233625776,3.4327296088740287,3.472802241376094,3.555410928343636,3.7305640427897866,3.9251218324103947,4.259009767511845,4.612219758129763,4.882267178610174,5.112428625953249,5.2979513605942525,5.563222586016549,5.915961501603488,6.0628876610954645,6.109328725349786,6.164206183908395,6.242547538172149,6.336331418431239,6.3776618418409905,6.348966429168504,6.3801441005484465,6.489524194457721,6.586735891567333,6.737395254668281,6.9496334533056965,7.170670999727518,7.399571961978734,7.590111283568063,7.795668199079459,8.074797842006046,8.373389124890638,8.562344531265518,8.777527668773288,8.916695741230045,9.09342511873345,9.19369872334541,9.248438240650122,9.14010666795255,8.920930200113496,8.597411692805055,8.133015779208463,7.624433462749479,7.060540995197893,6.4874168409693835,5.814876391941336,5.151988329379633,4.3807592817431065,3.566893152467666,2.778194875774651,1.8787551888066258,0.9789495040796173,0
0,0.8614228938420728,1.6517094895699949,2.462146148283036,3.1636104572534176,3.898847410355601,4.593751238627998,5.2230637079347515,5.885108285440105,6.463299330259662,7.069245678406216,7.6266961598943634,8.142701415322628,8.513372696798942,8.787645061759509,8.941072063526631,8.954000760009126,8.904199695526023,8.775302630002855,8.667134482156538,8.470970205259114,8.273366951187949,7.988494897029232,7.707061061305553,7.520318589928335,7.351344333060937,7.120339241628979,6.8763174873573805,6.668549939347676,6.523764332923023,6.425688356228387,6.274058426633792,6.173424614901453,6.117710991473411,5.969536891076401,5.768316073207528,5.597428245388046,5.455248445534484,5.344391152607373,5.184034264340341,4.851431130337633,4.613110413483347,4.481553424198653,4.283952381372579,4.0749089359059525,3.7921784438614448,3.51479696103659,3.3958716412317584,3.285461854466455,3.2560969918275595,3.2938901888550554,3.388990573799891,3.561655675397841,3.733654150874933,4.055031777939251,4.394993604401387,4.638807452072237,4.851196206648304,5.012453493317883,5.2442756427725365,5.577742949549614,5.7076216528312935,5.7640364525273915,5.833951738247567,5.924623098670526,6.046874178656119,6.1186374189991755,6.108134602362089,6.157456108750473,6.280729557949741,6.377540396910717,6.523809751059057,6.738342617878657,6.966168958641888,7.181389553003683,7.347313850922725,7.525569440336307,7.7784824997797015,8.05060711295249,8.212355714158369,8.395503880649878,8.503568144970318,8.64661586037226,8.720489226160957,8.748441698578663,8.618554172052407,8.390344404594904,8.07200629936161,7.624433462749488,7.142794070796317,6.606648636072726,6.069466607603316,5.432813401366994,4.809766174061338,4.094682288926732,3.342031442020036,2.6110509734542413,1.7661608398264121,0.9258019117495696,0
0,0.7936043017356338,1.5217678593363193,2.2727390191254444,2.9166913066210176,3.5851252269975213,4.2179702924702065,4.797838069440099,5.413392291194672,5.959132779031087,6.54016900606992,7.069486184657062,7.564185588242851,7.926252556928574,8.204331973875787,8.363770747040528,8.397103196780826,8.364996697379397,8.252821096752879,8.168425678018746,7.998045686794177,7.8178941207134836,7.548744492211296,7.285877247231228,7.118108690025132,6.9642983937655405,6.751142083764097,6.512330300260832,6.309588903605606,6.151907299138771,6.043209299617567,5.901273387565274,5.798438249461061,5.733189106793843,5.575634954824379,5.37269586044293,5.19619244803193,5.054496568287323,4.9547242192307,4.804009591785854,4.489760968179028,4.273467264793008,4.16387397813057,3.9827630155456832,3.78689107465233,3.517866129290793,3.246179592068499,3.13440469605506,3.0245927969229074,3.0013958864011903,3.035999029696924,3.118837059777195,3.288408287320119,3.453295224554425,3.767368077946057,4.093277674650818,4.32546763338742,4.524597979729723,4.666788831825174,4.878962099529026,5.197483887579005,5.321036613355447,5.369670240423347,5.441722132649609,5.538394437725124,5.662230295527579,5.7418357813824406,5.737814735246893,5.786566977737314,5.895627005285721,5.997192044272023,6.1491056826924355,6.3534958276665146,6.577787435890837,6.777020299256545,6.929288745852799,7.092275294858441,7.3309130466673285,7.591477114122891,7.737875936865085,7.900431643935907,7.988905508249413,8.114974424142625,8.170002226636099,8.176556031057528,8.038301761999135,7.803313159930433,7.4896539976954495,7.060540995197858,6.606648636072717,6.094609768037336,5.586354966217391,4.992813982606772,4.420256075872082,3.7708125681382203,3.0881829221062493,2.416156620425704,1.6316186219779643,0.8571756578716186,0
0,0.7342606991754812,1.4012397140374793,2.0936153114017335,2.680387700772704,3.2868549827752873,3.8588887462272843,4.38466142189544,4.956296791391863,5.46085825441737,6.010511153834078,6.501814966244905,6.9555385666792855,7.293697513203267,7.562888803217693,7.7142989908869,7.751432781608749,7.720418548208248,7.616798701923434,7.545003438440897,7.398034714717176,7.225927939280089,6.973241210095199,6.7353201494735275,6.5884901002527645,6.445302796484665,6.248262899854021,6.014034250186653,5.80666618186988,5.648324222444863,5.538190506410683,5.401047235719935,5.306691325542267,5.236782318029441,5.07310938629488,4.874050802257885,4.704711121578554,4.572060700449138,4.478950942405684,4.35226389150008,4.070508861530226,3.889668573987014,3.810418025957192,3.6553902244098264,3.484205765309934,3.2391674861761293,2.9837143922495613,2.8911582637951936,2.7966357031729894,2.7760138878673932,2.808104157277451,2.884872470255236,3.0358621636940266,3.1790517256089976,3.4747731512811555,3.774882306731241,3.982512914187894,4.157099145695073,4.267742868090521,4.445127007078818,4.73263973332613,4.834893657700337,4.879235101539351,4.945007666701878,5.037373618369172,5.159158111122329,5.24669547530643,5.248064522324069,5.2871538516985,5.39147680509647,5.491978967880213,5.641240954834168,5.847888804708127,6.068192563043431,6.253324594082575,6.396821863182018,6.542151324308315,6.75964203385857,7.004881825720494,7.145314032261068,7.288572371845055,7.368227667487068,7.48478337765164,7.535426044597255,7.535596332249702,7.402416118105947,7.173925338264002,6.880472423602074,6.487416840969357,6.069466607603256,5.586354966217425,5.114495316135328,4.561809079312478,4.045093772551747,3.4591010412737053,2.8409208857794668,2.228185309242742,1.5036883052028738,0.7938630847548274,0
0,0.6571419715201687,1.2476568452844115,1.8674025550693105,2.3878690142889636,2.92498299485248,3.4297888139877237,3.9008175431356724,4.421866834595359,4.882891081391169,5.3872524466249665,5.839982884050862,6.248675373610605,6.5586037146118095,6.8160168369661935,6.96320899591678,7.0092925665901475,6.993942290864684,6.916219248099545,6.871273323329198,6.747275321103086,6.592608216979833,6.365072744419619,6.153387417672753,6.025657746021006,5.891174357322392,5.710291793774519,5.484676139202783,5.277876375350011,5.114261470663851,5.006749450371973,4.870920441972386,4.78171350799262,4.70611639365845,4.533407570971704,4.33548917811609,4.1645266847856295,4.041375016785917,3.954367381885309,3.8456251313984984,3.60556880602238,3.465144554834429,3.418580363713902,3.2993554276259136,3.1508339359275555,2.9338030786669043,2.694326854636718,2.6134883915708857,2.5337353339816557,2.5190158541490075,2.54927971623254,2.6150536597382836,2.7463622781043244,2.8742862640288047,3.1496770157064553,3.4158659226470407,3.598976942970591,3.7404277978649065,3.8198551792494855,3.958315218894473,4.205354919693658,4.291426152323458,4.333373995659559,4.395435992917907,4.494161059488425,4.618013818255923,4.716785852332354,4.72641712968939,4.760216219693206,4.864299040267857,4.962263129256916,5.114967920690482,5.319496172506537,5.532826135089267,5.703428925495793,5.838824022501399,5.968920431932237,6.165359233329818,6.388027925073115,6.512712097244716,6.633059707703195,6.6844413686200665,6.773303128741534,6.8054525711103935,6.7928306066606465,6.660479636631927,6.4387545811432085,6.1689273994897045,5.81487639194133,5.432813401367057,4.992813982606803,4.561809079312506,4.05823378945403,3.5982184125787047,3.082719107988984,2.536794845452865,1.9945447380605548,1.346033703796476,0.7147054207917134,0
0,0.5829319522951203,1.1054034823518066,1.659725521945494,2.1302875329743842,2.6008943617533453,3.0432500894957215,3.46299971307633,3.925489854616477,4.327437894547468,4.776800705673124,5.184105926224581,5.554289973646899,5.835730441418472,6.076412855142565,6.212817107220256,6.266916977828021,6.254470600443073,6.194528097882196,6.173381039774555,6.087515594111354,5.955891206866923,5.762299441381688,5.578037913068891,5.467210492611222,5.358495437103152,5.2050068187520395,4.998442825744103,4.807250912821943,4.653079159335268,4.549321271379074,4.420951757541816,4.334199375454712,4.255224490180211,4.081943961645315,3.8929985011265464,3.719358706766246,3.5954321713652413,3.5094988538946503,3.400221529249176,3.178375447900793,3.0566721242487636,3.0234013388580236,2.9127119219948816,2.768276325549924,2.5636791388893667,2.3389734770648167,2.2644967819941826,2.1939679118939077,2.186502886108554,2.2133893068780446,2.265764877320399,2.380663025049303,2.4976369304401276,2.753966340490687,3.0033883092542215,3.179893970555477,3.3134086918405603,3.379209375990636,3.5018479464924903,3.7318248646143646,3.8218191232492056,3.8678123880514894,3.9367716186324677,4.045525264333365,4.1676025432843495,4.272617751901341,4.289096228068821,4.321867673732784,4.4190395388865955,4.511608837689597,4.652722531661915,4.838812862853163,5.0349032238709,5.1799266476638595,5.290260810237402,5.404503170242077,5.577654753271376,5.767853426815314,5.87320027860194,5.955838398071059,5.981374139504646,6.05033973843432,6.077311502540967,6.0539446810064454,5.9303726371289835,5.721160442325012,5.473923018958581,5.151988329379622,4.809766174061392,4.420256075872121,4.0450937725518,3.598218412578754,3.191682628044677,2.7422759374375874,2.2653809188126943,1.7765620552952037,1.1974286000183807,0.6366636150755529,0
0,0.5050529116311251,0.9581537015202507,1.4407511551295642,1.8475175119543874,2.2554750885239825,2.6225713967234694,2.9746297188850157,3.362725948745531,3.696428914865612,4.0706683143283,4.411644595051601,4.719276916808583,4.9547431806572995,5.157870669478885,5.278015541685836,5.325599817600192,5.309951388654322,5.248640869350436,5.231959049453884,5.163472026698321,5.060793778389022,4.906519920463341,4.7598545078484245,4.673435031393855,4.581818095602566,4.455617064192384,4.28065220496067,4.124504393216237,3.9961041184504746,3.911514516661046,3.801156136298052,3.730648255438932,3.6670157361421722,3.5130699922700903,3.342706422049084,3.181096185570931,3.071258704719767,3.002223045831364,2.9134943328280127,2.72233046700691,2.621431911522029,2.592825571611544,2.4938834372579834,2.3658743662112203,2.1848178872892308,1.9890817247463677,1.9305912422991296,1.86477428292814,1.8522707212542193,1.8737525984389596,1.9218215883232266,2.0244899290087943,2.1205207303966196,2.3452184441066626,2.5652064390068903,2.721921870833101,2.8419792201702267,2.9001400660693437,3.0024224773980235,3.201800096477695,3.273818796743456,3.308493161201988,3.370452943437383,3.4756955228542767,3.587626957606729,3.6814342410398755,3.690774113689044,3.71088176106261,3.7915644325684132,3.8650355321883407,3.9817729985974157,4.13384942905944,4.301392065922519,4.423322930797169,4.517830460163758,4.6091882966228415,4.74741457850606,4.898653246523527,4.97690166593971,5.042115589926333,5.062698728897309,5.131803742438849,5.160232401440016,5.140716663527703,5.032966853802118,4.855815311826645,4.648832954723346,4.380759281743142,4.094682288926745,3.7708125681382616,3.459101041273776,3.0827191079891034,2.742275937437656,2.3714910740622575,1.9603749528913175,1.5398998436611149,1.0371809726119026,0.5520078631655342,0
0,0.4235533318351848,0.7913331610299621,1.196245651259305,1.5333175122857616,1.869070353104549,2.1716998858580636,2.4534503129561838,2.7674212389613335,3.031119725429147,3.3260997906965253,3.5961146214735287,3.8321953409065963,4.00226938809632,4.162562487386955,4.252054431445056,4.290165707790125,4.281482775714501,4.231502022911755,4.228020956741671,4.185255122735179,4.103894320035887,3.9931671857079234,3.8879605642312973,3.8303173093769765,3.7616045262551405,3.658126352066349,3.5179721231295793,3.3885601878547775,3.28151302133081,3.21435275379915,3.1188484355652686,3.060148061053232,3.0173884885321725,2.885762807580283,2.739656368933844,2.606594787775756,2.515777423022222,2.4600741629706553,2.3865076134707777,2.222842688421142,2.1370619635321257,2.11381305165839,2.0316933923687692,1.9320003629210936,1.7880924912597487,1.6341251072180738,1.5918194888879065,1.5372592110620158,1.524253352981576,1.5413419854966472,1.5817926799531483,1.6654217462424639,1.7412728431295081,1.920768824296343,2.0986422733595567,2.2234679076315627,2.3245284604228655,2.373618079923601,2.4604277772001746,2.6299802501129275,2.6883442246817766,2.7132553397645127,2.7625422590738826,2.846644760072172,2.9415179189306526,3.0220934611568,3.0196204918440515,3.0341041566882887,3.1037343842814638,3.1607376576117154,3.257039328378822,3.384570298555934,3.5227496069113298,3.625951679739969,3.701876503486852,3.76759493858668,3.867807664682143,3.9765422645358974,4.036551286008004,4.075725133984138,4.082812782534557,4.137645602115523,4.155450271129315,4.139420260522747,4.058980483992166,3.9198673049785815,3.7723926288401546,3.566893152467662,3.3420314420200445,3.088182922106369,2.8409208857795543,2.5367948454529707,2.265380918812842,1.9603749528914045,1.6240933942469837,1.2770857397901674,0.8558727805741276,0.4623735233235671,0
0,0.3361364055760018,0.6235024605440356,0.9418618567598166,1.2087422548808247,1.47298603671046,1.7082732310291888,1.9328332172169083,2.172326979427833,2.3720333569463885,2.5993128262613006,2.802595098437499,2.9745160769152275,3.095973020509829,3.212930301590509,3.280135680415812,3.3127068906102273,3.3110179607466645,3.27772792048376,3.2917327517382677,3.273167652962356,3.2236199341815372,3.1514244932541797,3.089630395997401,3.0634746453734443,3.01748790960278,2.939570552496047,2.82447380246642,2.727322851494376,2.6471075040065997,2.5883795052740095,2.5092629598999605,2.4586007565128454,2.4215002874865763,2.304046726232054,2.1741661964786827,2.0599575159888563,1.9768014902310524,1.9169064827436904,1.8398769491367708,1.6987427276347051,1.6204807786626867,1.5957368124998632,1.5275035211709669,1.446775338204215,1.33531867734024,1.2207794552889613,1.1922452345092627,1.144004466377931,1.1312689924327417,1.1451001034944632,1.1806103779704875,1.2546837669092685,1.3125003915233948,1.4487604736530892,1.5892672074397152,1.6913206853673899,1.7733721633530701,1.818015059298736,1.896263997273059,2.039585445978366,2.1023210111706585,2.1358116831654015,2.183489777617723,2.2559433229306904,2.342888793094601,2.417800596047919,2.418772086465622,2.435583498330915,2.4940016754572203,2.5442106477277497,2.6167524693205864,2.713169044343316,2.8275393515503287,2.9072145770291264,2.962749507029944,2.9976751955665866,3.0561101205944716,3.126599835380111,3.1583643691335883,3.173572127972087,3.1609772631301363,3.197832048494174,3.2084317013492276,3.1922084161662374,3.131996285241931,3.0314372822848,2.9268711443009914,2.778194875774629,2.611050973454218,2.4161566204258067,2.228185309242821,1.9945447380606471,1.7765620552953232,1.5398998436611515,1.2770857397902053,1.0053069383205502,0.6750340860830752,0.36689894463589584,0
0,0.22484271524456728,0.41525158652457017,0.6309321336133593,0.8106048965285539,0.9944204162841341,1.1558861030272838,1.3091014805340642,1.4697168717877562,1.6061660604784482,1.761057553530822,1.8950846889585735,2.014192416920562,2.09694405205027,2.172159312698982,2.2184622822039026,2.2377557825851664,2.236662851664074,2.2165873893935335,2.2278680578529357,2.2130679366352455,2.1798371584697707,2.1292974199967394,2.085317996287008,2.0658153999124975,2.029971904027608,1.9765733411545994,1.9036779743875885,1.8386072533211388,1.7816536125835432,1.741825685923895,1.6915472915363392,1.6563523529393966,1.6331118771593818,1.5555029924271098,1.4652391718708226,1.3963253527636164,1.3433261991767844,1.300018609510483,1.2497746189928403,1.1537861486273944,1.1021432116200955,1.0871621651358094,1.042874936614686,0.9952549349616605,0.9179966388117875,0.8386258283446251,0.817000911222439,0.7837407437570032,0.7753879981122039,0.7843024731070978,0.8085210907833273,0.8597197975356061,0.9009362091406591,0.9958486753163872,1.09368794679575,1.1563043746204138,1.2106597984407113,1.2406235093069706,1.2916480548313145,1.3877274024446338,1.4279778205831,1.4533896791208936,1.482036417303533,1.5220293424398934,1.5815284737188595,1.6289318957885175,1.626614340965247,1.6379858713812683,1.6724545229254306,1.7052588338221952,1.7578097012538196,1.8219658871891062,1.8946255084311912,1.9526521497003653,1.9971504403205969,2.023872327720104,2.0676770984174975,2.1185332584871612,2.139422350322082,2.1513872517361903,2.1401388705227076,2.162035037251051,2.170284689234664,2.162056641277298,2.11977027680614,2.055497054361466,1.9834346096306013,1.8787551888066636,1.7661608398264312,1.631618621978126,1.5036883052029182,1.3460337037965289,1.197428600018515,1.0371809726120016,0.8558727805741274,0.6750340860829621,0.45182356791554884,0.24583607486915235,0
0,0.1258469484955086,0.2242588825198162,0.3415899106909313,0.4373243722342628,0.5283980215667816,0.6150819025801435,0.6960441806321976,0.7773282067989186,0.8455139940805956,0.924287489700172,0.9878695465630971,1.044014810154954,1.07977098592068,1.110224892740341,1.1250592589102932,1.1335904398033776,1.1269887840810175,1.1053054738556072,1.104998347479714,1.0901898123867257,1.0663017235969978,1.0406474196875102,1.017506306550848,1.011464519229509,0.9975707462325794,0.9739411482579838,0.9430965229923511,0.9186095071815602,0.8974553076425593,0.8829315292514585,0.8607455208258546,0.8440341286639326,0.8363628138512735,0.7977909414940263,0.7532589730978724,0.7178489055662747,0.6898086596707882,0.6665301675612242,0.6358643816024472,0.5848543595295594,0.555659095837889,0.5460577449407109,0.524850336028529,0.4996033401169728,0.4570378096679779,0.4134862307333099,0.4001602695308008,0.37899657611788923,0.3744078370073318,0.37993674737134087,0.39353138050605463,0.4237579471170988,0.4463462733115894,0.4959875383706668,0.548747628095008,0.5823894010816513,0.6094808622114721,0.6267049746741103,0.6552813886541509,0.7059981998202215,0.7317414579876003,0.7460052873519517,0.7616092785886063,0.7817890183616971,0.8102250117674024,0.8323219961532333,0.8267269374362078,0.8318013293864055,0.8462399738728229,0.858260172630423,0.8772337786773922,0.9001014228015118,0.9310755970856545,0.9574024293111795,0.9762562850822898,0.9877527783582362,1.0120865268967916,1.0372947615294625,1.0539932847603495,1.0668604062695601,1.0666371559127403,1.088863966480619,1.098744380259715,1.0950725820114704,1.082193885710658,1.0567084200408305,1.0271385753750195,0.9789495040795609,0.9258019117495065,0.8571756578716642,0.7938630847548518,0.714705420791759,0.6366636150756196,0.5520078631655874,0.4623735233235474,0.3668989446359366,0.24583607486913706,0.1377603968349922,0
0,0,0,0,0,0,0,0,0,0,0,0,0,0,0,0,0,0,0,0,0,0,0,0,0,0,0,0,0,0,0,0,0,0,0,0,0,0,0,0,0,0,0,0,0,0,0,0,0,0,0,0,0,0,0,0,0,0,0,0,0,0,0,0,0,0,0,0,0,0,0,0,0,0,0,0,0,0,0,0,0,0,0,0,0,0,0,0,0,0,0,0,0,0,0,0,0,0,0,0
