0,0,0,0,0,0,0,0,0,0,0,0,0,0,0,0,0,0,0,0,0,0,0,0,0,0,0,0,0,0,0,0,0,0,0,0,0,0,0,0,0,0,0,0,0,0,0,0,0,0,0,0,0,0,0,0,0,0,0,0,0,0,0,0,0,0,0,0,0,0,0,0,0,0,0,0,0,0,0,0,0,0,0,0,0,0,0,0,0,0,0,0,0,0,0,0,0,0,0,0
0,0.12514128141458122,0.2308430192824905,0.3353805175767579,0.4418289240372966,0.5377723003063286,0.6179926861315043,0.6715596153924804,0.722835917575132,0.7542686769456516,0.7766569734152321,0.8031334998834192,0.8269506590173965,0.8548067923960094,0.8800645043159375,0.8712304827447613,0.841732857652614,0.8039412378744049,0.7769007258003494,0.7263258581072006,0.6618005399447955,0.608659956393968,0.556292031690953,0.4880080810298129,0.41955180039978907,0.35769076237087233,0.3106783098643197,0.264682383917694,0.20280467966843135,0.14991207059648567,0.09660972479174362,0.037821623144227774,-0.01637574926789193,-0.06070782194516565,-0.09293535430649763,-0.10171359353872374,-0.09384014971967843,-0.07222316955309253,-0.044686280537367756,-0.005917550152393146,0.06203186187196889,0.10642716373276807,0.18703486976124417,0.26475290391106715,0.3358436561916495,0.4103090881450436,0.47185279244924033,0.5248653788519817,0.5603355778367924,0.5896895649242773,0.5888565713940139,0.554935655296289,0.5130831273162348,0.4535286944195107,0.3906810214220817,0.31976009004784445,0.25142127529925157,0.1773427551136141,0.10398291065458798,0.060983612339862,-0.005688377271093497,-0.040489845553265194,-0.05786801434451123,-0.0720235284770733,-0.07381063366803585,-0.06096494617408809,-0.02716332452292604,0.016449396426237266,0.06830336326917581,0.1231739971365575,0.17343585121894592,0.22314279061720674,0.2772424898532596,0.31714853235258933,0.36067375107263167,0.42377148923104896,0.4910848963544904,0.5554721768706101,0.6087056112524749,0.6572792358962567,0.7224872190336615,0.7741731736234624,0.807618151935637,0.8514686409007454,0.885580303528892,0.8978989606271296,0.8764998558566486,0.8473833361550622,0.8189035891512969,0.7847027599359628,0.7538063767717268,0.7180846015198606,0.6616722021609405,0.6085886665188435,0.5271972973640054,0.4318185684798405,0.32772010457437073,0.22447449001060538,0.12232802629367481,0
0,0.23084301928251025,0.42190070094642323,0.6132802986842314,0.8042294268631466,0.9720827971307078,1.1264810814926227,1.2269892026055664,1.3261485157876731,1.395102917234294,1.4494233268013583,1.4922889368081893,1.5278123181786427,1.5806973227687924,1.6333312486779255,1.623727157304423,1.5864469568048756,1.516625774676666,1.4668506213015353,1.374277184558192,1.248825899533421,1.1387675779524455,1.0364489756523754,0.8967683592296157,0.7663901557367856,0.6432939362793081,0.5569759128889763,0.4714673503939045,0.35100711685415187,0.25974489597870326,0.1615902059246249,0.05878975085325182,-0.03469900738395386,-0.11476796462308977,-0.17139438303135526,-0.1905918327759027,-0.1800618280239773,-0.13551827196684077,-0.08074088001595905,-0.00842308373786129,0.11811664281930864,0.20627542143558175,0.3490930543353181,0.49150576633571885,0.6142687833154811,0.746974983603737,0.8534906244831336,0.9461504988648003,1.011047197161608,1.050519370395681,1.049510414791712,1.0011624363788472,0.9236876642112594,0.8169943242913515,0.70407514953378,0.575994264423122,0.4578404744782847,0.32083494215369474,0.19137615695875748,0.1061548049601782,-0.016617383185173997,-0.0808726975615284,-0.11374537056696474,-0.14318339144618641,-0.1398478220613052,-0.11196958454236912,-0.05224113197275394,0.027539592810073135,0.11627307326236062,0.2137581162557311,0.3075119259452953,0.39078481845063573,0.4967872700434318,0.5690423561834556,0.6484171713399105,0.7705674641109258,0.8974961063275304,1.029808046985766,1.1357119786785421,1.240724319619263,1.368891823330563,1.4654723362288833,1.530112574015677,1.611906506991691,1.6589798411670973,1.6734600624756077,1.6289269503291055,1.5741049684254302,1.5284889405140232,1.4730934296660985,1.403758309618981,1.324254574381654,1.2145870797732152,1.113671906229871,0.9573801966100015,0.7882401940825882,0.599406915048418,0.40958502543330666,0.22534078905298147,0
0,0.3353805175769209,0.613280298684331,0.8791694761571134,1.1507193280489811,1.3888459904854704,1.6221452170820583,1.774529827901194,1.9263823187129687,2.0339888900835694,2.121145624230309,2.1881331206675485,2.239752287671662,2.313660474425883,2.3889707232099955,2.3698012002464695,2.3112069458756106,2.216926477778875,2.1466779721528813,2.0067589932511067,1.8212094722227432,1.643334754182177,1.4805956038193353,1.2746246412134927,1.0768185266438715,0.8838746068692738,0.7390535077803791,0.5936916184271948,0.4095938017746995,0.2662201486721038,0.11911043313127358,-0.016263619009025485,-0.14950100195404603,-0.26571455225209833,-0.3506198749631285,-0.37355353679434206,-0.3429731371471757,-0.28725604479758254,-0.20592946890001246,-0.09580308631654122,0.08881726739072769,0.21982058089983952,0.426985556327023,0.6283011692216856,0.816441418577876,1.0154300759885462,1.1681396119543126,1.3100716991718422,1.3969996677118204,1.4570475457549164,1.4555819412472593,1.3839047129129296,1.2802841120071677,1.1210503142573376,0.9585810988945807,0.7637964443710714,0.5814989071134071,0.38833989397493973,0.2001014475174356,0.07070765848957983,-0.10851614410250152,-0.20861679086243368,-0.25849809209944175,-0.29103410798112606,-0.3015794441968016,-0.26599877772689245,-0.17710693075569778,-0.06107338190292414,0.06529084861667149,0.19580554002789122,0.3354903300593544,0.4652300624060189,0.6300589152068221,0.7566239960763991,0.8901568119712109,1.0791083339402663,1.2712902322831174,1.4681848277216059,1.6376772946868385,1.8103870551082133,2.0029825467728593,2.1518205887042123,2.2446846181540887,2.3575487537146333,2.4299827892594252,2.4567965649118078,2.392538048839906,2.312829649845537,2.2471783905371288,2.1646512072574122,2.0560160968989316,1.9315268869426883,1.763097291782099,1.609209107060519,1.3710704368273066,1.1280097107402427,0.8570092376527049,0.5927575117193574,0.3262800281073049,0
0,0.44182892403733454,0.80422942686309,1.1507193280489687,1.5028637359141546,1.8043432706404903,2.097867268486901,2.2971143112746075,2.4989981325698913,2.636874989651171,2.7470859073551193,2.830187909533175,2.8819645790093222,2.970781307608026,3.0520490484489193,3.02191367802611,2.9418390563451635,2.8099883276513027,2.7044820224411676,2.511767783987064,2.2601919162039366,2.0235431007255884,1.8109092455750622,1.5441547590318088,1.282943299299768,1.0341949843452052,0.8360455637091027,0.6377831311535619,0.3941406728867019,0.20463417409478146,0.010591190440247956,-0.16721996940761824,-0.32984602924059697,-0.4828609249009149,-0.5872928550418457,-0.6141631261650451,-0.5782499227980358,-0.49765983322340596,-0.37762171596605826,-0.23324595498793937,0.00401378084794266,0.17200104563477833,0.44308483933527726,0.7037939144373861,0.949750723805458,1.2064794882202512,1.4078024050443072,1.592228629124817,1.7028531005220322,1.7841018769714483,1.7813883058456477,1.68615514711874,1.5561633098368786,1.3534089487534062,1.1413143215390045,0.8896585436625207,0.6501943371820772,0.39723247350304713,0.14742688136487783,-0.020244451139905587,-0.2511318241168354,-0.38252171784168215,-0.4642275535093262,-0.5139795502025263,-0.5215283512297919,-0.4767456191800054,-0.366649840299996,-0.21182084492934095,-0.05583802437988734,0.1173769719439108,0.3002048822249612,0.4724550387675979,0.6899300588771641,0.864739298413133,1.0476038097425593,1.2892822112641649,1.5427555049360373,1.795672897283584,2.0148730672765613,2.2445775514647877,2.502874291038345,2.7073236847759232,2.8408497073328918,2.9970718602548754,3.0953629709058457,3.1359238536137246,3.0687513573239236,2.974852995282196,2.9082856529770194,2.810921792599142,2.677065320045891,2.5207237219687655,2.2990571708912406,2.0985919750432362,1.7987839992551646,1.4890826041323837,1.1356030884680677,0.7874551218527749,0.4352521951171225,0
0,0.5377723003063996,0.972082797130651,1.3888459904855268,1.8043432706404938,2.176159754018859,2.5397933761698717,2.784208884359026,3.006060243823795,3.1560867598935367,3.2629149223586977,3.345615802524014,3.390267531385141,3.473451184711492,3.545002212005653,3.4841107400055567,3.363129008859924,3.197725935022934,3.053757658648405,2.8043934456130537,2.4909976443523036,2.2033299375231494,1.9513481225946778,1.6300781124513348,1.3136161429063664,1.0216376756566785,0.7854888091898723,0.552464707242303,0.2863517357551999,0.07404630515169319,-0.13868986956554435,-0.33900410155860633,-0.5314083699979177,-0.7020502210943477,-0.8175682434892485,-0.8412823319391626,-0.7858304862211807,-0.6733327565487113,-0.5170053835971229,-0.32865979378769683,-0.04519652975837634,0.16568652032227463,0.4951352750068761,0.8212412419847774,1.1314428901363118,1.4480408611540743,1.6951963648006163,1.9224191425028572,2.055318654431638,2.1570973517030496,2.15449902762889,2.035894994598195,1.8822875556412613,1.6337679477194484,1.3730083322723896,1.0647172154118374,0.7601690442760156,0.44144748492125885,0.1349550657390529,-0.07720912882818758,-0.35240797579115235,-0.5246206738616356,-0.6362089938726618,-0.7125699165398177,-0.7340645576729589,-0.6891403091467482,-0.5671307995246765,-0.39383025335203026,-0.20997061407123274,-0.014841617410757497,0.18523667573299057,0.3761165143298986,0.6138546106014424,0.8191841192733907,1.035998509626586,1.321335951913215,1.6284752388288561,1.932613622610778,2.189908061236591,2.469844561687196,2.7921264546854507,3.0550955076729163,3.233503485573016,3.4300063416296616,3.5748595805320393,3.648524970615594,3.5937824304889,3.5061585563107953,3.4457058602743187,3.3479384372397893,3.214719840907605,3.0443766524292912,2.8006690734356736,2.5545372752974096,2.1824692985692455,1.7994690764849322,1.3815687654158109,0.9602763378566708,0.5323265130601771,0
0,0.6179926861314827,1.1264810814926,1.6221452170821444,2.09786726848703,2.539793376169896,2.972517195545847,3.256221687441065,3.508204104642267,3.674532847373656,3.7939303307371235,3.873337082310408,3.9049665498544877,3.9886200975931962,4.058640464591123,3.9746235574166042,3.816003590943894,3.6175869159205165,3.426346561583405,3.126847019289863,2.7620465754620804,2.427383815522377,2.1300085178347996,1.7583503243176144,1.4016561118097288,1.0791020818419472,0.8161862314050529,0.5532427226553597,0.27266301635045603,0.054212705713000374,-0.17505528114654917,-0.3866784950891256,-0.5996588520748237,-0.7873351950189913,-0.9058990665284115,-0.9249661846062508,-0.8578586143320445,-0.7273264069257546,-0.5483873441499771,-0.3349361771840553,-0.023286919754955254,0.2108243646051169,0.5653673831241941,0.9164462140546612,1.2510665710802313,1.5996316491287939,1.8747811569494899,2.1348747840129425,2.2707016535147426,2.381345044459301,2.3785332211844725,2.248393108931673,2.0890426102662913,1.8072024676226057,1.517303785847732,1.1794275103799354,0.8497629366497904,0.504674483980285,0.17556405725168978,-0.05955502751712754,-0.36192806150630924,-0.5582377574744953,-0.6858840455117466,-0.776853563491727,-0.8034740970621342,-0.7575994178742791,-0.6285595061775725,-0.4367091495743957,-0.23517635607456666,-0.030702183833832428,0.18446662216222925,0.3792059553512663,0.6290115053361076,0.8611566018953766,1.100855272976386,1.4171044431148552,1.761847626543035,2.1117982623901415,2.41296643172087,2.739459057193401,3.1140068696362273,3.4267575950017704,3.6560350938105777,3.8885872001505377,4.074909112493934,4.173712380311173,4.124101549039844,4.034547229815917,3.9847208883328635,3.8908884259779226,3.7457967532732606,3.559274693373159,3.284729278925285,3.000620854503336,2.557572422112404,2.1022202375865744,1.6219866576577857,1.1178498369589704,0.6133382322100456,0
0,0.6715596153925315,1.226989202605549,1.774529827901293,2.2971143112747012,2.784208884359032,3.2562216874410748,3.568426276598811,3.846083127537802,4.025731364791146,4.16145359143001,4.244673159527271,4.281401213793883,4.360842710717069,4.434826167089506,4.346850710550678,4.175830789921961,3.954789400145474,3.7316398823685843,3.394862929306378,2.9918506445247046,2.6186711985323208,2.292298881287509,1.8799001936620467,1.4823299784661101,1.1317953587718088,0.8420485438646222,0.549944399772224,0.2552889477279588,0.02138326022498329,-0.22362122179568242,-0.44837009823210405,-0.6795811593358013,-0.8794316999167459,-1.0112133276658104,-1.03014213386755,-0.9702581346623559,-0.8327273131404805,-0.6290506380904803,-0.39203049621118485,-0.05807818240443015,0.1939971573522924,0.578391162344401,0.9524725959303478,1.30371249228477,1.6697764548659328,1.9563904808054227,2.2342678333307773,2.365247937885869,2.4770155515509464,2.473308826485404,2.3404918717680667,2.18474714971645,1.8829755333891207,1.5801572285141505,1.2259633805726058,0.8808928245367054,0.5145450197546747,0.157698135844228,-0.09557310211942001,-0.42037991239338995,-0.6395953702914816,-0.7883277346764711,-0.8811925427227343,-0.8962430484743762,-0.8473381533652508,-0.7028588324297858,-0.5003944101554817,-0.28143893832355377,-0.06525090949398629,0.16213213762704307,0.368843127700406,0.6303672945431786,0.8878517871986858,1.1502529285940353,1.494450084093483,1.879501334377049,2.2687744624777304,2.600264838930839,2.964772545909938,3.379029221730373,3.7307822489217357,3.995808956716849,4.255671807319218,4.459450960767285,4.568445484637571,4.519377322970697,4.434786963987381,4.380312468547561,4.282144830149411,4.118590851921378,3.916898340428989,3.61608093763597,3.302915605739402,2.819545069145342,2.3158717905617543,1.784726487331808,1.2239538766347984,0.6697066239790571,0
0,0.7228359175751378,1.3261485157876334,1.9263823187129785,2.498998132569953,3.006060243823799,3.508204104642352,3.846083127537758,4.129970983911932,4.318172387333118,4.453978648323336,4.533737757230818,4.5652077266403674,4.640984248486419,4.715953554674816,4.62249387240758,4.453530911519238,4.218318781237142,3.9677713500041456,3.6048490660283026,3.1831718670392517,2.7992574780769863,2.4670991880366193,2.0380791486187184,1.6119294680649094,1.2595414269667407,0.9566079320323276,0.6518388124540884,0.35956295976882974,0.1234292406747825,-0.13569673966955872,-0.3754587760175181,-0.6310525575017393,-0.8484274237901026,-0.9969108342417258,-1.037109118369614,-1.0043261374162193,-0.8824815319862935,-0.6833607411936878,-0.44248838159227427,-0.09222137692267748,0.15716295969599278,0.5408491748430408,0.9145430897623057,1.2662995637476286,1.617761350039601,1.8993758775930858,2.1692419099859577,2.2893419309597074,2.3972293042298456,2.393633560421992,2.260896917380046,2.114739913501715,1.8200103780242447,1.5210375968572791,1.1801720165242302,0.8352193572087538,0.4722953846981337,0.11840526944546904,-0.13124253462890192,-0.471991705741724,-0.6930099785548594,-0.8340335621223834,-0.9065949469886938,-0.8929601390633692,-0.8218813053782957,-0.6588282055724892,-0.4379683746350615,-0.196697158790736,0.03386999265814728,0.27434832539118664,0.4797225408409877,0.7375749995629994,1.0039076338008284,1.2753982784504128,1.6198100206388497,2.032875297511357,2.4362831791850486,2.774747549510621,3.1492573003463846,3.5834136687760676,3.963882616048668,4.260632167833752,4.539953373370687,4.74612415455553,4.865349027441184,4.819670916899989,4.742542348480502,4.694459282369543,4.601105424975331,4.436279166027622,4.225114126568501,3.916490266179146,3.5741446244661197,3.0575741875095233,2.5312288334876634,1.9474992463005478,1.3294829269271338,0.7255027627381537,0
0,0.7542686769456918,1.3951029172342535,2.0339888900834944,2.636874989651242,3.156086759893607,3.6745328473737184,4.025731364791145,4.318172387333089,4.503904595146742,4.641665569177803,4.712801926976211,4.7358955449425215,4.795324833540323,4.865421016957386,4.769555983015539,4.596598903078294,4.354989786995365,4.095641074361979,3.7193110680159647,3.285196651496586,2.890740575946418,2.5555852372261274,2.119901190283402,1.6871498148541784,1.3415588703997852,1.0333012804919377,0.7200768642490285,0.4340922470837415,0.20296153871290587,-0.07059802622917709,-0.31159775289311464,-0.5758916310218616,-0.798293970923208,-0.9527314447686915,-1.013378364389992,-0.9989915415877787,-0.8965931312369578,-0.7172626994501927,-0.4826545230858166,-0.12115566041946332,0.12410582957748274,0.4943231553860566,0.8528863871725211,1.1861087855122374,1.5118904731885165,1.7844767070696457,2.0451455865435513,2.157461538439487,2.267290803720424,2.265296751262761,2.1344215211395086,1.9970963285637726,1.7105215603574702,1.4221326457464771,1.1081670250587867,0.7839997556028221,0.4370335142063513,0.09662834181972244,-0.15027213094942427,-0.5064405495120513,-0.7226095437246611,-0.8456041100567673,-0.8998736780279951,-0.8683610027003037,-0.7774337450393338,-0.6083181902208772,-0.3840928837001933,-0.13685292898665397,0.09614362624756383,0.350471698532403,0.5496748909312785,0.801528421828326,1.073394041382291,1.3495771828341776,1.6886387415664041,2.110816670497551,2.522285125706586,2.8672542655732642,3.2543165419105526,3.701827897762189,4.098966037934208,4.406636864789292,4.694726487280322,4.907923234583756,5.033003989169573,4.994796548319014,4.936305147469952,4.8979165689931445,4.815189691724234,4.648741379159826,4.439410013253031,4.121469842607485,3.7622628390919135,3.2264902522306884,2.6851280303898823,2.0671837089829896,1.405531859888656,0.7614666592889058,0
0,0.7766569734152367,1.4494233268013628,2.121145624230304,2.747085907355087,3.262914922358721,3.79393033073718,4.161453591430145,4.453978648323345,4.641665569177879,4.778141656270452,4.820517881473405,4.820106608976155,4.862304525401778,4.913344441199608,4.806882294652214,4.640315946135904,4.394912872760321,4.123483471421627,3.741036080189394,3.309301079550979,2.9148438180226153,2.583367220014145,2.1408574094605517,1.710734930671624,1.375994253900251,1.0699338447721176,0.7538697783200983,0.4792773425154217,0.2552298444615099,-0.018541212848114854,-0.24317860635589728,-0.5064824548339908,-0.721153638065375,-0.8749023641681468,-0.9502035568242546,-0.9625757181913679,-0.8815496300684558,-0.7124060712983614,-0.47437754521679926,-0.10160953318150602,0.15226227338665319,0.5160140359583645,0.8697188523617723,1.1822587336486936,1.4874205884327216,1.738402756190746,1.9897907591523452,2.0945027624416137,2.2099468713814776,2.209526634684716,2.0784298095690965,1.9529676252711476,1.6789724815495126,1.4146879696991295,1.121714735220328,0.8187132380773228,0.4769786279113125,0.141258958901068,-0.11770865977851923,-0.48518922394289676,-0.7060526067971435,-0.8216919990138525,-0.8580204494842445,-0.8024645905030034,-0.699495838791986,-0.5308148331758994,-0.3149089130366232,-0.07305978625824637,0.1404108268293203,0.39481520861921976,0.5864486448933488,0.8270489348497096,1.0989790117643838,1.3714893832514796,1.7002887262225899,2.122559596711738,2.544632613771333,2.8903342220830983,3.2798881998375236,3.7288140871909046,4.137700755782475,4.4603381108784825,4.752821000946881,4.961738639243986,5.099719080472105,5.085321302922647,5.046690514594555,5.033123864540599,4.978535290421666,4.815554014863078,4.604608298319856,4.2853932515313975,3.9075226807852563,3.3560375282593737,2.815470822390857,2.1696143642504713,1.4697252252104374,0.7900154039493196,0
0,0.8031334998835159,1.4922889368082541,2.1881331206675267,2.8301879095330857,3.3456158025239455,3.8733370823104747,4.244673159527381,4.533737757230933,4.712801926976199,4.820517881473486,4.830263565694412,4.790371332005014,4.797313149372925,4.820758352575365,4.709230873688295,4.5444433865846925,4.301005900533945,4.022454579556421,3.6441540103888688,3.2155538717403727,2.82528834219064,2.5109580252988994,2.082470698053338,1.6566166437063068,1.3521640184722772,1.0598611823323516,0.7612739583501967,0.5080620569402097,0.2995122412839583,0.03734655420361875,-0.17948061438141474,-0.4297214195379944,-0.648768148880546,-0.8085562708749189,-0.886551418451934,-0.9028085235131178,-0.8195167129028099,-0.6523377471719963,-0.40484339904989897,-0.026869386288864,0.24088472383100057,0.5973433935338016,0.9477388734350254,1.2597681807381462,1.5558742512453574,1.7988496071082185,2.031530580286941,2.1287506740402558,2.2342020548566834,2.2350667280737975,2.1171301690955553,2.0026134509770555,1.750407957951259,1.4950512500129771,1.212324603908654,0.9116403588938083,0.5755232756103938,0.2494411602566447,-0.02305658086660002,-0.3984724605559631,-0.6300824832695945,-0.7453166350337295,-0.7860301688930651,-0.7277359095165438,-0.6256116424508416,-0.4542477806256826,-0.2374566098671597,-0.011547066055035717,0.19144472490883002,0.43129189128707207,0.6046874145171174,0.821612511997844,1.0741325132564339,1.3295258784256603,1.629615010527606,2.0507553974488375,2.4631213330110655,2.799084665573298,3.1909023027609367,3.6388021705560907,4.046684430297705,4.379032033321498,4.672024652248539,4.883244288458082,5.027318057065437,5.042150509610057,5.041634116548659,5.069899409534984,5.0514291251633665,4.920142036515361,4.7177262995333855,4.4010428233601795,4.016328319253226,3.462605619325625,2.9198259093616667,2.2541769942767917,1.5242664755267556,0.8229556798632508,0
0,0.8269506590173934,1.527812318178684,2.2397522876716365,2.8819645790093222,3.39026753138503,3.904966549854374,4.281401213793865,4.565207726640345,4.73589554494257,4.82010660897611,4.790371332004913,4.704755003686581,4.67178833213886,4.656202105616554,4.525698131555341,4.367066456533224,4.123342400519123,3.831643489838638,3.448441800275662,3.0198352420003323,2.6327317459532824,2.3342456213605245,1.9233126431899297,1.5074397912098603,1.2278150952675841,0.9582990294181791,0.6687116117264561,0.4344546581246002,0.24767804382383832,0.006178378530011499,-0.18679449636392448,-0.41538458694941227,-0.6149102538560706,-0.7579144991464004,-0.8254052980096193,-0.8526075944884115,-0.7701484897815504,-0.5946875596362792,-0.33019162032541965,0.05343627823000472,0.3330464024136366,0.6826435496354017,1.019776009282719,1.3213499973202418,1.5986183455409297,1.823449802201413,2.0428056361523654,2.1285392239253818,2.2242286082045477,2.2279055130646177,2.1253232916970446,2.029304170642165,1.7942093804148374,1.559891243031169,1.2974811665111838,1.0079879152220728,0.6863831388529134,0.3659670829661423,0.08029722438340275,-0.30342815577533333,-0.5538181788138655,-0.6835452542376108,-0.7275982737078222,-0.6620110244560405,-0.5742275222923315,-0.42312309172291324,-0.2298410623444708,-0.027216310558271145,0.15004982087189228,0.3686175575600239,0.5180278698511429,0.716893571070722,0.9588403292954144,1.1899085554165933,1.4679006363559104,1.880954768566279,2.2812606698824656,2.607884718090362,3.0013385711824805,3.4528545654792757,3.869111474229051,4.215761246219568,4.509644497513603,4.717028681994076,4.880770481192004,4.936265557137272,4.977123930096317,5.054241621322903,5.078031700795851,4.9745308390561735,4.781468172563911,4.469831892715921,4.076881157387915,3.5305430574208687,2.9938403235079245,2.322412227237602,1.571774622919424,0.8531273260394384,0
0,0.8548067923960432,1.5806973227689398,2.3136604744258253,2.970781307607971,3.4734511847113776,3.988620097593152,4.360842710716953,4.640984248486321,4.795324833540292,4.862304525401791,4.797313149372853,4.671788332138876,4.592298698090728,4.524089405742809,4.359935985023438,4.1893689550414015,3.93000834559304,3.6183787889632684,3.2290651582196728,2.7967410526868446,2.4016590871604553,2.1050290071594118,1.70758608216075,1.303135358400242,1.051905437215043,0.8066719057620716,0.5404984879935416,0.32678202840145565,0.15540725837836217,-0.07966475085627099,-0.2495522917408549,-0.45659100448580475,-0.6379959128516298,-0.756033997736792,-0.8252582245679014,-0.8622781064154463,-0.7997227354731367,-0.6369826238409269,-0.38278644135468265,-0.006182028312316301,0.2714246909100881,0.6056118674221065,0.9169719704279162,1.1934458632789102,1.4371366357697568,1.646746157650232,1.848852230286138,1.9265608639554552,2.0237873334752616,2.0296119059609614,1.9338733663882033,1.8524706476872574,1.639626387350575,1.4257783625298805,1.2011805967662872,0.9375835714865277,0.6424189907114073,0.3381418616306347,0.05248283084881425,-0.32704948538978934,-0.5716079128614708,-0.696294291806346,-0.7285770972886013,-0.6587081369657705,-0.5716667905542416,-0.4480209548444407,-0.27518248613281115,-0.09641130837121342,0.05704650841284115,0.265181630511175,0.3964255154912195,0.5739279597209584,0.7916122636475422,0.9988290534621933,1.2530323751854373,1.658317663702326,2.052087970870701,2.3845871593162222,2.791287091073196,3.248959144885903,3.673753181128996,4.038672373529611,4.346186280074346,4.566010866453209,4.7647196991756715,4.872517666829146,4.961827867764864,5.08250759955918,5.144839408459788,5.060701755697965,4.885021681656948,4.577134677457701,4.185470517227418,3.634599471810924,3.102369841678344,2.4119122498396646,1.6353000511181055,0.8866126758912783,0
0,0.8800645043160292,1.6333312486780092,2.388970723209951,3.0520490484488163,3.5450022120055724,4.058640464591149,4.434826167089505,4.715953554674718,4.865421016957458,4.913344441199675,4.820758352575323,4.656202105616626,4.524089405742889,4.42358140836369,4.23866556765033,4.072280520528574,3.8044476832517606,3.4730356127741966,3.070837638119042,2.638398953404256,2.2351658783030075,1.9478082149792333,1.5619432013522985,1.1676300806213935,0.9238079074179819,0.677741520385995,0.4162328375360129,0.2125312933489628,0.04906112191325961,-0.18229049088259805,-0.338050092653025,-0.5338148590609078,-0.693630291716296,-0.810660309301825,-0.898297399037823,-0.9598065435614062,-0.9136742515327432,-0.7713147312228138,-0.5294232684677569,-0.16093233765831289,0.10727803911772915,0.409141279510681,0.6938120356466545,0.9378558854337203,1.13748162630611,1.3254050430155289,1.5013285413168416,1.5630666248593847,1.658882124481862,1.6691985971593453,1.5818054596902136,1.524173072438665,1.3439148159499479,1.1565528332368085,0.9779119117872048,0.7495139800170235,0.4818556794368788,0.20915381142162168,-0.06811491449978005,-0.4442618042388555,-0.6806019935358255,-0.7935718427117665,-0.8157686228521311,-0.726828755313453,-0.6247881046104311,-0.5057097304038491,-0.35832588132557625,-0.19333005590140973,-0.05627181421508671,0.14892082437060714,0.27070085512391917,0.4395030926801817,0.6517115200881066,0.8601190080087991,1.10728388952528,1.5067002594259664,1.8932938082801996,2.2230253651500296,2.6438089099902684,3.103827682590783,3.543201993912551,3.927055762383653,4.242746854055643,4.45878469903258,4.6790791656419355,4.8195863668694505,4.96337852466482,5.1270065926103925,5.219201794039125,5.157835452982752,4.988651642907916,4.679931409957835,4.279404310074382,3.7259660766392577,3.201328922011958,2.5019874935903665,1.6984265275231507,0.9170835520875642,0
0,0.8712304827447827,1.6237271573044083,2.3698012002464663,3.0219136780260274,3.4841107400055766,3.9746235574164688,4.34685071055054,4.6224938724074125,4.769555983015522,4.80688229465211,4.709230873688129,4.525698131555274,4.359935985023417,4.238665567650366,4.057907322431902,3.9028896162082822,3.633155100043678,3.3033889289870446,2.908893292376825,2.482775068638921,2.0823801205246086,1.8013557477903162,1.432430274970737,1.038064293537854,0.7986649556885075,0.5405510646834799,0.2790645718492188,0.06964511539596042,-0.10467824005808271,-0.3460757823601548,-0.4993163370261224,-0.6873139839049588,-0.8346661749829479,-0.9575756609932016,-1.065981371127126,-1.14914124414525,-1.1223725613155555,-1.0071869635145252,-0.7799804709684799,-0.4224371149078431,-0.1643543196152762,0.11311880238785738,0.3711646049883651,0.5924781766149693,0.7535904631434703,0.9161286083368977,1.0632513260825773,1.1202369879756435,1.2140902825402449,1.2273265841512353,1.1483079764468604,1.1025487575948243,0.9543388513749709,0.7959257156164888,0.6556180140745111,0.45321580331967093,0.2137278620703173,-0.035728200106258025,-0.3017209516429843,-0.6679372921307961,-0.891115721174626,-0.9852157026317776,-0.9931705801116648,-0.8878264186264969,-0.7715916241418255,-0.6509063092268775,-0.5211147801410057,-0.3652053435614518,-0.2313709870906243,-0.017376434343093668,0.11404387039803289,0.28986326435174165,0.5026440506235617,0.7248505571991416,0.9682524391622154,1.3725607322997952,1.747233991136996,2.077770498434673,2.500791993347431,2.9581827595591963,3.393035251458492,3.774588200043178,4.092214806465593,4.298512402399377,4.51408105572668,4.673887259386854,4.850175344991736,5.033406837518691,5.131105254745916,5.080629472902432,4.913089990998539,4.607604231818523,4.206292017949723,3.6729208618254527,3.1786989690330945,2.488243490967802,1.6921439490467305,0.9110449485886353,0
0,0.8417328576525572,1.586446956804892,2.3112069458755897,2.9418390563452013,3.363129008859823,3.816003590943657,4.175830789921909,4.45353091151916,4.596598903078212,4.640315946135736,4.544443386584581,4.367066456533182,4.189368955041378,4.072280520528639,3.9028896162082707,3.759393475156701,3.48465787201498,3.1540317668209177,2.7675999873633903,2.357957723742475,1.9660906789088617,1.6852861579107323,1.3314200384860428,0.9499489735532283,0.7236528058191657,0.4598519679298667,0.17676311984789045,-0.048033505455063366,-0.23909321962128602,-0.49412085664676864,-0.6425342471244798,-0.8297188509416022,-0.9856050358858458,-1.1203625917450664,-1.2448309539406563,-1.3484488548654032,-1.344586720223481,-1.26087535998528,-1.0630649421430802,-0.7377445244296472,-0.5048336138606015,-0.2678543316182604,-0.05334869432650255,0.12322767437123067,0.2368582317913738,0.3681806903202849,0.48595851645444826,0.5285609318311002,0.6228809395805962,0.6374828270908132,0.5634045747122921,0.5363189157237495,0.41972408226854685,0.29314758077086456,0.19968482070154844,0.04232537349078235,-0.1528296861185364,-0.3611960600392964,-0.5983842302833773,-0.9314989481323612,-1.1239190641450942,-1.1886091614662844,-1.176879185029258,-1.0536535143613175,-0.9237837232564505,-0.7930396950856359,-0.657430336250784,-0.5032468397230501,-0.37499629429108705,-0.1480347128831665,0.00027247700477913984,0.1917069934061194,0.42538869034622745,0.6525113984419135,0.8829100999986591,1.273695887422093,1.6368257546807432,1.9718840996275917,2.3903674756251556,2.832747068341644,3.261488372521085,3.6420776140577247,3.9617977260113975,4.1531033728270845,4.355439665230575,4.5089139225386266,4.694728335873233,4.870567873904002,4.965426410431355,4.910004127190759,4.746719339111225,4.4390582985380105,4.048556731337743,3.5520366695100476,3.098781702679494,2.428841128925362,1.6537119454463143,0.8820773730024714,0
0,0.8039412378743516,1.5166257746767027,2.2169264777788844,2.809988327651234,3.1977259350228437,3.617586915920471,3.954789400145472,4.2183187812371585,4.35498978699534,4.394912872760296,4.301005900533893,4.123342400519048,3.930008345593068,3.804447683251827,3.633155100043745,3.4846578720152284,3.215505737762358,2.8808010334896426,2.5056669923743895,2.110724880254855,1.7215750873831315,1.4327134024057444,1.0738471659789497,0.6921111163782225,0.4572917749557426,0.1731559693353345,-0.12856286262501057,-0.375314654234954,-0.5920246313145948,-0.8682225674661939,-1.0263322011050786,-1.2202283789341195,-1.3713017077387861,-1.5074192091542509,-1.6308900469003291,-1.7333919369452664,-1.7299889077528698,-1.6617638091685214,-1.4789572859095217,-1.1739557496995672,-0.9519474349525053,-0.7303472218569814,-0.5261417711728924,-0.377295200639996,-0.2838601353267849,-0.16874554365376296,-0.07093182447337011,-0.03903330439092655,0.04942666778655629,0.06519472430464215,0.0015377158550174796,-0.010175624632648003,-0.10621032117661015,-0.21600789341214807,-0.287796951747007,-0.4158898737971353,-0.5999895229853786,-0.7930465719919163,-1.0155874763882526,-1.3236957011266706,-1.4994836967566116,-1.5521913858850573,-1.5438096331275621,-1.4252945107624295,-1.30036169260141,-1.1705336297783002,-1.0435640743899108,-0.8849897287181063,-0.7488537232631503,-0.5028169941934353,-0.3312026836380942,-0.11717955337233228,0.1344193000529754,0.3828601433038811,0.6239005681663667,1.0167270294721418,1.3876164228532057,1.733377829454682,2.1537625053382983,2.5847222632889313,3.002949790231484,3.3862313020194517,3.698186650137208,3.8937188468688517,4.095386081501421,4.255985217157621,4.456284675915531,4.631932808645402,4.722791588182859,4.670852093556057,4.514343677208261,4.2221872543295955,3.8532524896014135,3.389261993300684,2.9705609291049884,2.33744799348651,1.586466269107647,0.8449970362854137,0
0,0.7769007258002514,1.466850621301506,2.146677972152851,2.704482022441213,3.053757658648465,3.42634656158338,3.731639882368566,3.9677713500042437,4.095641074361964,4.123483471421642,4.022454579556365,3.831643489838616,3.618378788963271,3.4730356127741953,3.303388928987088,3.154031766820985,2.8808010334896657,2.5382841716933893,2.1740718687067178,1.7949914297856704,1.4172056958680492,1.1285417306910184,0.7717112726126957,0.39071273512396054,0.15507153969684448,-0.14270967599294176,-0.4599877552080288,-0.7235800705303668,-0.972123716323477,-1.2807472111083633,-1.4672465170454676,-1.6722613911565467,-1.8240002309227907,-1.9706933505186843,-2.1031479715152908,-2.2219362669025173,-2.2270914397162267,-2.1738819763073596,-2.0139049494895302,-1.741534151306152,-1.5379939162803598,-1.3347141467084447,-1.155358053302184,-1.0403275361423778,-0.9776091461915049,-0.8934910120881504,-0.8210831513424223,-0.8047170879632191,-0.7271093456828813,-0.7128998945412885,-0.7655753220554814,-0.757973479004672,-0.8268033483216564,-0.9035683234442997,-0.9403448834039019,-1.0348289325818243,-1.1948724691852413,-1.3689790968778859,-1.5674593587275838,-1.836306444707332,-1.9844297155582367,-2.0220814857271363,-2.0055073732797344,-1.8720117589432193,-1.7369754292335804,-1.597985822264469,-1.4716238886450912,-1.3024663773517813,-1.1423438546365836,-0.8683880261991094,-0.6686296348423386,-0.44037982127363173,-0.17434877195648174,0.0882660610599682,0.3298098176727073,0.718569357352341,1.0863595410773423,1.4302849620846567,1.8415698673458283,2.2590287949363494,2.6656049779516784,3.0532058836521117,3.368716787815114,3.563633704297658,3.762736786738149,3.9415446360740805,4.1620531407393635,4.351292400708105,4.449900712457451,4.413423411310019,4.26830655330199,4.005566806780724,3.66966618677196,3.2543032375831773,2.8741138663959487,2.2749457909667874,1.5419493005428766,0.8192966408043157,0
0,0.7263258581072682,1.3742771845583106,2.0067589932510943,2.5117677839871106,2.8043934456131105,3.126847019289873,3.3948629293063664,3.6048490660283985,3.7193110680159487,3.7410360801894247,3.6441540103888124,3.4484418002756434,3.229065158219631,3.0708376381189826,2.9088932923768676,2.7675999873633583,2.5056669923743944,2.174071868706767,1.817704172152182,1.459592240321387,1.0947932380240677,0.7982279677464148,0.4470203051018691,0.06332382419047927,-0.1835856524231245,-0.5122068852364371,-0.8576591964295958,-1.1513112402395356,-1.4370461786777087,-1.7721289019566917,-1.9755428542794224,-2.190647794114509,-2.3540785061535465,-2.511846847570598,-2.6514474371309222,-2.7705357671746613,-2.7765019476509196,-2.730824539906907,-2.5771788318772644,-2.3285283769064478,-2.135946169034498,-1.9293791896928143,-1.7579566230115724,-1.6554235905178838,-1.6085058595556623,-1.5432678643971975,-1.486586997948539,-1.4813745941670764,-1.4056935342157721,-1.3918106979185507,-1.4422683836455306,-1.4222822678141047,-1.4719444240695332,-1.5281311205444572,-1.5479782848368207,-1.6290954836030749,-1.7797240892441724,-1.9550952557283507,-2.137706587017646,-2.377903617982071,-2.516981586431114,-2.5467565919817505,-2.528851768262529,-2.395643601322693,-2.254806288108155,-2.1078934324930265,-1.9730888591796425,-1.7985180941022811,-1.6253571550608428,-1.3290908778994097,-1.0962303467297927,-0.8396522716352147,-0.5441954689362217,-0.251957593321959,-0.0015599295620486976,0.3891866786354332,0.7535057301792143,1.107866471805613,1.51174856883376,1.9119436554856595,2.3129275652588643,2.6907200832552913,2.9962058338325677,3.1824888574493087,3.3726366134699046,3.56115212889336,3.7851768709619593,3.9764874277299658,4.072003499434731,4.043298766258394,3.9110019193706007,3.675464197434984,3.3768505317514013,3.009379401692802,2.682657753322293,2.134798169768264,1.449131332408654,0.7682101952511937,0
0,0.6618005399448723,1.2488258995334032,1.8212094722228038,2.2601919162038717,2.49099764435222,2.762046575462032,2.991850644524651,3.1831718670392615,3.2851966514965847,3.3093010795510858,3.2155538717403056,3.0198352420003474,2.796741052686732,2.638398953404191,2.4827750686388077,2.3579577237423797,2.11072488025486,1.7949914297857525,1.459592240321413,1.1280735555775014,0.7715917588351359,0.4679653211669928,0.11303442195863045,-0.27489653671255226,-0.5450538364768911,-0.9073299782108583,-1.2845514838336753,-1.6127109184303616,-1.9340857497608874,-2.301872293236946,-2.521618113891127,-2.745661918852577,-2.9111707993158147,-3.0733470863802013,-3.213899007346679,-3.3358727253773877,-3.3416007323618544,-3.297059629225857,-3.153931888823995,-2.9300799519125054,-2.736448270347241,-2.5223385925705633,-2.3564554124442307,-2.2710276452216145,-2.238932065643479,-2.183634467293132,-2.135730523171495,-2.145981135666448,-2.0771665564639665,-2.0630221419680193,-2.10861564013193,-2.073324379032266,-2.1130443947440263,-2.1597859105889285,-2.1641445695686397,-2.2276856620998853,-2.371833087588986,-2.5513400454940243,-2.727394911885554,-2.9357995441276405,-3.059980431926799,-3.0862557664347396,-3.0687179914486387,-2.9340047537983756,-2.794240830525915,-2.6461580162722114,-2.5118551485000533,-2.332840395432654,-2.148462775889393,-1.8232870700657282,-1.5609175768423071,-1.2711010857646448,-0.9439149963373651,-0.6173105547461775,-0.3465042821457091,0.04758920669273219,0.419386062403661,0.7843442524569721,1.1870564905947136,1.565442085717316,1.9472189331686036,2.3112388873193224,2.602122119440143,2.7702733276296567,2.95076225042484,3.13718532419329,3.3635999931386324,3.5538676634835484,3.645941466971437,3.615980069150419,3.4967307089151856,3.2823425347619843,3.0217529962215393,2.7046305978793908,2.4355661337535484,1.9509058500810441,1.326550732427469,0.7043021153587613,0
0,0.6086599563939682,1.1387675779523092,1.643334754182097,2.0235431007254765,2.203329937523001,2.4273838155222225,2.6186711985322555,2.799257478077037,2.89074057594657,2.9148438180226277,2.8252883421907335,2.632731745953304,2.401659087160464,2.235165878302987,2.082380120524706,1.966090678908809,1.7215750873831566,1.4172056958681254,1.0947932380240666,0.7715917588350952,0.4098824986164032,0.09079596088393936,-0.26805574190820375,-0.663647592797911,-0.9681607774580189,-1.3754442745593685,-1.786260198542819,-2.1672631533672364,-2.5296720192245474,-2.933460032805008,-3.1870616091291972,-3.4273786323875637,-3.601266525796604,-3.771387973418654,-3.9204230844203387,-4.054710577849011,-4.065996432141619,-4.023683165070411,-3.892523472765728,-3.6853692694896627,-3.491760886559173,-3.2719490690073667,-3.1094223632773934,-3.03125502505648,-2.9988479761593103,-2.935377433406397,-2.8856495188635325,-2.8939311774659946,-2.8359400101336414,-2.8227568180311406,-2.860381536249032,-2.827602012011622,-2.8688148024047915,-2.9236288440664064,-2.926782148608715,-2.980813026291822,-3.1172463677861573,-3.2973704492146565,-3.4670299766893846,-3.651405910565196,-3.7574820024518765,-3.7751189634998283,-3.749986418869084,-3.603880336800234,-3.457808095479319,-3.3061662049676204,-3.167483952214832,-2.976836410188713,-2.7650605583629244,-2.4104618200384618,-2.1127309552877667,-1.7742494820026762,-1.4151461533951235,-1.0436006620284508,-0.743437829364633,-0.3429426448052558,0.034646470896223726,0.4176304098127475,0.8318723591088483,1.2078363687704299,1.5810288764145852,1.9368441880231773,2.223941973138664,2.38168819058881,2.5563120875537813,2.7493304218607713,2.983415640965505,3.1688879266731727,3.25555582718261,3.224972226788668,3.1177157436242644,2.9156903070890956,2.6934391813638148,2.422759594853646,2.1998966481020528,1.7708258658012337,1.2136998095372897,0.6489077051567317,0
0,0.5562920316908436,1.036448975652177,1.4805956038192343,1.810909245575018,1.9513481225945728,2.130008517834693,2.2922988812874046,2.46709918803664,2.555585237226192,2.5833672200141042,2.5109580252989656,2.334245621360618,2.105029007159382,1.947808214979159,1.801355747790416,1.685286157910845,1.4327134024057613,1.128541730691095,0.7982279677465013,0.46796532116714373,0.09079596088397802,-0.2637521897785182,-0.6404216120125984,-1.0575658452615235,-1.4132971873512192,-1.8677332759447958,-2.31723159311814,-2.7490277779269423,-3.1626515546160503,-3.608555962540508,-3.8993166290969237,-4.159051266953289,-4.337094978481982,-4.517074034236938,-4.658048563808165,-4.789193968448268,-4.788121366320705,-4.733196506662046,-4.604992924091894,-4.40428690313582,-4.213722920650527,-3.9749005140363094,-3.808869042562145,-3.727375166980303,-3.6780168883952373,-3.602787152560866,-3.5455519301661766,-3.5503199321186854,-3.4876654391324653,-3.4741061200455183,-3.518238670283465,-3.4891909907229173,-3.535726968325487,-3.599108395837826,-3.6167757694697555,-3.6718571524690575,-3.8093414646528307,-4.004639118862778,-4.164234906257837,-4.335651868489415,-4.433451221093939,-4.460779608881853,-4.446607207346969,-4.304973963958107,-4.168000906085842,-4.009397188352987,-3.87050889712473,-3.6651157703048254,-3.4247647379961697,-3.035345587793126,-2.692950441756604,-2.308069131069635,-1.9105407899938351,-1.4918306001671013,-1.1447203661889165,-0.7241700649736135,-0.32729547408699466,0.09351631885475972,0.5274501729922273,0.9144268405698949,1.2961229334574753,1.6533080682124202,1.9496147116021396,2.105395502493078,2.274046797170594,2.457283676346872,2.6882494446264915,2.857908765931518,2.924546765354283,2.8891288066748153,2.7875633885933024,2.593198044488913,2.401996098515076,2.1775616983625743,1.9910418911178025,1.6111274198786583,1.1142740395365403,0.5969236689815473,0
0,0.48800808102965554,0.8967683592293579,1.2746246412133102,1.5441547590317326,1.630078112451251,1.758350324317565,1.879900193662025,2.038079148618839,2.119901190283446,2.14085740946051,2.0824706980532968,1.9233126431899379,1.7075860821607771,1.5619432013523227,1.4324302749708009,1.3314200384860853,1.073847165979026,0.7717112726128166,0.4470203051018839,0.11303442195868092,-0.2680557419082195,-0.6404216120125192,-1.0290279154774982,-1.4624590502573098,-1.8566622381184954,-2.3431175035661784,-2.8135384986362877,-3.283218937706235,-3.724657870669897,-4.188600118179002,-4.497918785167538,-4.76118318303087,-4.932767854060777,-5.105067141130007,-5.23632125260816,-5.367564516837012,-5.351866275716407,-5.288235380278562,-5.168100514457994,-4.97361090155994,-4.79663769710863,-4.554406119141198,-4.401193805012038,-4.341526808617805,-4.2966044305994675,-4.230666026284734,-4.182369044543716,-4.184313998160193,-4.12492660612735,-4.111144648457845,-4.154198764458858,-4.130853976008568,-4.170144350473302,-4.222853046364885,-4.23345663126452,-4.264711352079523,-4.3886165848059004,-4.582876523504041,-4.7210261952820405,-4.878863332832204,-4.961975143521853,-4.992756187997498,-4.991053215449424,-4.8485474626767315,-4.722224713871661,-4.574080914555566,-4.444707465617648,-4.239732537774589,-3.9880679496647136,-3.5861059105740964,-3.2202778730015926,-2.8026002547212396,-2.3860522870984133,-1.9357567550727595,-1.552951290780319,-1.118752455817975,-0.7113409683450295,-0.271073668528471,0.16899767450345057,0.5607260541095149,0.9373412046439364,1.295818663498614,1.5969012430733074,1.7368814698072998,1.8880377578665632,2.0603052625910148,2.278826354937015,2.4314096081928684,2.481321646790989,2.4507069207692407,2.358381781018945,2.1831954167576924,2.035821539023945,1.8629986674399055,1.7296065952587665,1.4093488180519158,0.9793755443810002,0.5308155663103078,0
0,0.4195518003997348,0.7663901557366827,1.076818526643738,1.2829432992997072,1.3136161429063087,1.4016561118097215,1.4823299784660562,1.6119294680649836,1.687149814854263,1.710734930671549,1.656616643706298,1.5074397912098894,1.3031353584002112,1.1676300806213624,1.0380642935378583,0.9499489735532203,0.6921111163783225,0.39071273512410065,0.0633238241904557,-0.27489653671253217,-0.6636475927978898,-1.0575658452614918,-1.4624590502573251,-1.905027021528091,-2.3320181683677106,-2.8476265368327667,-3.340870312168421,-3.840522361127864,-4.308343578318092,-4.786223245312678,-5.107666237463798,-5.371269821575545,-5.532910870744869,-5.6988191225185245,-5.815390569491626,-5.936538354575899,-5.915862917405601,-5.846768964802885,-5.727442853604896,-5.53661919453382,-5.3689278055768,-5.1321586911583745,-4.988536458612285,-4.936772858341362,-4.8956220289631736,-4.8408782644380715,-4.791003616845961,-4.790552041371418,-4.740650017399041,-4.728910834600541,-4.767588600862406,-4.750919327421986,-4.794894401573785,-4.83830930880669,-4.843619768085672,-4.86402954429544,-4.972547875089673,-5.154616596966622,-5.274932407381124,-5.418422842236133,-5.494683937727758,-5.523768941902712,-5.5227131513717715,-5.3901209977544315,-5.279472705287502,-5.14166738075229,-5.0256702859255205,-4.824990326644328,-4.570954318648432,-4.161586927649801,-3.774233066657498,-3.331270108294017,-2.8941877742056747,-2.4175597501656556,-2.0044678200147485,-1.5620528903391613,-1.137186767942866,-0.6755795580260612,-0.22541115450678628,0.17572611758480122,0.5569720792176555,0.9171104297587191,1.2189914066295815,1.3457922084274319,1.4962987387236695,1.6575953861923691,1.8647728607710503,2.007152828315481,2.0494704371310837,2.0148189666960508,1.9298135296322545,1.7847912605158154,1.6802291324176561,1.5470540341428005,1.4676854962433958,1.2101247844178087,0.8481755743552952,0.4609361909621369,0
0,0.3576907623709273,0.6432939362792374,0.8838746068691594,1.03419498434511,1.0216376756566818,1.0791020818419612,1.1317953587717442,1.2595414269668381,1.341558870399815,1.3759942539001553,1.3521640184721666,1.2278150952676097,1.0519054372150363,0.9238079074180314,0.7986649556885568,0.7236528058191342,0.4572917749556615,0.15507153969675536,-0.18358565242324112,-0.5450538364769947,-0.9681607774581412,-1.413297187351371,-1.856662238118488,-2.332018168367695,-2.820952783793553,-3.393812848187387,-3.931293540809284,-4.494557443172146,-5.007569397781826,-5.518162049321344,-5.869404468439707,-6.1428923301795795,-6.3056409365566655,-6.458635580751797,-6.558527154097803,-6.663989636538632,-6.623020445767392,-6.540266311063271,-6.421135791812469,-6.231226916994268,-6.068810357005956,-5.826616596385804,-5.685661054399637,-5.63776693954209,-5.594526938925757,-5.541876557956361,-5.486882045877979,-5.482437062089573,-5.442875381582997,-5.433136595032811,-5.46480283134311,-5.454467107895648,-5.503573529090817,-5.54394295342101,-5.552013016500998,-5.566197405233445,-5.668382553909746,-5.84980556884893,-5.956131262531568,-6.087285730065557,-6.158038275292167,-6.196770334412309,-6.21352121027378,-6.097213060555023,-6.005719025295114,-5.883417629456851,-5.769514114221351,-5.562630116123859,-5.286070345773529,-4.850114600609085,-4.419993530657178,-3.9175580866303212,-3.4368956568589955,-2.903868891246301,-2.43375375060007,-1.9599874195952887,-1.49800460786964,-0.9852467477999355,-0.5007397864996045,-0.07460262135571966,0.317814638843725,0.679867415226389,0.9895660869038565,1.1020274169063558,1.2464138438472507,1.401524082839394,1.580693440305485,1.6992498768737447,1.7131756345197868,1.6699173395180416,1.5811663264186744,1.4400468556709665,1.366682495752642,1.2642612118415713,1.2265376001481079,1.0232545208552444,0.7303687511598869,0.4020907022683297,0
0,0.31067830986437556,0.5569759128889906,0.7390535077802718,0.8360455637090755,0.785488809189824,0.8161862314050112,0.8420485438646346,0.9566079320324077,1.03330128049189,1.0699338447720583,1.0598611823322253,0.9582990294182203,0.8066719057621424,0.6777415203860283,0.5405510646835405,0.45985196792978195,0.17315596933523097,-0.14270967599306253,-0.5122068852365332,-0.9073299782108757,-1.3754442745594688,-1.8677332759449694,-2.3431175035662206,-2.8476265368327134,-3.3938128481873133,-4.01974817924197,-4.6054524522147355,-5.231243078426354,-5.790358180975189,-6.33057607351183,-6.711456587717484,-7.004864346682476,-7.185231829557612,-7.324630750985033,-7.403625272741727,-7.486026980585037,-7.418652028997729,-7.320001521557752,-7.195845379191722,-6.994533456163565,-6.830075458925169,-6.578773649192335,-6.431197745789563,-6.369586168221632,-6.302330278302695,-6.228400789388977,-6.159021285489568,-6.139549596291648,-6.103248803605338,-6.095615575574604,-6.129335616651394,-6.138377307863881,-6.2022111606743735,-6.264691137879434,-6.29722817237255,-6.323042566794335,-6.426725673395413,-6.611863707208506,-6.712964877022772,-6.844646816185665,-6.913474394311312,-6.965331288612345,-7.006015943049492,-6.914965129085409,-6.849455495870849,-6.746495286749851,-6.616987712614623,-6.393362370718197,-6.091791107321454,-5.629923479952278,-5.155208293681552,-4.593584639925293,-4.064540770961227,-3.4772273819185777,-2.9513967123540534,-2.447948390646542,-1.950566517748822,-1.3899716269593387,-0.8606947994899365,-0.39936193618688043,0.02593955110865901,0.4015670424935339,0.7317453712210984,0.8473900686822353,1.0007385832576476,1.1543580362995458,1.3098677286389115,1.4061163625523112,1.405835730355057,1.359207544231455,1.2774868287342442,1.1500270044584064,1.1033819428047278,1.0282675439236197,1.0279960272152588,0.8787856875712803,0.6464356742132873,0.3566977355588481,0
0,0.2646823839177847,0.47146735039389215,0.5936916184271718,0.6377831311533559,0.5524647072422467,0.5532427226552838,0.5499443997721389,0.6518388124540316,0.7200768642490907,0.7538697783200681,0.7612739583501659,0.6687116117265368,0.5404984879936177,0.41623283753609736,0.2790645718492686,0.17676311984776188,-0.12856286262502112,-0.45998775520812696,-0.8576591964296475,-1.2845514838337668,-1.7862601985429223,-2.317231593118181,-2.8135384986364147,-3.340870312168445,-3.931293540809224,-4.605452452214789,-5.2313729747793785,-5.911307972466519,-6.49181262652155,-7.045449858518876,-7.4446007719147875,-7.7457826529609575,-7.931497618223112,-8.05675764944205,-8.123773920147041,-8.177552499362363,-8.08747590288205,-7.977930102681331,-7.85580209735476,-7.653734694332118,-7.500587242560233,-7.2580286249191595,-7.120956179231647,-7.059827206255472,-6.981128607947601,-6.894263049102812,-6.815679806028224,-6.791819396394474,-6.768203385307249,-6.762127076070128,-6.787592846942406,-6.806219817986188,-6.880310336946378,-6.956140348658519,-7.001208743024278,-7.02704147667283,-7.118075547102886,-7.291329655455058,-7.376615774298975,-7.499146053043622,-7.5612875551635685,-7.62013626022069,-7.6820935402089745,-7.621329366846816,-7.570305533025733,-7.483996880519123,-7.34760698831473,-7.11833872383839,-6.800560848928623,-6.326859361901317,-5.829966316335661,-5.215075476673984,-4.644188881575052,-4.006654512411362,-3.4380910285989144,-2.9121219990068425,-2.3926794378884524,-1.7953888218119158,-1.2337577948352443,-0.7404139862228283,-0.28755725388539444,0.10410669746999877,0.4520900572752025,0.5867037085397897,0.7358253664606661,0.8818994392636794,1.0132337024362537,1.1000801255198795,1.0848336252827275,1.0431235164731252,0.9729088816008359,0.8585499374095859,0.842241489528519,0.7967518024332977,0.830900095841185,0.735741708533102,0.564633866684251,0.3120244502206288,0
0,0.2028046796685355,0.3510071168541681,0.4095938017747587,0.3941406728867325,0.2863517357550759,0.27266301635030343,0.25528894772796484,0.3595629597688705,0.43409224708376426,0.47927734251537457,0.5080620569401799,0.43445465812464834,0.3267820284014145,0.21253129334908005,0.06964511539595403,-0.04803350545516285,-0.3753146542350396,-0.7235800705305185,-1.151311240239653,-1.6127109184304405,-2.167263153367342,-2.749027777927015,-3.2832189377062986,-3.8405223611279555,-4.494557443172241,-5.2312430784265205,-5.91130797246654,-6.639298026238954,-7.2435759086572435,-7.79644201782502,-8.194076676738225,-8.490756469857091,-8.662387627586817,-8.772586217359347,-8.807113645943469,-8.83093379815431,-8.698938898916246,-8.56133495416935,-8.429668236345279,-8.231598364677197,-8.070856569950069,-7.824222987218133,-7.686257203601388,-7.621031152061513,-7.516583000344816,-7.414865980534699,-7.314862982482848,-7.2872871181304815,-7.263567153907577,-7.258646600203055,-7.286139755675091,-7.310040883124405,-7.405030129446518,-7.494021635960428,-7.564522620219571,-7.5939631432202415,-7.685886156063896,-7.862247908806148,-7.951456042587509,-8.063977016049678,-8.134262502184868,-8.220419523154511,-8.325551554012403,-8.297264770855373,-8.282622564055586,-8.215217974535511,-8.095073276802008,-7.871581114926927,-7.560038913052494,-7.087243161884306,-6.56453450562796,-5.9000985923827765,-5.2722828238998805,-4.567827717760607,-3.9365986448795,-3.3804413326376626,-2.8218982098968244,-2.174887466909723,-1.5607444544904077,-1.0318240504586793,-0.550915249134639,-0.14179143395072322,0.22693593985478297,0.3740797632403485,0.5259968857848137,0.6611343986662627,0.7714334943465796,0.8415065122126644,0.8082590939656431,0.7614519773412316,0.6879368104722121,0.5738803401113722,0.5747787467224015,0.5450405673578008,0.5982010671911974,0.5602015106449653,0.45146993927411033,0.2523770386442222,0
0,0.14991207059652148,0.2597448959787564,0.26622014867217214,0.20463417409481893,0.07404630515164268,0.05421270571294376,0.021383260224940658,0.12342924067483714,0.2029615387129708,0.2552298444614882,0.2995122412839831,0.24767804382385916,0.15540725837835428,0.04906112191317909,-0.10467824005816907,-0.23909321962131388,-0.5920246313146079,-0.9721237163234732,-1.4370461786778008,-1.93408574976093,-2.529672019224625,-3.1626515546160463,-3.724657870669842,-4.308343578318054,-5.007569397781911,-5.790358180975194,-6.49181262652166,-7.243575908657234,-7.864341061802151,-8.406149002219594,-8.801352159192,-9.094288011116992,-9.257511465079888,-9.34897085253703,-9.351154517245543,-9.35683843238614,-9.209724249013805,-9.058762579303401,-8.931948319275595,-8.750894816510195,-8.609596981954024,-8.386503654295389,-8.278050105070506,-8.23073460796072,-8.125083064164631,-8.027646758057703,-7.937862002719877,-7.916543477165151,-7.897805912189973,-7.8954380732454155,-7.923014673113962,-7.9419502812033596,-8.024099756893559,-8.109048211904968,-8.18187722980086,-8.19378977434397,-8.25395539336576,-8.404963478625485,-8.470392155264353,-8.556901898336658,-8.619653479491362,-8.718377089732396,-8.839295411572616,-8.830302807414041,-8.850597034035857,-8.80359903098835,-8.690869697088909,-8.470448389553608,-8.164572454275692,-7.704199297163087,-7.163262761289332,-6.473925080604061,-5.82198435366569,-5.071798252750279,-4.398734996145951,-3.819521737743767,-3.2352251646136767,-2.5412662960507997,-1.8898099899519205,-1.3268210243315708,-0.8121018560208321,-0.3724471794873211,0.01990797312726249,0.18279825202839695,0.34519530494441136,0.4724536491178096,0.5697011203035217,0.6223297172821188,0.5779528494144774,0.52860846419489,0.45487524871730156,0.34563445885098376,0.36386900549123535,0.34153159000653344,0.41561916219216194,0.4227915312453741,0.3653816830814347,0.20194385885568641,0
0,0.09660972479179995,0.1615902059246884,0.11911043313136041,0.01059119044027436,-0.13868986956550386,-0.1750552811466111,-0.22362122179558275,-0.13569673966957804,-0.07059802622917816,-0.01854121284823046,0.03734655420360844,0.006178378529976295,-0.07966475085623646,-0.18229049088253269,-0.34607578236016284,-0.4941208566466552,-0.8682225674662002,-1.2807472111083997,-1.7721289019567399,-2.301872293236983,-2.9334600328051095,-3.608555962540381,-4.18860011817887,-4.786223245312608,-5.5181620493213055,-6.3305760735118115,-7.045449858518774,-7.796442017824905,-8.406149002219559,-8.936279992537258,-9.327518253500305,-9.619921063722872,-9.76708263051375,-9.835824988129577,-9.814805666340098,-9.811077807014978,-9.650814316631664,-9.48274757584229,-9.365198065074425,-9.197890176159753,-9.081890104211416,-8.88434134826416,-8.811217009026926,-8.787786448694797,-8.694855522537777,-8.605090259093968,-8.530384801495673,-8.528773461605462,-8.5261677808165,-8.525023954686162,-8.543061315766035,-8.546920627865656,-8.61633902760646,-8.694023262881782,-8.754581964851331,-8.741603118824557,-8.761945716422483,-8.884153768893096,-8.918888631430669,-8.986458426471376,-9.036703080797214,-9.152833184278759,-9.287225281874518,-9.289815706921816,-9.335655571808744,-9.313851372108099,-9.218620571392407,-8.998974951964971,-8.697905745792951,-8.248295028978744,-7.716397500618311,-7.0255443791961145,-6.359293150244055,-5.5781881535034366,-4.87272889601402,-4.281018395978533,-3.6792618779399975,-2.9465436413399773,-2.2625510365827735,-1.6701969818532902,-1.1331350302800218,-0.6640264185967323,-0.25294776776018574,-0.07805572793246404,0.09322609525423539,0.2169903562430171,0.30883323064060275,0.3438489674502762,0.2924321403305589,0.24694661633463166,0.19183401717791645,0.09902082653385558,0.13418959308986944,0.1288572055512232,0.22223012453832117,0.27571274445605426,0.26740059791903126,0.14816121827026643,0
0,0.03782162314423441,0.05878975085331085,-0.01626361900899773,-0.16721996940752465,-0.3390041015585893,-0.38667849508914726,-0.4483700982319426,-0.375458776017533,-0.31159775289316055,-0.24317860635591393,-0.17948061438136348,-0.18679449636387796,-0.2495522917408211,-0.338050092652995,-0.49931633702605277,-0.6425342471244497,-1.0263322011050706,-1.467246517045489,-1.9755428542793083,-2.5216181138910487,-3.187061609129187,-3.899316629096815,-4.497918785167498,-5.10766623746371,-5.869404468439615,-6.711456587717518,-7.444600771914813,-8.194076676738154,-8.80135215919199,-9.327518253500358,-9.711984709617369,-10.011043362532105,-10.144899947001532,-10.198301307982264,-10.172323318014143,-10.172130335368749,-10.009277738537328,-9.835311290394525,-9.725395515855643,-9.570172358796855,-9.472548884993287,-9.302832803257363,-9.274900675239712,-9.286738271976759,-9.224741097135128,-9.15352321626914,-9.088618566682326,-9.106172571645562,-9.115912714509447,-9.116582726074073,-9.125029278372498,-9.111285314828319,-9.171393377990375,-9.229086583961175,-9.260356499172948,-9.212873436282722,-9.187810076289692,-9.282527102509924,-9.296092357530965,-9.349248755145574,-9.388414581334015,-9.511232785088406,-9.648493764538761,-9.648803173114672,-9.701674289402014,-9.695142951410219,-9.61194246009418,-9.384773717357284,-9.088934163386806,-8.64174421683102,-8.109041264840492,-7.416773374087124,-6.732328244920292,-5.920648896819971,-5.188039682923845,-4.5866614015357,-3.968258886693978,-3.202836377853576,-2.4891900503761035,-1.8832586242590155,-1.332208243930755,-0.8402892710811076,-0.4235819255499032,-0.2571275606877591,-0.09024845459142462,0.017452548979190755,0.08731859623559476,0.10143798090233361,0.047223745741762885,-0.010935177858748495,-0.06192483734663081,-0.1366268432868296,-0.08652386132957887,-0.07697729741544451,0.03970922533265627,0.13661868791147672,0.1616618728857006,0.08745616405336398,0
0,-0.016375749267942667,-0.03469900738393623,-0.14950100195399194,-0.32984602924048423,-0.5314083699978668,-0.5996588520748342,-0.679581159335752,-0.6310525575017595,-0.5758916310218993,-0.5064824548340111,-0.4297214195379515,-0.41538458694935426,-0.4565910044857184,-0.5338148590608762,-0.6873139839049275,-0.8297188509416622,-1.2202283789341837,-1.6722613911565318,-2.1906477941145135,-2.7456619188525715,-3.427378632387594,-4.159051266953409,-4.761183183030813,-5.37126982157543,-6.142892330179517,-7.004864346682536,-7.74578265296099,-8.490756469856986,-9.094288011116962,-9.619921063722845,-10.011043362532007,-10.325467832105614,-10.4591080104041,-10.518201767593023,-10.497354048137534,-10.499564112870521,-10.341704039327201,-10.1792352494247,-10.082554846616443,-9.944990733519267,-9.869263425873356,-9.735713874221222,-9.741755645873079,-9.778281376887104,-9.734240544943203,-9.677516659109413,-9.622987371410144,-9.655567862318705,-9.673721653014157,-9.675375873334735,-9.67752496140786,-9.648838514654926,-9.697473692122905,-9.741951344405795,-9.757620449638617,-9.685476757281794,-9.626479253553974,-9.685322930138492,-9.676039577449558,-9.709179027294551,-9.733759537392752,-9.843811473645335,-9.976738228435558,-9.975690210889878,-10.025540339581411,-10.013310048926867,-9.927149132624205,-9.683947152080934,-9.381975645677226,-8.93304915700064,-8.401543900675277,-7.711842662950886,-7.019537995647034,-6.189640338018416,-5.4506890055130475,-4.849405672749895,-4.229408644933249,-3.4463855617211885,-2.71979072237656,-2.109171342717688,-1.551750551077461,-1.0513759517641676,-0.6317039247764867,-0.46927687393540307,-0.31214083228071254,-0.21665446136202138,-0.16785452553784752,-0.17515981541001563,-0.24080275096883355,-0.2976110146570294,-0.3394264658162469,-0.3890259644324327,-0.3184295384288791,-0.2845747164672699,-0.13631309019338825,-0.005428037558508528,0.06307423828699595,0.032035778658548716,0
0,-0.06070782194514485,-0.11476796462307147,-0.2657145522520605,-0.4828609249008321,-0.7020502210943099,-0.7873351950190612,-0.8794316999168414,-0.8484274237901733,-0.7982939709232765,-0.7211536380653868,-0.6487681488805663,-0.6149102538560081,-0.6379959128515157,-0.6936302917162557,-0.8346661749829035,-0.9856050358858564,-1.3713017077388294,-1.8240002309227767,-2.354078506153637,-2.9111707993159355,-3.6012665257967136,-4.337094978482037,-4.932767854060731,-5.532910870744745,-6.305640936556631,-7.185231829557619,-7.931497618223106,-8.662387627586757,-9.257511465079984,-9.767082630513817,-10.144899947001601,-10.45910801040411,-10.5962342520189,-10.666969001731498,-10.649057857876159,-10.651559468482136,-10.505278225946002,-10.360155956835852,-10.267101184525155,-10.151279427602422,-10.097047067082931,-10.010512442961002,-10.062798361729321,-10.133340989481374,-10.112778585845692,-10.083295879585638,-10.056312495893682,-10.102051754418685,-10.12566930722386,-10.126976514273277,-10.123516470222953,-10.080866478174624,-10.101655397645168,-10.11991519637953,-10.11440376313326,-10.0081860673619,-9.903222964239296,-9.918161272630199,-9.888318333767096,-9.899864105890591,-9.92079049115502,-10.014761405100922,-10.135637153792599,-10.134953406893096,-10.184849120876548,-10.161055482821345,-10.071928831033466,-9.827601323084219,-9.537415169658999,-9.098619274790494,-8.570251626580319,-7.889401945624294,-7.189274546049337,-6.343441571358916,-5.6059868550499345,-5.016079035560495,-4.405502193751558,-3.6236452458436132,-2.8936125138636175,-2.2855829857900463,-1.7201338225152845,-1.2229970642540067,-0.8113794011881652,-0.6429778772594529,-0.5023737451465888,-0.43004405670106427,-0.40037624939635175,-0.4277125059463976,-0.4875496517479767,-0.5480683103381208,-0.5843602518785685,-0.6134970727963213,-0.5280635679928835,-0.4751118091700996,-0.3054801120810564,-0.13388268196695996,-0.025052480884748853,-0.015924894702996673,0
0,-0.0929353543066198,-0.17139438303127946,-0.3506198749629671,-0.5872928550416485,-0.8175682434892787,-0.9058990665283472,-1.0112133276657662,-0.9969108342418499,-0.9527314447687902,-0.8749023641682278,-0.8085562708748829,-0.7579144991463108,-0.7560339977367477,-0.8106603093017994,-0.9575756609932509,-1.120362591745151,-1.5074192091543865,-1.9706933505187132,-2.5118468475706823,-3.073347086380279,-3.7713879734187934,-4.517074034237043,-5.105067141130051,-5.698819122518451,-6.458635580751741,-7.324630750985038,-8.056757649442071,-8.772586217359324,-9.34897085253714,-9.835824988129668,-10.198301307982355,-10.51820176759306,-10.666969001731552,-10.721032622361363,-10.69861783517392,-10.703253140839763,-10.57652210781348,-10.444153610632778,-10.362983824543976,-10.272134068747372,-10.23640851299327,-10.184830597987839,-10.282108070513456,-10.386965710790314,-10.391789191043554,-10.387943153098876,-10.385451739030755,-10.437176427813657,-10.465114591811975,-10.466965861754053,-10.45758779537762,-10.407782859952563,-10.40214139884393,-10.394354020100092,-10.3650923837391,-10.22536994764276,-10.075061047515767,-10.056427001846714,-10.010569721215123,-9.997855842884352,-10.009508177586502,-10.093882511462896,-10.19881623906963,-10.199034846806505,-10.257122823266526,-10.250246326237153,-10.147839798870612,-9.896669610946475,-9.618805682238198,-9.199955185326393,-8.686559418239396,-8.017267489564102,-7.326523941092574,-6.492486202844717,-5.766959893497394,-5.1831548459322665,-4.579415147149851,-3.7890844113211046,-3.054336277914423,-2.446234334524262,-1.8744712356144757,-1.3731820555654224,-0.9675398877826625,-0.7928607472445097,-0.6512853942196813,-0.5841307886367993,-0.5833161022283502,-0.6307903095244136,-0.6840471307932038,-0.7437804381798152,-0.7750027215694821,-0.7865745245693624,-0.6830308543852429,-0.6226837645840876,-0.437014889754426,-0.24117872575629745,-0.09797844512591186,-0.056214544038872584,0
0,-0.10171359353873541,-0.19059183277585523,-0.37355353679422687,-0.6141631261648995,-0.8412823319391296,-0.924966184606198,-1.0301421338675192,-1.0371091183696375,-1.0133783643901457,-0.9502035568242719,-0.8865514184519624,-0.8254052980095408,-0.8252582245679502,-0.8982973990378531,-1.0659813711272021,-1.2448309539407862,-1.6308900469003906,-2.103147971515358,-2.6514474371310013,-3.2138990073468108,-3.9204230844204195,-4.65804856380826,-5.236321252608134,-5.815390569491561,-6.558527154097681,-7.403625272741622,-8.123773920147023,-8.80711364594352,-9.351154517245618,-9.814805666340183,-10.172323318014183,-10.497354048137586,-10.649057857876185,-10.69861783517398,-10.690335795235338,-10.718735887915038,-10.628913266478563,-10.526027936848417,-10.472213602091939,-10.414009773733133,-10.408320712282967,-10.404949758762232,-10.551060033897592,-10.704481308162265,-10.752187807611769,-10.780809003165924,-10.808141588440712,-10.881469278953057,-10.920980631601916,-10.92190487634945,-10.897124505755986,-10.824903107659805,-10.788274474342485,-10.747556328266013,-10.676298380475778,-10.487605347593435,-10.288695539447938,-10.223123075396527,-10.148939844917479,-10.105999997944458,-10.09206441048518,-10.150454975867257,-10.221573801941298,-10.200233325567808,-10.245995819833665,-10.245550891330375,-10.139329293238267,-9.881053123453219,-9.603933820842363,-9.203895698835339,-8.718311562978425,-8.078515535926632,-7.396740281224637,-6.582502351980609,-5.873370738713064,-5.304045291694424,-4.70996427146911,-3.9308076168159336,-3.1918292285246888,-2.588868461159009,-2.016044943720427,-1.5150272466928796,-1.1199868170706302,-0.9390803819842345,-0.7821374499159113,-0.703737691544548,-0.704446141547729,-0.7640456633931015,-0.8143573868946378,-0.8573342052742157,-0.867139026608525,-0.8538333718131853,-0.7452335298966424,-0.6835945061235073,-0.4955302108372261,-0.28838876532487584,-0.13332570799194446,-0.07322405205400499,0
0,-0.09384014971963595,-0.1800618280239206,-0.3429731371471189,-0.5782499227979163,-0.7858304862211385,-0.8578586143320376,-0.9702581346624367,-1.0043261374163288,-0.9989915415878585,-0.962575718191304,-0.9028085235132829,-0.8526075944883814,-0.862278106415441,-0.9598065435614183,-1.1491412441451572,-1.3484488548655766,-1.7333919369454112,-2.2219362669025275,-2.770535767174643,-3.335872725377433,-4.054710577849084,-4.789193968448323,-5.367564516837105,-5.936538354575946,-6.663989636538614,-7.486026980585091,-8.177552499362506,-8.83093379815436,-9.356838432386132,-9.811077807015012,-10.172130335368786,-10.499564112870566,-10.651559468482207,-10.703253140839902,-10.718735887915127,-10.761488521484962,-10.701424796193427,-10.625569260803692,-10.591082949802587,-10.548670920291642,-10.55890262416918,-10.59277690987102,-10.770468205630788,-10.951361831645615,-11.036633287446238,-11.088499784197792,-11.134884419178446,-11.218001114476387,-11.260245641576894,-11.258761005896494,-11.22548121531726,-11.141378245709317,-11.08292750392725,-11.015887596422619,-10.907845319862261,-10.687770724151678,-10.456572305373006,-10.357310779740656,-10.271367775377193,-10.2184175269212,-10.189880088632831,-10.230058529062,-10.2770215687416,-10.244550418794237,-10.271566180471737,-10.272437412197025,-10.167098578532821,-9.905307800843651,-9.61968637059185,-9.225029002691343,-8.75315081845747,-8.140951081312823,-7.483299753977783,-6.687555681537439,-5.99026189618468,-5.426005584497477,-4.828776220117788,-4.054202308862188,-3.30745820837933,-2.7077210944798544,-2.1404376290196137,-1.633624585293357,-1.2478808299676973,-1.0527887003878231,-0.88006931903746,-0.7832956967765395,-0.7792352092804763,-0.8308329842976179,-0.8766986059041996,-0.8927616830329922,-0.8848547860272307,-0.8438981420049427,-0.7237106074993505,-0.6681282085807984,-0.4897154014726639,-0.2794555312193314,-0.1372476613646052,-0.07209032116633816,0
0,-0.07222316955308786,-0.13551827196686633,-0.2872560447976847,-0.4976598332234305,-0.6733327565486743,-0.7273264069257268,-0.8327273131404694,-0.8824815319863297,-0.8965931312369951,-0.8815496300685223,-0.8195167129029401,-0.7701484897815984,-0.7997227354731095,-0.913674251532554,-1.1223725613153863,-1.344586720223567,-1.7299889077529453,-2.227091439716207,-2.7765019476509294,-3.3416007323618215,-4.065996432141651,-4.788121366320826,-5.351866275716448,-5.915862917405662,-6.623020445767348,-7.418652028997782,-8.087475902882076,-8.698938898916273,-9.209724249013858,-9.650814316631717,-10.009277738537376,-10.341704039327304,-10.505278225946007,-10.576522107813517,-10.628913266478571,-10.701424796193455,-10.698167025498242,-10.66274360466926,-10.666696285696823,-10.663674893878529,-10.700392660643276,-10.78549998932684,-11.012896444399239,-11.227310464141478,-11.36062033530671,-11.449242265152945,-11.527055388199393,-11.626417180346639,-11.659658212487713,-11.655328615682663,-11.623493168055218,-11.518890464704969,-11.426075059866172,-11.322027908486296,-11.165866551891163,-10.911259595998851,-10.632058365502226,-10.483972261750758,-10.375197219202942,-10.290330709469098,-10.229011245958656,-10.236649881390115,-10.234667986433811,-10.176877322085225,-10.170917144418294,-10.153956704788285,-10.036162377949813,-9.766120473544175,-9.475572016722012,-9.086937516756384,-8.623488489002185,-8.049273373970596,-7.409180202682257,-6.637963698186906,-5.955501826752107,-5.392976453654895,-4.808129060141102,-4.048306458473467,-3.3002100433463606,-2.7068339602533693,-2.1461009192242564,-1.6415321986652749,-1.2635660169208707,-1.0536973299517218,-0.8683897398768127,-0.7625007064788002,-0.7452521075963175,-0.8007179207679951,-0.8487917418973564,-0.8428529850621596,-0.8178839599006325,-0.7631261234212645,-0.6467900511305199,-0.6045277205531281,-0.44801246564014263,-0.25259807962262937,-0.11261582270107337,-0.061003172975056044,0
0,-0.04468628053730829,-0.0807408800159232,-0.20592946890001773,-0.3776217159660792,-0.517005383597092,-0.54838734415002,-0.6290506380906071,-0.6833607411938267,-0.7172626994503456,-0.7124060712985063,-0.6523377471722067,-0.5946875596363521,-0.6369826238409211,-0.7713147312226966,-1.0071869635144515,-1.2608753599852867,-1.6617638091686167,-2.173881976307328,-2.73082453990696,-3.2970596292257923,-4.023683165070384,-4.733196506662196,-5.288235380278654,-5.846768964803065,-6.540266311063346,-7.320001521557907,-7.9779301026813645,-8.561334954169384,-9.058762579303336,-9.482747575842355,-9.835311290394616,-10.1792352494248,-10.360155956835806,-10.444153610632807,-10.526027936848386,-10.62556926080367,-10.662743604669192,-10.670276465427978,-10.71276853514817,-10.753822006046157,-10.83037698681675,-10.967597764221663,-11.224329317044518,-11.468146771362202,-11.637980498351093,-11.748237556957404,-11.856458574864892,-11.968769598316575,-11.994000808744012,-11.987027362690352,-11.956808419621785,-11.8353573746297,-11.709958767375845,-11.584038450490405,-11.392984343137156,-11.108737388276264,-10.802424001255284,-10.60556368592288,-10.461821713041807,-10.340984022339732,-10.247774166678083,-10.22194139130864,-10.187719408019815,-10.105841609673325,-10.073525221926804,-10.041400843112635,-9.90411664670765,-9.618371626547559,-9.325286050530783,-8.94554276977467,-8.488580441407834,-7.9369265727541,-7.301903499000491,-6.543710530913762,-5.869024512118876,-5.306465165764002,-4.729740721452798,-3.983440668410994,-3.2369077878899666,-2.6493238328696282,-2.0896903655877312,-1.5830022372119064,-1.2015602054856058,-0.968278722551972,-0.7623353395871117,-0.6429845432649494,-0.6196209414839653,-0.6879388589908478,-0.7355178062056321,-0.7199931788333388,-0.6769720135388362,-0.6183779137022608,-0.5236815617003124,-0.49667827845813123,-0.3665567174242957,-0.20018296614353367,-0.07874330371191558,-0.0438300629891534,0
0,-0.005917550152404462,-0.008423083737925448,-0.09580308631654762,-0.23324595498795844,-0.3286597937876338,-0.33493617718407137,-0.3920304962112565,-0.44248838159229675,-0.4826545230858764,-0.4743775452168646,-0.4048433990501101,-0.33019162032549,-0.3827864413546773,-0.5294232684676963,-0.7799804709684683,-1.0630649421430818,-1.478957285909521,-2.013904949489565,-2.5771788318772986,-3.1539318888240535,-3.8925234727657725,-4.604992924091879,-5.168100514458095,-5.727442853604992,-6.421135791812572,-7.195845379191707,-7.85580209735481,-8.429668236345355,-8.931948319275671,-9.365198065074436,-9.725395515855675,-10.082554846616514,-10.26710118452507,-10.362983824544042,-10.47221360209191,-10.591082949802496,-10.666696285696835,-10.712768535148184,-10.79233489860227,-10.869883335780706,-10.97980465186393,-11.160921661275268,-11.450917110618386,-11.726513071714455,-11.932233304030145,-12.06391611164966,-12.189312222926082,-12.305418462382745,-12.31605818204794,-12.308361667500806,-12.286447608307949,-12.154076459753137,-12.010436295285396,-11.861911798118541,-11.635739467412453,-11.322484065933168,-10.987682197380082,-10.752449098446368,-10.582635152635417,-10.434892561085755,-10.312041979324507,-10.25560692743123,-10.18736110973635,-10.087045925978057,-10.025997666437062,-9.977067809652556,-9.830361208032212,-9.52167037027883,-9.211447254255125,-8.816028523039517,-8.346667997913423,-7.798148783990931,-7.1594328252400965,-6.404316724631991,-5.726873256824139,-5.164718957391949,-4.584327365258239,-3.8401194079976673,-3.089340565167777,-2.4989329564350333,-1.9421896333791933,-1.4253475072591488,-1.037788677304553,-0.782026070695909,-0.5644532589952757,-0.43639542916114893,-0.40577398905220546,-0.4908738402679942,-0.5492498411641491,-0.5372931673053415,-0.48595526588149907,-0.4308412580922449,-0.3569635368903048,-0.34779924713386773,-0.2532270740652725,-0.11304261092424422,-0.024194335099855753,-0.014447586797561696,0
0,0.062031861872019436,0.11811664281928855,0.08881726739062783,0.004013780847854243,-0.04519652975842676,-0.02328691975501532,-0.058078182404472274,-0.09222137692276199,-0.12115566041957485,-0.10160953318159398,-0.026869386289049252,0.05343627822986297,-0.006182028312265121,-0.16093233765833767,-0.4224371149079069,-0.7377445244297075,-1.1739557496995323,-1.7415341513061178,-2.3285283769064824,-2.9300799519125365,-3.685369269489616,-4.404286903135854,-4.973610901560038,-5.536619194533937,-6.231226916994338,-6.9945334561636345,-7.653734694332092,-8.231598364677259,-8.75089481651017,-9.19789017615978,-9.570172358796917,-9.944990733519319,-10.151279427602425,-10.272134068747446,-10.414009773733177,-10.548670920291583,-10.66367489387851,-10.75382200604607,-10.869883335780592,-10.971034056315778,-11.116477747242115,-11.339258391724249,-11.657570156909145,-11.95731060411265,-12.189259738546708,-12.34791196982437,-12.490333309641084,-12.599706902686513,-12.593531170055675,-12.586324953282299,-12.574445421799027,-12.443634153398136,-12.283371872489033,-12.10804275207146,-11.857720035702823,-11.52298031679357,-11.164260864005291,-10.894036016277468,-10.695355444209344,-10.530712435053257,-10.379237834892251,-10.28649615446544,-10.180665264943613,-10.060734288521196,-9.962033772017682,-9.882636560050782,-9.708290906922233,-9.373411709401498,-9.039642441317664,-8.623271836386152,-8.128534745176392,-7.571331119462825,-6.9325260992494355,-6.190132365649781,-5.513203423939794,-4.951385008018694,-4.372666231190087,-3.6287335599179693,-2.866231572336391,-2.259266460164935,-1.6892102277717689,-1.1541331904400085,-0.7557857036722111,-0.47221559317251915,-0.24464959348112353,-0.11179778607801662,-0.07656357890123433,-0.17026789295236022,-0.23069200802847034,-0.2259045153451695,-0.18492552145176208,-0.14416710893609722,-0.08895518480110531,-0.102345030301751,-0.04636287178198333,0.04808958401855996,0.08169867931070733,0.04207777744399198,0
0,0.10642716373276852,0.20627542143552516,0.2198205808998229,0.17200104563463967,0.16568652032214115,0.21082436460517867,0.19399715735232387,0.1571629596959625,0.12410582957742815,0.15226227338662557,0.24088472383095483,0.33304640241351674,0.2714246909100964,0.10727803911769258,-0.16435431961535404,-0.5048336138606635,-0.9519474349525171,-1.5379939162803706,-2.135946169034492,-2.7364482703472435,-3.4917608865591947,-4.213722920650622,-4.796637697108621,-5.368927805576835,-6.068810357005998,-6.830075458925209,-7.500587242560279,-8.07085656995008,-8.609596981953965,-9.081890104211457,-9.472548884993309,-9.8692634258734,-10.097047067083034,-10.236408512993256,-10.40832071228291,-10.558902624169155,-10.70039266064329,-10.830376986816708,-10.979804651863807,-11.116477747242051,-11.293777610163001,-11.545368414952023,-11.874223641427118,-12.197327467512071,-12.461436028740717,-12.644130647397494,-12.801992527392807,-12.92088230929081,-12.89850173150533,-12.890685900676104,-12.887978241132235,-12.741178570667735,-12.563391618530344,-12.362230614288027,-12.081359149919981,-11.728475371877437,-11.365076552834724,-11.07187778314765,-10.8494282380143,-10.660707453062432,-10.487203764100968,-10.36379087901895,-10.236132084788967,-10.099978760861116,-9.968101520240007,-9.864070271526915,-9.66188560879294,-9.29565990981974,-8.93245353585526,-8.482774149492597,-7.959915053188841,-7.402143794829464,-6.74731624142785,-6.0045769912570455,-5.320482659268344,-4.752019108166327,-4.164682322986324,-3.4226887239805532,-2.6659395410087114,-2.0677129918213284,-1.497389998065498,-0.9563735744282533,-0.5544325408953384,-0.25101177140628345,-0.015690360322586444,0.12220325734735031,0.15615642374003905,0.04885251868248318,-0.026282191473992054,-0.029933686965025852,0.015141099098816075,0.0597998284412686,0.09996412222237896,0.06916732349122788,0.08882666813349983,0.15416994133400436,0.14963496193095288,0.07495052448850086,0
0,0.1870348697613124,0.34909305433534277,0.426985556327022,0.4430848393352799,0.4951352750068198,0.5653673831241607,0.5783911623443837,0.5408491748429977,0.4943231553861201,0.5160140359583792,0.5973433935338338,0.6826435496353104,0.6056118674219325,0.40914127951046697,0.11311880238767512,-0.2678543316183459,-0.7303472218570745,-1.3347141467085322,-1.9293791896928498,-2.5223385925705846,-3.27194906900733,-3.974900514036374,-4.554406119141199,-5.132158691158408,-5.826616596385753,-6.578773649192382,-7.258028624919101,-7.824222987218108,-8.386503654295348,-8.884341348264243,-9.30283280325753,-9.735713874221306,-10.010512442961149,-10.184830597987887,-10.404949758762257,-10.59277690987106,-10.785499989326908,-10.967597764221582,-11.16092166127526,-11.339258391724162,-11.54536841495204,-11.820865816828812,-12.150477207240861,-12.486404798024244,-12.772162899719564,-12.967914003285106,-13.142146201420209,-13.268864278186589,-13.232334323380773,-13.225429725638657,-13.233527258010632,-13.075092865088058,-12.880544248399122,-12.66626546696394,-12.364058299993294,-12.00153001730413,-11.639736414474944,-11.324221656290398,-11.077885626118821,-10.855987422251934,-10.646466027147744,-10.477056714055822,-10.303416626186511,-10.131483220611086,-9.949852985342735,-9.8057472256948,-9.551378334274277,-9.142121129431377,-8.742198783210572,-8.26040789876468,-7.706433315466276,-7.147173849690982,-6.47874285739908,-5.742162795591743,-5.057851781899065,-4.48280073316266,-3.901655978301741,-3.182680344554339,-2.4357935582046406,-1.8517440691900884,-1.2947392774490327,-0.7499229823227593,-0.3435218359461218,-0.005626105770942214,0.24991450970663306,0.41458333963134214,0.45993423898669733,0.3550517265584184,0.28547917073576484,0.28730183182441593,0.34525929385633447,0.3913609037981815,0.4050730191876689,0.35596358735363703,0.3258510136372639,0.33422393783452176,0.27007078458761935,0.14325910598310285,0
0,0.26475290391107287,0.49150576633584736,0.6283011692218153,0.7037939144373392,0.8212412419847571,0.9164462140547177,0.9524725959304234,0.9145430897623698,0.8528863871725616,0.8697188523618624,0.9477388734349788,1.0197760092826416,0.9169719704278371,0.6938120356465368,0.37116460498820636,-0.05334869432663866,-0.526141771173024,-1.1553580533022128,-1.7579566230114598,-2.356455412444223,-3.10942236327744,-3.8088690425622227,-4.401193805012009,-4.9885364586123195,-5.685661054399616,-6.431197745789606,-7.120956179231633,-7.686257203601291,-8.27805010507036,-8.81121700902689,-9.274900675239865,-9.741755645873221,-10.0627983617295,-10.282108070513583,-10.551060033897716,-10.770468205631007,-11.012896444399416,-11.224329317044552,-11.450917110618313,-11.657570156909157,-11.874223641427141,-12.150477207240776,-12.461276837267677,-12.789851105274412,-13.08199865800138,-13.275201126424962,-13.447524741753412,-13.572997191014688,-13.522336672540167,-13.514438754895945,-13.530616225652494,-13.36853705758603,-13.174022715222742,-12.963955430213781,-12.6556131318777,-12.3024467775928,-11.960778865473255,-11.6465877153931,-11.39482032955117,-11.153070488107113,-10.918500039265314,-10.72668531956755,-10.510173296981316,-10.308752141050562,-10.076386467421951,-9.884103980488486,-9.578400053166055,-9.12970333573787,-8.676494954086296,-8.15504798077116,-7.566245496503476,-7.0049147676314,-6.321567715554601,-5.59012895934751,-4.8982650623255655,-4.311463339759924,-3.716222545290252,-3.0044288482306993,-2.2567463736066826,-1.672587501617585,-1.116357923596876,-0.55945946293015,-0.15079936781364214,0.22531688953385948,0.5050443799280788,0.6918155698507268,0.7603006055014275,0.6634199235211915,0.5955059757563769,0.6007980655411592,0.6731840848724285,0.7196833592357155,0.7128106910567844,0.6445954832671593,0.557219072941251,0.5137656338927158,0.39500364014531697,0.21054799093230142,0
0,0.3358436561917126,0.6142687833155238,0.8164414185779242,0.9497507238054231,1.1314428901361369,1.2510665710801647,1.3037124922848873,1.266299563747702,1.1861087855122427,1.1822587336487014,1.2597681807380772,1.3213499973202008,1.1934458632787326,0.9378558854335612,0.5924781766147738,0.12322767437111404,-0.37729520063998595,-1.040327536142286,-1.6554235905178007,-2.27102764522158,-3.0312550250564065,-3.7273751669803667,-4.341526808617727,-4.936772858341357,-5.637766939541984,-6.369586168221539,-7.059827206255306,-7.621031152061406,-8.230734607960633,-8.787786448694769,-9.286738271976871,-9.778281376887184,-10.133340989481539,-10.386965710790479,-10.704481308162421,-10.951361831645803,-11.227310464141599,-11.468146771362209,-11.726513071714493,-11.957310604112664,-12.197327467512054,-12.486404798024287,-12.78985110527445,-13.125551436353497,-13.433531203584522,-13.63420298367471,-13.805404083664927,-13.932663106492113,-13.871072502799198,-13.860812948970787,-13.880679978882553,-13.713552443093583,-13.517980653622873,-13.298606155182501,-12.974543770953083,-12.615824586177693,-12.284774875428354,-11.96097209960467,-11.691757192159255,-11.435183148232573,-11.175621199661917,-10.961325174717913,-10.717122295315544,-10.487892589487119,-10.20454201419529,-9.973843103451681,-9.630047700970284,-9.152672123857762,-8.655697004871497,-8.107051578426427,-7.49638680488502,-6.936520647633541,-6.248217749196246,-5.526671991875045,-4.8273648421454745,-4.2328130036271086,-3.6165428239100774,-2.9100104382279115,-2.1591884751785377,-1.5660584893577358,-1.006101307426443,-0.42770352410334495,0.00010805764126068149,0.4150388124761274,0.7157581043203084,0.931886669555079,1.0211802737835296,0.9295933115496445,0.8595552741080643,0.8820405053265025,0.9727359090372537,1.0197664794668997,1.0020456619381335,0.91809329808021,0.7749426640295755,0.6818193495483766,0.50266772527349,0.2740406462829027,0
0,0.41030908814510264,0.7469749836038753,1.015430075988526,1.2064794882201535,1.4480408611540612,1.5996316491287836,1.6697764548658747,1.6177613500395682,1.5118904731885074,1.4874205884327234,1.5558742512452817,1.5986183455409084,1.4371366357696729,1.1374816263059537,0.7535904631432981,0.23685823179131818,-0.28386013532674187,-0.9776091461914738,-1.6085058595556383,-2.2389320656434983,-2.9988479761592384,-3.6780168883952085,-4.296604430599284,-4.895622028963065,-5.59452693892562,-6.302330278302503,-6.981128607947445,-7.5165830003446805,-8.1250830641645,-8.694855522537724,-9.224741097135158,-9.734240544943278,-10.11277858584578,-10.391789191043669,-10.752187807611735,-11.036633287446229,-11.360620335306706,-11.637980498351077,-11.932233304030147,-12.189259738546719,-12.461436028740684,-12.772162899719538,-13.081998658001382,-13.433531203584531,-13.760688682716331,-13.978635700366084,-14.155152681926657,-14.291836979215836,-14.22674726402776,-14.21512453331628,-14.232871470224799,-14.055692935461824,-13.854639912817166,-13.617382395093836,-13.273462679660932,-12.899128959919395,-12.56313334197104,-12.218471773770899,-11.920746908956858,-11.64509292030457,-11.354904354443494,-11.108379390892408,-10.8183539428059,-10.55000921126278,-10.221681675591256,-9.96361656144986,-9.593491163394058,-9.095294613972857,-8.562092600794733,-7.998911369759102,-7.386245191103498,-6.850737534447195,-6.170044491008673,-5.471398553380641,-4.770363400464881,-4.170947284563954,-3.55129807541688,-2.8637706589967156,-2.1158336113754763,-1.5146384309050087,-0.9457441484168045,-0.3472355571305292,0.09335977842268145,0.5489840454562864,0.8849723808964441,1.1387251660254722,1.25746126617493,1.179681222286939,1.1133040067501336,1.1517947954956704,1.268030992313815,1.332005503365299,1.3020034512674907,1.1922495604746688,0.9964062969832832,0.8543594251425467,0.6156162618569754,0.3384948595448296,0
0,0.47185279244920586,0.8534906244832186,1.168139611954297,1.4078024050442965,1.6951963648005712,1.8747811569494304,1.956390480805468,1.8993758775931167,1.7844767070696186,1.7384027561906668,1.7988496071080353,1.8234498022013002,1.6467461576501696,1.3254050430154694,0.9161286083368092,0.3681806903202151,-0.1687455436538344,-0.8934910120881393,-1.5432678643972153,-2.1836344672930967,-2.9353774334063374,-3.6027871525607185,-4.230666026284629,-4.8408782644380315,-5.5418765579562,-6.228400789388899,-6.894263049102711,-7.414865980534537,-8.027646758057601,-8.605090259093826,-9.153523216269217,-9.677516659109399,-10.083295879585702,-10.387943153098927,-10.780809003165913,-11.08849978419778,-11.449242265152895,-11.748237556957239,-12.063916111649487,-12.34791196982421,-12.644130647397418,-12.96791400328499,-13.275201126424909,-13.63420298367466,-13.978635700365949,-14.21769082221708,-14.400594054351185,-14.539110582747732,-14.467942803929828,-14.45408668952879,-14.471372919054026,-14.28873010916045,-14.07920837268875,-13.819030721070261,-13.457114104534451,-13.078382698218483,-12.746635812771672,-12.390156313406752,-12.074788354170174,-11.779611753988105,-11.476075042807954,-11.211608261062937,-10.886801768849669,-10.594275319884703,-10.229016607676682,-9.940769863517096,-9.541063532060445,-9.026167606589972,-8.471137937109994,-7.8997231006336595,-7.280309421962599,-6.757847753094871,-6.086021692890139,-5.408831369124256,-4.705117450257311,-4.095648717474033,-3.46918205926926,-2.7946905277068494,-2.0568091164895224,-1.4504304876098402,-0.8695027368020322,-0.24812581573072698,0.2032414500799081,0.6871305514323218,1.0487678483100666,1.3221940355834674,1.4529011625111181,1.3883182833176335,1.3263313912468429,1.382948603033781,1.5073776257962521,1.5784126798969622,1.5430451318705465,1.4108943071266196,1.1744989710040568,0.9896485889043591,0.7074204724901343,0.3919228361827668,0
0,0.5248653788519623,0.9461504988649554,1.3100716991719163,1.5922286291248098,1.9224191425029125,2.134874784012975,2.2342678333308426,2.169241909985904,2.0451455865435353,1.9897907591522057,2.0315305802868684,2.0428056361523037,1.8488522302860848,1.5013285413169009,1.063251326082547,0.4859585164544068,-0.07093182447347551,-0.8210831513424468,-1.4865869979485393,-2.13573052317156,-2.885649518863574,-3.545551930166089,-4.182369044543688,-4.791003616845808,-5.486882045877972,-6.1590212854894855,-6.8156798060281165,-7.314862982482769,-7.93786200271985,-8.530384801495503,-9.088618566682282,-9.622987371410028,-10.056312495893698,-10.385451739030774,-10.808141588440728,-11.13488441917845,-11.52705538819919,-11.856458574864734,-12.189312222925908,-12.490333309640853,-12.801992527392654,-13.142146201420129,-13.447524741753247,-13.805404083664778,-14.155152681926568,-14.400594054351203,-14.583754276548017,-14.711258465474046,-14.62008030911753,-14.604159850495561,-14.63663588344695,-14.461813755151617,-14.249924498325031,-13.98214410562021,-13.6138473769767,-13.238453764507135,-12.910219938363081,-12.53913260284898,-12.211894046170086,-11.904484987282805,-11.589198439838654,-11.297725772025075,-10.941373784379506,-10.628383564884944,-10.229665721832738,-9.912659856460905,-9.484230455814147,-8.957420031303593,-8.390941240661013,-7.803504159037025,-7.171808283982928,-6.670176010692263,-6.005481292011112,-5.344516329949046,-4.645929351632582,-4.0387880294774545,-3.406317717530856,-2.742655364189171,-2.0093030244827474,-1.3979324203473227,-0.805698329733155,-0.1661855804772467,0.3017982119191842,0.8132347404502507,1.2037126502703328,1.5017481442186773,1.6479880408621488,1.5920444367569937,1.5438529946028012,1.6053425069580085,1.737150484382202,1.8181542458017712,1.7686084465788758,1.6084152279087127,1.3348707592270173,1.114528928398602,0.7871472108521904,0.4386977962284432,0
0,0.5603355778367816,1.0110471971616741,1.3969996677118945,1.702853100522117,2.0553186544317725,2.270701653514689,2.3652479378857714,2.2893419309596528,2.1574615384394606,2.0945027624414916,2.1287506740400897,2.128539223925279,1.926560863955427,1.5630666248593332,1.1202369879756426,0.5285609318310802,-0.03903330439097709,-0.8047170879632927,-1.4813745941671599,-2.1459811356664567,-2.8939311774659635,-3.5503199321186196,-4.184313998160172,-4.7905520413713125,-5.482437062089541,-6.139549596291475,-6.791819396394282,-7.2872871181304255,-7.916543477165033,-8.528773461605347,-9.106172571645436,-9.655567862318602,-10.10205175441864,-10.437176427813561,-10.881469278952968,-11.218001114476325,-11.62641718034661,-11.968769598316488,-12.305418462382642,-12.599706902686387,-12.920882309290665,-13.268864278186465,-13.572997191014569,-13.932663106491956,-14.291836979215779,-14.539110582747732,-14.711258465474078,-14.837450815004212,-14.744793718628369,-14.727765302017952,-14.758883839710585,-14.582440160903605,-14.379185843226713,-14.11078159793235,-13.73422717173052,-13.358357104029597,-13.033474492858147,-12.655412857688075,-12.320164756154965,-12.021093398240668,-11.704203707198584,-11.400909367357801,-11.027975198383958,-10.702730361043885,-10.278712048158518,-9.952282757034666,-9.50716443638371,-8.962911472467914,-8.375949422352141,-7.770985757232482,-7.134955045147623,-6.639485177191592,-5.980109345762327,-5.338688249237514,-4.645655072685034,-4.040714649531586,-3.412893497052189,-2.752571543716549,-2.0210638076066867,-1.3966752548550112,-0.7956797120641054,-0.14438639305833942,0.3321718168632327,0.8579754236933359,1.2547482903802345,1.5670568945825312,1.718581474474043,1.6706146044795052,1.625247490178106,1.6886974315910892,1.8266121730400657,1.9173450649554946,1.874101625759392,1.714134056709442,1.4235875824892734,1.1864304484255401,0.841704725768259,0.4697142253172997,0
0,0.5896895649242281,1.050519370395621,1.4570475457549894,1.7841018769715764,2.1570973517031122,2.3813450444592603,2.477015551550855,2.39722930422981,2.26729080372039,2.2099468713812627,2.2342020548565142,2.2242286082044376,2.0237873334751773,1.658882124481806,1.2140902825401836,0.6228809395805186,0.04942666778657897,-0.7271093456829221,-1.4056935342158143,-2.077166556464035,-2.8359400101336307,-3.487665439132532,-4.1249266061273255,-4.7406500173989405,-5.442875381582966,-6.103248803605295,-6.768203385307138,-7.263567153907419,-7.89780591218992,-8.526167780816358,-9.115912714509284,-9.673721653014029,-10.125669307223841,-10.465114591811865,-10.92098063160185,-11.260245641576816,-11.659658212487688,-11.994000808743879,-12.316058182047673,-12.593531170055515,-12.898501731505272,-13.232334323380599,-13.522336672540016,-13.871072502799093,-14.226747264027882,-14.467942803929981,-14.620080309117597,-14.744793718628474,-14.658196795684661,-14.641487347415312,-14.666302528618898,-14.492559826031822,-14.309498838673909,-14.04596182037787,-13.673452907882485,-13.309343328017375,-12.99896280407633,-12.632613321591524,-12.312166058907188,-12.03156193713429,-11.728055154172834,-11.431261135639508,-11.065534356429163,-10.736043032647027,-10.299991706906782,-9.967523665068262,-9.51735040928438,-8.96645323778821,-8.36820833836796,-7.749958815447639,-7.112063803474739,-6.6201615294752685,-5.951087372737321,-5.307797999802017,-4.604794457306566,-3.9896292701409446,-3.357896179689421,-2.69939459962713,-1.954139600954402,-1.3216332809263414,-0.7180882566846208,-0.05765840257254384,0.4247307397360723,0.949401663864984,1.3472357491038514,1.6595664879668317,1.8076626806030682,1.7668767243412575,1.7294635258215754,1.7845276097868255,1.9185659013320113,2.013663632765412,1.9696815409564443,1.8026140462083862,1.4935292716397743,1.237980002418835,0.8734585216809104,0.4943204631288118,0
0,0.5888565713940186,1.049510414791772,1.4555819412472975,1.781388305845745,2.1544990276289764,2.3785332211843797,2.473308826485384,2.393633560422093,2.265296751262811,2.20952663468463,2.2350667280737193,2.2279055130646124,2.0296119059610134,1.669198597159393,1.227326584151193,0.6374828270907803,0.0651947243045179,-0.7128998945413342,-1.3918106979185505,-2.0630221419680557,-2.8227568180311446,-3.47410612004562,-4.111144648457958,-4.7289108346005,-5.433136595032729,-6.095615575574628,-6.762127076070041,-7.258646600202921,-7.895438073245166,-8.525023954685938,-9.1165827260739,-9.675375873334549,-10.126976514273068,-10.466965861753934,-10.921904876349261,-11.258761005896352,-11.655328615682516,-11.987027362690249,-12.308361667500568,-12.586324953282052,-12.890685900675972,-13.225429725638529,-13.514438754895888,-13.860812948970818,-14.215124533316287,-14.454086689528927,-14.60415985049553,-14.727765302017943,-14.641487347415339,-14.62405248118232,-14.647162294546826,-14.473862699125636,-14.292203936182414,-14.030486697454409,-13.659717968961738,-13.298606895670039,-12.990006693704663,-12.623554333132079,-12.303843153904399,-12.022982883520621,-11.720234530926385,-11.42656566128702,-11.0639378531213,-10.736668243459528,-10.30129669432156,-9.967925939786404,-9.51795032510321,-8.965987264105326,-8.365533839976159,-7.746054627407584,-7.106146770183902,-6.613501038966536,-5.9433911468503835,-5.298730345079978,-4.594089865989502,-3.9773423335958493,-3.3456040003520733,-2.6871496278803946,-1.9403757581153012,-1.3079570422455253,-0.7038001410146745,-0.04167282569699048,0.4395369728925439,0.9627054516929396,1.3575503721207625,1.6648986848093295,1.8102870561182942,1.7662062825797873,1.726969413534624,1.7800765155725622,1.9121896558858218,2.007216183525365,1.9640245279390447,1.7971683784853993,1.4882425824837684,1.2342439647685262,0.8711084628265349,0.49293347634952994,0
0,0.5549356552963169,1.0011624363788316,1.383904712912932,1.6861551471186615,2.0358949945981366,2.248393108931707,2.3404918717681062,2.2608969173800464,2.134421521139415,2.078429809569049,2.1171301690954993,2.1253232916970797,1.9338733663882794,1.5818054596902489,1.1483079764467905,0.5634045747122847,0.001537715854850068,-0.7655753220554947,-1.4422683836455172,-2.108615640131911,-2.8603815362490397,-3.518238670283543,-4.154198764458999,-4.767588600862534,-5.464802831343201,-6.1293356166513515,-6.787592846942441,-7.286139755674862,-7.923014673113821,-8.543061315765895,-9.125029278372388,-9.677524961407727,-10.12351647022278,-10.457587795377457,-10.897124505755775,-11.225481215317114,-11.623493168055019,-11.956808419621652,-12.286447608307704,-12.57444542179873,-12.88797824113203,-13.233527258010545,-13.530616225652327,-13.880679978882547,-14.232871470224794,-14.471372919054145,-14.636635883446992,-14.758883839710615,-14.666302528618937,-14.64716229454675,-14.674886884606925,-14.500744495397749,-14.302676557731878,-14.041793299840789,-13.673279143388234,-13.308384129438087,-12.992158613098214,-12.61811226784555,-12.290767053458538,-11.998791028133645,-11.689264468825751,-11.39626107508588,-11.034194037560193,-10.716662028901013,-10.296967716338571,-9.970626130079676,-9.525669206205727,-8.978570194105462,-8.386740971356254,-7.774409609594801,-7.133186869419846,-6.636652131141157,-5.97330407183738,-5.32633251786786,-4.62866935485904,-4.016939342886223,-3.386260281868179,-2.722906985854979,-1.985954648606139,-1.3590277315557848,-0.7571700671272189,-0.10381241495354693,0.36777058777746086,0.8872971005215529,1.2747066951330728,1.5747168965880223,1.7140664944735087,1.65638760377109,1.605260512878019,1.6608246726129314,1.7922016473079196,1.8861268459323783,1.8450189771921264,1.6876018080737012,1.4008016546072726,1.1684501808746781,0.8288913297199756,0.46322028840968166,0
0,0.5130831273161365,0.9236876642112325,1.2802841120072643,1.556163309836857,1.8822875556413219,2.0890426102663335,2.184747149716445,2.114739913501709,1.9970963285636445,1.9529676252710388,2.0026134509770444,2.0293041706422486,1.8524706476872461,1.5241730724386795,1.1025487575946813,0.5363189157236541,-0.010175624632641489,-0.7579734790046894,-1.4222822678141285,-2.073324379032131,-2.8276020120117122,-3.489190990723006,-4.13085397600865,-4.750919327422028,-5.4544671078957006,-6.138377307863853,-6.806219817986185,-7.310040883124251,-7.941950281203255,-8.546920627865548,-9.111285314828166,-9.648838514654765,-10.080866478174462,-10.40778285995238,-10.824903107659635,-11.141378245709161,-11.518890464704901,-11.83535737462955,-12.154076459752966,-12.443634153397971,-12.741178570667516,-13.075092865087969,-13.368537057585925,-13.713552443093445,-14.055692935461714,-14.288730109160465,-14.461813755151606,-14.582440160903595,-14.492559826031732,-14.473862699125487,-14.500744495397697,-14.330447192359761,-14.126355767197047,-13.86914722844406,-13.509654951896529,-13.148784353580256,-12.834667334716368,-12.471659011461611,-12.158307568325098,-11.863047733995968,-11.56167012127222,-11.284595685048476,-10.9431324752652,-10.639394767539269,-10.245342428305612,-9.928901419993435,-9.501671238806916,-8.972399951646592,-8.400082669965423,-7.801734145746471,-7.165235236344879,-6.6622699480173235,-5.9900853024214875,-5.320594436163866,-4.615980255998409,-3.9981262702320977,-3.3599790196930925,-2.692371499284778,-1.9523856521755139,-1.3380258585400435,-0.7457563287334414,-0.10773031319510253,0.35149739348127956,0.8530999363371673,1.2277867118597336,1.5056595350699598,1.6321546635229534,1.5590055882751375,1.5013634157604367,1.5505735773400016,1.6743732189328007,1.759505871092087,1.7129803080952868,1.5583290827930378,1.290335176305005,1.0784224709117394,0.7607977851580587,0.42541487572077186,0
0,0.4535286944195193,0.8169943242912754,1.121050314257336,1.353408948753386,1.6337679477194118,1.8072024676225695,1.8829755333891716,1.8200103780241759,1.7105215603573773,1.678972481549461,1.7504079579512297,1.7942093804148478,1.6396263873505494,1.3439148159499001,0.9543388513749362,0.41972408226853014,-0.10621032117664647,-0.8268033483216486,-1.4719444240694686,-2.11304439474391,-2.86881480240491,-3.5357269683254344,-4.170144350473237,-4.794894401573695,-5.503573529090756,-6.202211160674326,-6.880310336946278,-7.4050301294463345,-8.0240997568935,-8.61633902760625,-9.171393377990086,-9.697473692122797,-10.101655397644992,-10.402141398843732,-10.78827447434236,-11.082927503927072,-11.42607505986596,-11.709958767375692,-12.010436295285295,-12.283371872488818,-12.56339161853013,-12.880544248398992,-13.174022715222671,-13.517980653622745,-13.854639912817062,-14.079208372688777,-14.249924498324914,-14.379185843226661,-14.309498838673836,-14.29220393618228,-14.30267655773177,-14.126355767197051,-13.926256134948428,-13.678274244097269,-13.325129265985382,-12.96345586385796,-12.648456521621453,-12.300833165524281,-12.001234302204375,-11.71751626051118,-11.428668392650907,-11.180827704899528,-10.873892195214781,-10.592898676760726,-10.232906585644017,-9.946742158953528,-9.54849638900329,-9.032567170218437,-8.471698156095163,-7.887533259475997,-7.266462884221949,-6.743929858688383,-6.064868893016597,-5.380011621084375,-4.671375110532808,-4.048692614249214,-3.4152077749075738,-2.738950353331863,-1.9946252241065583,-1.3864013439084568,-0.8084826569802321,-0.19022229857370157,0.25208688471229485,0.7245111845196038,1.0673438242183224,1.3140878089199297,1.4196053898308845,1.3334756654799471,1.2587989973731455,1.299898810425876,1.4172607530164723,1.4934176641964518,1.4629703086871115,1.3369255420853419,1.1092931785497642,0.934258761296919,0.6656847282424462,0.37167992207884143,0
0,0.3906810214220817,0.7040751495337606,0.9585810988945853,1.141314321538966,1.3730083322722944,1.5173037858477587,1.5801572285141456,1.5210375968572711,1.4221326457464782,1.414687969699171,1.4950512500129771,1.5598912430312102,1.4257783625300178,1.156552833236903,0.795925715616558,0.29314758077097336,-0.2160078934121547,-0.9035683234442636,-1.5281311205444204,-2.1597859105888775,-2.9236288440664295,-3.5991083958377894,-4.222853046364837,-4.838309308806782,-5.543942953421009,-6.264691137879395,-6.956140348658467,-7.4940216359602925,-8.10904821190483,-8.694023262881638,-9.229086583960912,-9.741951344405647,-10.119915196379534,-10.394354020100005,-10.74755632826591,-11.015887596422465,-11.322027908486108,-11.584038450490343,-11.861911798118392,-12.108042752071226,-12.362230614287947,-12.666265466963878,-12.963955430213709,-13.298606155182467,-13.61738239509382,-13.819030721070286,-13.98214410562007,-14.1107815979324,-14.045961820377812,-14.030486697454226,-14.041793299840627,-13.869147228444012,-13.678274244097274,-13.454329097150035,-13.119895391370013,-12.765543418895314,-12.445441957817064,-12.109915406473068,-11.829875584406691,-11.56531270678695,-11.290611734525694,-11.060716748015178,-10.78857366875621,-10.534677524106876,-10.211410341513691,-9.955232235141798,-9.585319099642504,-9.084655203754387,-8.54726755180903,-7.9712194118680415,-7.35694833117387,-6.823452615716319,-6.135943712844507,-5.429874502250682,-4.726005813356448,-4.11292995024268,-3.488593497360856,-2.802898261308604,-2.049091573063328,-1.4453881822825345,-0.8807802117695838,-0.2872743271418737,0.1441752973685519,0.5882262627471339,0.9022537754037425,1.1245080937537366,1.2129179116139803,1.1109871227013497,1.0313116248978464,1.052369988975702,1.1604284660368178,1.2311081227740264,1.207532523601943,1.1046946474193022,0.9202963667977928,0.7889394092227735,0.5673007469580116,0.31707163872434074,0
0,0.3197600900478776,0.5759942644231293,0.7637964443710246,0.8896585436625122,1.064717215411729,1.1794275103798848,1.2259633805725385,1.1801720165241452,1.1081670250587377,1.1217147352203394,1.2123246039086835,1.297481166511204,1.2011805967663558,0.9779119117872227,0.6556180140744963,0.1996848207015243,-0.287796951747028,-0.9403448834038479,-1.5479782848367452,-2.164144569568551,-2.9267821486087584,-3.616775769469695,-4.2334566312644935,-4.843619768085771,-5.552013016501004,-6.297228172372588,-7.001208743024207,-7.5645226202193925,-8.181877229800683,-8.754581964851191,-9.260356499172817,-9.757620449638551,-10.114403763133298,-10.36509238373915,-10.676298380475814,-10.907845319862234,-11.165866551891144,-11.392984343137078,-11.63573946741236,-11.85772003570276,-12.08135914992,-12.36405829999324,-12.655613131877569,-12.974543770953098,-13.273462679660819,-13.457114104534364,-13.61384737697667,-13.734227171730343,-13.673452907882279,-13.659717968961631,-13.673279143388198,-13.509654951896554,-13.325129265985428,-13.119895391369969,-12.806174440885094,-12.467226346906319,-12.151716625377711,-11.836305438774216,-11.582569094018284,-11.33415499864286,-11.088418694264131,-10.88884101080249,-10.661938400182212,-10.445789672322267,-10.166380607785074,-9.935780222760428,-9.589658753384988,-9.107191424886468,-8.604886450433746,-8.043631691259483,-7.430792641117108,-6.873614009486946,-6.177799726858335,-5.449382206967571,-4.747481162660702,-4.141485271099757,-3.524070409182854,-2.822229539524925,-2.0676546597489334,-1.4727405470602195,-0.9180318608380543,-0.3491579343005305,0.0683506860399367,0.4725153264199947,0.7515553612751302,0.9342328420774327,0.9893338190388367,0.8728697386804785,0.7888572931821759,0.7939460300291012,0.8757750340778891,0.931201559956377,0.9186981847265197,0.8390871853567281,0.7039106904164674,0.6207164741621422,0.4589096242261767,0.2561685115813761,0
0,0.25142127529919656,0.4578404744782724,0.5814989071133164,0.6501943371819046,0.7601690442758742,0.849762936649705,0.8808928245366212,0.8352193572086948,0.7839997556028387,0.8187132380773932,0.9116403588938884,1.0079879152220714,0.9375835714864598,0.74951398001708,0.45321580331969574,0.042325373490730046,-0.41588987379710185,-1.0348289325817093,-1.629095483603055,-2.2276856620997645,-2.9808130262918175,-3.671857152469067,-4.264711352079555,-4.864029544295444,-5.566197405233499,-6.3230425667944115,-7.027041476672784,-7.593963143220187,-8.1937897743439,-8.741603118824436,-9.212873436282603,-9.685476757281748,-10.008186067361807,-10.22536994764272,-10.487605347593378,-10.687770724151516,-10.911259595998759,-11.108737388276232,-11.322484065933294,-11.522980316793516,-11.728475371877304,-12.00153001730407,-12.302446777592701,-12.615824586177629,-12.899128959919231,-13.078382698218459,-13.238453764507113,-13.358357104029555,-13.309343328017196,-13.298606895669977,-13.308384129438076,-13.148784353580199,-12.963455863857845,-12.765543418895247,-12.467226346906267,-12.131990603813078,-11.80347323841271,-11.493758365345611,-11.252129409428314,-11.015720359122994,-10.792149956291242,-10.6147631603484,-10.415731839334608,-10.230688571196172,-10.002429821091939,-9.80935937610761,-9.500914569475775,-9.046797046854348,-8.587354812136633,-8.054821931172992,-7.463251711134125,-6.905057331076548,-6.213863728659731,-5.4785206638280135,-4.78652981727837,-4.191519839743935,-3.5973933054960656,-2.8930406228292944,-2.144345354926118,-1.5592706457541814,-1.0094108236345403,-0.46228788127935033,-0.06546345964703532,0.29948135907592466,0.5541214331132149,0.7048787262954043,0.7389373114906178,0.6169766305164572,0.5340352759776027,0.5216468484189052,0.5834112079533987,0.6380097494499114,0.6354579156117977,0.5722577553068892,0.49364081568573914,0.4592375377906652,0.3562618759390537,0.1955597998425499,0
0,0.17734275511363085,0.3208349421536451,0.3883398939749673,0.3972324735028826,0.44144748492104396,0.5046744839801783,0.5145450197546859,0.4722953846980894,0.43703351420626685,0.47697862791140083,0.5755232756104792,0.6863831388528839,0.6424189907115985,0.4818556794369351,0.21372786207028574,-0.15282968611849054,-0.5999895229852867,-1.1948724691851467,-1.7797240892441881,-2.371833087588983,-3.117246367786161,-3.8093414646528374,-4.388616584805845,-4.972547875089624,-5.668382553909663,-6.4267256733953575,-7.118075547102895,-7.685886156063871,-8.253955393365652,-8.761945716422293,-9.187810076289564,-9.62647925355386,-9.90322296423918,-10.075061047515666,-10.288695539447827,-10.456572305372953,-10.632058365502255,-10.802424001255204,-10.987682197380048,-11.164260864005326,-11.365076552834683,-11.639736414474871,-11.960778865473216,-12.284774875428369,-12.563133341970994,-12.746635812771547,-12.910219938363072,-13.033474492858048,-12.99896280407627,-12.99000669370462,-12.992158613098065,-12.83466733471626,-12.648456521621409,-12.445441957817124,-12.15171662537768,-11.803473238412673,-11.452890046085365,-11.139051974611343,-10.89691227205021,-10.676231808346039,-10.472954156312086,-10.314959833079898,-10.156522601740322,-10.00142264977708,-9.82348661728355,-9.678858902692294,-9.421307523306767,-9.006189149961147,-8.599669394727602,-8.111471671995016,-7.5566556933905185,-7.000209056157136,-6.325424260143857,-5.59009636174698,-4.909238973742047,-4.332057801223964,-3.7530573171039427,-3.044643353420494,-2.3014430039626474,-1.718303324251148,-1.169502320979257,-0.6337643703723307,-0.24011390480093134,0.08575617714337065,0.3146988658436533,0.4431900796384793,0.45404578245478244,0.3232325809909547,0.23693362131751816,0.22098410954124675,0.2679331156060741,0.319379172084123,0.3363221190850816,0.29340990948483625,0.2721273830330843,0.2892953885609901,0.23756429742212062,0.13228449570544526,0
0,0.10398291065451595,0.19137615695873683,0.2001014475173493,0.14742688136476031,0.1349550657389394,0.17556405725153815,0.15769813584419326,0.11840526944538138,0.09662834181964074,0.14125895890098794,0.24944116025662766,0.3659670829661936,0.3381418616306844,0.2091538114215518,-0.035728200106288154,-0.36119606003928056,-0.7930465719918597,-1.368979096877913,-1.9550952557283723,-2.55134004549399,-3.297370449214669,-4.004639118862698,-4.582876523504001,-5.154616596966553,-5.84980556884896,-6.611863707208381,-7.2913296554550655,-7.86224790880604,-8.404963478625339,-8.88415376889283,-9.282527102509826,-9.685322930138389,-9.918161272630108,-10.056427001846643,-10.223123075396444,-10.357310779740557,-10.483972261750697,-10.60556368592279,-10.752449098446277,-10.894036016277443,-11.071877783147619,-11.32422165629035,-11.64658771539309,-11.960972099604561,-12.218471773770741,-12.390156313406774,-12.539132602849065,-12.655412857688123,-12.632613321591716,-12.623554333132153,-12.618112267845607,-12.47165901146151,-12.300833165524299,-12.109915406473037,-11.836305438774112,-11.493758365345549,-11.139051974611242,-10.845694622651656,-10.621789489111645,-10.428424828043209,-10.256225389514078,-10.140530834220158,-10.02581642729395,-9.902845645940033,-9.773380779868877,-9.667322419446554,-9.458282114492823,-9.085383192795984,-8.714970893164306,-8.26229289254895,-7.739915660716265,-7.18525905638949,-6.526292922849292,-5.789617900659007,-5.114587700852107,-4.550381144087201,-3.96992390948654,-3.2429105503387237,-2.4954819601363436,-1.902283978073032,-1.3428178003322975,-0.8118146008375133,-0.42311749676042165,-0.13253411295622694,0.07710062449759673,0.17981657172019397,0.17959380527543706,0.04807937388121521,-0.045625110605532704,-0.06500354688394072,-0.030533278824142043,0.017702715328526703,0.05919331258848682,0.03194995290270975,0.058440961282696054,0.12980172413175825,0.13140889474676462,0.07172179829580658,0
0,0.060983612339876724,0.10615480496011835,0.07070765848949438,-0.020244451140009386,-0.07720912882836468,-0.05955502751721439,-0.09557310211937572,-0.1312425346289003,-0.1502721309493872,-0.11770865977853832,-0.023056580866603994,0.08029722438335786,0.052482830848833116,-0.06811491449976421,-0.3017209516430357,-0.5983842302834862,-1.0155874763882755,-1.5674593587275556,-2.137706587017627,-2.727394911885485,-3.4670299766893926,-4.16423490625789,-4.721026195282022,-5.274932407381067,-5.956131262531577,-6.712964877022641,-7.376615774298839,-7.951456042587381,-8.47039215526427,-8.918888631430512,-9.296092357530739,-9.676039577449492,-9.888318333767042,-10.010569721215065,-10.148939844917354,-10.271367775377149,-10.375197219202866,-10.461821713041804,-10.582635152635369,-10.695355444209282,-10.849428238014251,-11.077885626118647,-11.3948203295511,-11.69175719215917,-11.920746908956819,-12.074788354170213,-12.211894046170228,-12.320164756155,-12.312166058907273,-12.303843153904529,-12.290767053458605,-12.158307568325107,-12.001234302204312,-11.82987558440657,-11.582569094018217,-11.252129409428186,-10.896912272050125,-10.621789489111704,-10.415030342149343,-10.240511039250496,-10.084448135817642,-9.99465160108394,-9.898633331514493,-9.788377173941955,-9.690438953552809,-9.606773079353676,-9.423891155500934,-9.082450141849298,-8.743739862570084,-8.328946596653982,-7.837933893080694,-7.286204554644591,-6.646768399797429,-5.916557089565597,-5.25667760619485,-4.707653375241072,-4.143974556356116,-3.4224319274366657,-2.676332805007678,-2.082365079750633,-1.5285138446000963,-1.009169762201123,-0.6284892653125209,-0.36204574740679907,-0.16155604312736815,-0.06301139187212865,-0.05935384904983683,-0.1753302961300051,-0.2537996614222104,-0.26055473658323314,-0.22847095061312453,-0.18488092473590545,-0.1284206308164836,-0.13848608536897278,-0.07459845908626796,0.02648395403750773,0.06712454660925858,0.040697064098572266,0
0,-0.005688377271151173,-0.016617383185275076,-0.10851614410256066,-0.25113182411692864,-0.3524079757912855,-0.36192806150645884,-0.42037991239348,-0.47199170574176935,-0.5064405495121364,-0.4851892239430354,-0.39847246055595137,-0.30342815577531895,-0.32704948538973844,-0.4442618042388833,-0.6679372921308987,-0.9314989481324288,-1.3236957011267005,-1.8363064447073334,-2.3779036179820348,-2.935799544127516,-3.6514059105652192,-4.335651868489473,-4.878863332832173,-5.4184228422360565,-6.087285730065556,-6.844646816185619,-7.499146053043752,-8.063977016049574,-8.556901898336541,-8.986458426471183,-9.349248755145489,-9.709179027294477,-9.899864105890494,-9.997855842884205,-10.105999997944398,-10.218417526921137,-10.290330709468998,-10.340984022339669,-10.434892561085617,-10.530712435053136,-10.66070745306228,-10.855987422251806,-11.153070488106925,-11.435183148232488,-11.645092920304585,-11.779611753988128,-11.904484987282872,-12.021093398240623,-12.031561937134322,-12.022982883520616,-11.998791028133711,-11.863047733996018,-11.717516260511262,-11.565312706786932,-11.334154998642768,-11.015720359122936,-10.676231808346033,-10.428424828043235,-10.24051103925052,-10.07685258211784,-9.940892235320257,-9.879563409195573,-9.814110688742451,-9.718241315868664,-9.65523410856368,-9.601511154497993,-9.445699970459911,-9.132313488302762,-8.819025915452235,-8.429430013580165,-7.9716990400031325,-7.433880361241492,-6.803309211279642,-6.06966675194008,-5.41971637671121,-4.880670994410984,-4.323355327870903,-3.609211574132704,-2.8829617781396784,-2.3129023674961138,-1.7775703736597093,-1.2830935536134032,-0.9185524914867883,-0.6816366813853993,-0.49058612882832364,-0.3922887552124567,-0.39003282428311736,-0.49421934065726836,-0.5668136786993099,-0.5652464896781714,-0.517735197954436,-0.4600337164550905,-0.3848872790830805,-0.3732747577647964,-0.2730524944893873,-0.12758743857267915,-0.03373647110329597,-0.01394308832207509,0
0,-0.04048984555317464,-0.08087269756162506,-0.20861679086236715,-0.38252171784160804,-0.5246206738615374,-0.5582377574744501,-0.6395953702915287,-0.6930099785549592,-0.7226095437247358,-0.7060526067972503,-0.6300824832695685,-0.553818178813803,-0.5716079128614965,-0.6806019935358887,-0.8911157211747018,-1.123919064145021,-1.4994836967566172,-1.9844297155582662,-2.516981586431098,-3.0599804319268284,-3.757482002451928,-4.433451221093991,-4.9619751435219115,-5.494683937727706,-6.158038275292091,-6.913474394311275,-7.5612875551635215,-8.134262502184912,-8.619653479491243,-9.036703080797064,-9.388414581333937,-9.733759537392775,-9.920790491154982,-10.009508177586348,-10.092064410485015,-10.189880088632767,-10.229011245958633,-10.247774166677988,-10.312041979324466,-10.379237834892198,-10.487203764100766,-10.646466027147643,-10.918500039265252,-11.175621199661958,-11.3549043544435,-11.4760750428081,-11.589198439838764,-11.70420370719863,-11.7280551541729,-11.72023453092655,-11.689264468825824,-11.561670121272188,-11.42866839265097,-11.29061173452582,-11.088418694264037,-10.792149956291198,-10.472954156312097,-10.256225389514066,-10.084448135817652,-9.94089223532029,-9.828236458335581,-9.791222901532544,-9.754913203881953,-9.673620967743547,-9.637504426015411,-9.598005464218627,-9.451417769874382,-9.16222147323941,-8.869598192362291,-8.498279832912234,-8.054817630145251,-7.514114757912699,-6.891065140825185,-6.160025226185006,-5.5172609312012195,-4.983458198806034,-4.436610780262837,-3.726352618147095,-3.0111171934376904,-2.4483173234522377,-1.9131544523194852,-1.4334403066331896,-1.0770989301613434,-0.8644962753370894,-0.6834842039370925,-0.5894507662821851,-0.5893015493739392,-0.674121996952571,-0.733885710477997,-0.726718494697104,-0.6853306098892711,-0.625859467321037,-0.530601534780979,-0.5020403483934196,-0.3698952868849431,-0.20178443783504507,-0.07813414403357367,-0.03856268456930363,0
0,-0.05786801434449996,-0.1137453705669911,-0.25849809209937374,-0.46422755350939143,-0.6362089938726314,-0.6858840455118345,-0.7883277346764709,-0.8340335621224035,-0.8456041100567523,-0.8216919990138799,-0.7453166350337144,-0.6835452542374499,-0.6962942918062567,-0.793571842711735,-0.9852157026317746,-1.188609161466193,-1.5521913858850733,-2.022081485727199,-2.546756591981735,-3.086255766434757,-3.7751189634998337,-4.460779608881946,-4.992756187997611,-5.523768941902713,-6.196770334412253,-6.965331288612347,-7.620136260220557,-8.220419523154499,-8.718377089732273,-9.152833184278688,-9.511232785088374,-9.843811473645372,-10.014761405100845,-10.093882511462821,-10.150454975867088,-10.230058529062008,-10.236649881390141,-10.221941391308576,-10.255606927431195,-10.286496154465398,-10.363790879018824,-10.477056714055717,-10.726685319567522,-10.961325174717881,-11.108379390892374,-11.21160826106299,-11.297725772025137,-11.400909367357857,-11.431261135639588,-11.426565661287158,-11.39626107508595,-11.284595685048485,-11.18082770489959,-11.060716748015263,-10.88884101080251,-10.614763160348403,-10.314959833079934,-10.140530834220115,-9.994651601083925,-9.87956340919562,-9.791222901532596,-9.778269399799624,-9.767115339855641,-9.701917008608374,-9.689416158362802,-9.662045461411832,-9.533964805402368,-9.262092101472524,-8.971485111687986,-8.591000951286361,-8.141271559126634,-7.577828147614832,-6.952392897807317,-6.209976488827,-5.562864987174733,-5.035241110720748,-4.4851088138958755,-3.764634255307397,-3.0547931145612153,-2.488883105594292,-1.9535428779085628,-1.4762705756915633,-1.1207995679837128,-0.929929794262106,-0.7617293073675929,-0.6720598229820827,-0.6692508351652708,-0.7341359221287918,-0.7920572272706728,-0.7910314343002182,-0.7648762687933977,-0.7114414504082678,-0.5978777471650744,-0.5605270353960696,-0.40877448761928953,-0.21895196549740142,-0.08734243181794969,-0.044340519714364,0
0,-0.07202352847713034,-0.1431833914462213,-0.2910341079811457,-0.5139795502025856,-0.7125699165398709,-0.7768535634917869,-0.8811925427228324,-0.9065949469888037,-0.8998736780280753,-0.858020449484311,-0.7860301688930809,-0.727598273707856,-0.7285770972885812,-0.815768622852078,-0.9931705801116423,-1.176879185029169,-1.5438096331276097,-2.0055073732797304,-2.5288517682624185,-3.0687179914486222,-3.749986418869134,-4.446607207346999,-4.991053215449392,-5.522713151371724,-6.213521210273733,-7.006015943049553,-7.6820935402089425,-8.325551554012371,-8.839295411572591,-9.28722528187458,-9.64849376453885,-9.976738228435648,-10.13563715379253,-10.198816239069625,-10.22157380194127,-10.277021568741551,-10.234667986433836,-10.187719408019708,-10.187361109736258,-10.180665264943565,-10.23613208478891,-10.303416626186593,-10.510173296981293,-10.717122295315377,-10.818353942805814,-10.886801768849612,-10.941373784379401,-11.027975198383908,-11.065534356429211,-11.063937853121407,-11.03419403756036,-10.943132475265285,-10.87389219521467,-10.788573668756216,-10.66193840018223,-10.415731839334592,-10.156522601740273,-10.02581642729398,-9.898633331514548,-9.814110688742568,-9.754913203882081,-9.767115339855769,-9.797906483080805,-9.753549397044068,-9.771766121949478,-9.759131770831996,-9.64494140000573,-9.380808106869823,-9.094532318402488,-8.70715403057474,-8.247707389658283,-7.643963523731951,-7.001109526641332,-6.235432353373417,-5.5749877550418905,-5.049118154699009,-4.488600101105048,-3.755203819640305,-3.049025660069368,-2.4769086766659476,-1.9361013226265738,-1.456635251408696,-1.0903591154887435,-0.9113403374671194,-0.7506421562898227,-0.6628166135541778,-0.6645777689319267,-0.7202736646726016,-0.7729066391130806,-0.7896396276225139,-0.778712844126013,-0.7433658002779887,-0.6303622191782716,-0.58302618816658,-0.41488077597939227,-0.2188603500854959,-0.09419663541268179,-0.046775599268497614,0
0,-0.07381063366805138,-0.1398478220611867,-0.3015794441968764,-0.5215283512298035,-0.7340645576729973,-0.8034740970623484,-0.8962430484744504,-0.8929601390635189,-0.8683610027004184,-0.8024645905030917,-0.7277359095166476,-0.6620110244559765,-0.6587081369658007,-0.7268287553134363,-0.8878264186265514,-1.0536535143613313,-1.4252945107625146,-1.8720117589432919,-2.3956436013227993,-2.934004753798378,-3.6038803368002292,-4.304973963958106,-4.848547462676732,-5.39012099775445,-6.097213060555008,-6.914965129085514,-7.621329366846836,-8.297264770855381,-8.830302807414085,-9.289815706921905,-9.64880317311482,-9.975690210890031,-10.134953406893048,-10.199034846806503,-10.200233325567824,-10.24455041879417,-10.176877322085181,-10.105841609673204,-10.087045925977936,-10.060734288521097,-10.099978760860992,-10.131483220611079,-10.308752141050563,-10.487892589487108,-10.550009211262722,-10.594275319884664,-10.628383564884876,-10.702730361043923,-10.736043032647046,-10.736668243459595,-10.716662028901007,-10.639394767539386,-10.592898676760855,-10.534677524107005,-10.44578967232227,-10.230688571196122,-10.001422649777025,-9.902845645939951,-9.788377173942013,-9.718241315868577,-9.673620967743483,-9.701917008608287,-9.75354939704403,-9.71853690803545,-9.75416725069273,-9.737910411831635,-9.62250904889976,-9.360862425826088,-9.081805311296861,-8.686428638354197,-8.211299641482674,-7.576948669062669,-6.907915496624488,-6.120875915634892,-5.44737755968925,-4.916034554552589,-4.359173861707416,-3.6200882555557046,-2.9212152783433742,-2.344497414866735,-1.7979950146266015,-1.3232953736837636,-0.9445565326403715,-0.777608720303304,-0.627179511067458,-0.5513368903207679,-0.5514571681342475,-0.6100252361964453,-0.6651330995662139,-0.7055295213535197,-0.7108256907358337,-0.7047308880940744,-0.6074928842560786,-0.5604049326677124,-0.3884273990799745,-0.20456432412751743,-0.07407489047436895,-0.04092417197309274,0
0,-0.06096494617404715,-0.11196958454235062,-0.26599877772691366,-0.47674561918003905,-0.689140309146763,-0.7575994178743719,-0.8473381533653207,-0.8218813053783777,-0.7774337450394228,-0.6994958387920283,-0.6256116424508422,-0.5742275222922619,-0.5716667905542857,-0.6247881046103304,-0.771591624141795,-0.9237837232564735,-1.3003616926014787,-1.7369754292335988,-2.254806288108246,-2.794240830525892,-3.4578080954794084,-4.168000906085859,-4.722224713871711,-5.279472705287521,-6.005719025295184,-6.849455495870893,-7.570305533025786,-8.282622564055579,-8.850597034035987,-9.335655571808847,-9.701674289402025,-10.025540339581472,-10.184849120876535,-10.257122823266549,-10.245995819833645,-10.271566180471686,-10.170917144418318,-10.07352522192681,-10.025997666437009,-9.962033772017536,-9.968101520239925,-9.949852985342602,-10.076386467421882,-10.204542014195301,-10.221681675591098,-10.229016607676593,-10.229665721832623,-10.27871204815846,-10.299991706906614,-10.30129669432156,-10.296967716338585,-10.245342428305767,-10.232906585644141,-10.211410341513849,-10.16638060778511,-10.002429821091889,-9.823486617283466,-9.773380779868784,-9.690438953552775,-9.655234108563588,-9.637504426015358,-9.689416158362706,-9.771766121949433,-9.75416725069271,-9.800558785145363,-9.774526332663438,-9.660441951522495,-9.403901020181639,-9.12221387058264,-8.705726427145171,-8.200591014015608,-7.533131836967203,-6.852824022361768,-6.040627588909409,-5.3486032594218855,-4.801827499366317,-4.2346643139194375,-3.483729989604467,-2.787357305431956,-2.2031425641166273,-1.6565878851570446,-1.1829501915066605,-0.7896713448144321,-0.6263260177846632,-0.48369866552234647,-0.414765572111058,-0.410196586387031,-0.4517358834757944,-0.5055108213719535,-0.5595290536901463,-0.5852448447452412,-0.604780907418324,-0.5156529692996105,-0.47502397868435997,-0.3090425527397059,-0.14214108827837343,-0.02820232609793978,-0.019311837707799165,0
0,-0.027163324522855473,-0.05224113197272653,-0.17710693075566872,-0.3666498402999884,-0.5671307995247241,-0.6285595061776991,-0.702858832429925,-0.6588282055725444,-0.6083181902208412,-0.5308148331759271,-0.4542477806257342,-0.4231230917229335,-0.4480209548444915,-0.5057097304037367,-0.6509063092267652,-0.7930396950856298,-1.1705336297783215,-1.5979858222644068,-2.1078934324931575,-2.6461580162723064,-3.3061662049675857,-4.009397188352928,-4.574080914555618,-5.141667380752287,-5.883417629456865,-6.746495286749838,-7.48399688051909,-8.215217974535598,-8.803599030988472,-9.313851372108244,-9.6951429514103,-10.013310048927007,-10.16105548282138,-10.250246326237166,-10.245550891330462,-10.27243741219696,-10.153956704788241,-10.041400843112564,-9.977067809652475,-9.882636560050733,-9.864070271526863,-9.805747225694688,-9.884103980488366,-9.973843103451687,-9.963616561449728,-9.94076986351714,-9.912659856460843,-9.952282757034512,-9.967523665068239,-9.967925939786394,-9.970626130079763,-9.928901419993496,-9.94674215895362,-9.95523223514194,-9.93578022276054,-9.809359376107572,-9.678858902692209,-9.667322419446492,-9.606773079353648,-9.601511154497961,-9.598005464218657,-9.662045461411738,-9.759131770831905,-9.737910411831612,-9.774526332663546,-9.731897883082897,-9.631854712512137,-9.382700203635073,-9.08920792921316,-8.650251290048686,-8.12877470916131,-7.44615252529599,-6.754183289445389,-5.924284896934993,-5.21796536050255,-4.66140286531604,-4.084759873227625,-3.3394157578558294,-2.6436299654385773,-2.055987768042628,-1.5124436971827504,-1.0408904290693093,-0.6390684981392416,-0.4800090404905185,-0.3335626062384982,-0.2550565251317284,-0.2187981230544573,-0.23620956524206949,-0.2931482609040857,-0.3477993877957335,-0.3784526182782737,-0.41737420928163094,-0.34806392140246084,-0.31865290712898153,-0.1696619027040127,-0.029349325987329266,0.04897893113401106,0.022964851802592084,0
0,0.016449396426213746,0.02753959281022026,-0.06107338190285144,-0.21182084492923367,-0.39383025335204624,-0.43670914957436785,-0.5003944101555361,-0.43796837463508814,-0.38409288370019656,-0.3149089130366177,-0.23745660986718223,-0.22984106234449878,-0.27518248613283064,-0.3583258813254948,-0.5211147801409647,-0.657430336250768,-1.0435640743899142,-1.4716238886451367,-1.9730888591797138,-2.5118551485000538,-3.1674839522148233,-3.870508897124737,-4.444707465617644,-5.025670285925558,-5.769514114221538,-6.616987712614759,-7.34760698831489,-8.095073276802143,-8.690869697089067,-9.218620571392515,-9.611942460094303,-9.92714913262423,-10.071928831033542,-10.147839798870645,-10.13932929323825,-10.167098578532782,-10.036162377949678,-9.90411664670755,-9.830361208032159,-9.708290906922183,-9.661885608792932,-9.551378334274236,-9.578400053165936,-9.630047700970229,-9.593491163394074,-9.541063532060413,-9.48423045581408,-9.507164436383665,-9.517350409284372,-9.51795032510319,-9.525669206205697,-9.50167123880686,-9.548496389003231,-9.585319099642568,-9.589658753384988,-9.500914569475801,-9.42130752330656,-9.458282114492665,-9.423891155500925,-9.445699970459827,-9.451417769874348,-9.533964805402409,-9.644941400005722,-9.622509048899795,-9.660441951522612,-9.63185471251207,-9.535262162724905,-9.291121691731382,-8.987606852450673,-8.537269247913251,-8.013928201546022,-7.32087324329126,-6.638529076815026,-5.822337938885737,-5.111291311051919,-4.539579432258853,-3.9501428093596354,-3.1991032064734797,-2.5020293846087744,-1.9089920228532924,-1.370082290712215,-0.8938112138648087,-0.4803172008228372,-0.32371599200475226,-0.15503450748148526,-0.04913839861445294,0.008673246080321575,0.015598117591558677,-0.043880781480607804,-0.09449588805450589,-0.1291967968473091,-0.18975872620325546,-0.13388058644884301,-0.12476858578860917,0.002260878232931463,0.09940117895540658,0.1370918924224228,0.07020081634692152,0
0,0.06830336326913301,0.11627307326242607,0.06529084861675784,-0.05583802437978538,-0.2099706140712556,-0.2351763560747167,-0.2814389383236345,-0.19669715879062777,-0.1368529289865525,-0.07305978625815375,-0.011547066054997593,-0.02721631055826023,-0.09641130837115588,-0.1933300559014386,-0.3652053435614428,-0.5032468397231568,-0.8849897287181304,-1.3024663773518812,-1.7985180941023613,-2.332840395432701,-2.976836410188817,-3.6651157703049186,-4.239732537774689,-4.824990326644506,-5.562630116123943,-6.3933623707182585,-7.118338723838512,-7.871581114926985,-8.47044838955371,-8.99897495196508,-9.384773717357376,-9.683947152080975,-9.82760132308428,-9.896669610946544,-9.881053123453206,-9.905307800843593,-9.766120473544012,-9.618371626547484,-9.521670370278859,-9.373411709401564,-9.295659909819749,-9.142121129431315,-9.129703335737629,-9.152672123857634,-9.095294613972777,-9.026167606589857,-8.957420031303542,-8.962911472467853,-8.966453237788206,-8.965987264105353,-8.978570194105403,-8.972399951646514,-9.03256717021844,-9.084655203754407,-9.107191424886512,-9.046797046854339,-9.00618914996103,-9.085383192795938,-9.082450141849279,-9.132313488302588,-9.162221473239265,-9.262092101472499,-9.380808106869802,-9.360862425826115,-9.403901020181713,-9.382700203635137,-9.291121691731409,-9.064214070497348,-8.76841571915809,-8.320023079291547,-7.797069755705475,-7.100927393772219,-6.425068903413373,-5.623925118401498,-4.915265753846959,-4.338363681045724,-3.746147661525209,-3.0071633566751084,-2.3173379154867235,-1.7240752169238758,-1.1867791958889966,-0.7179338435263406,-0.3044464333652397,-0.1420012649459621,0.03858982849275015,0.15979261310309847,0.24131026550711654,0.2713563697854057,0.22541716969901393,0.17702846493681446,0.134998161139379,0.0509238450560268,0.08668817634947287,0.07441926713934618,0.1720562041420617,0.23509054752959668,0.2312903012220411,0.12323061097043124,0
0,0.12317399713655802,0.21375811625565705,0.19580554002795966,0.11737697194400454,-0.014841617410721571,-0.03070218383383938,-0.06525090949400629,0.03386999265814885,0.0961436262475116,0.14041082682953857,0.191444724908951,0.15004982087204102,0.057046508412901785,-0.05627181421514965,-0.23137098709070153,-0.3749962942912463,-0.7488537232631785,-1.1423438546366302,-1.6253571550608397,-2.1484627758895094,-2.7650605583629755,-3.424764737996218,-3.9880679496648317,-4.570954318648476,-5.28607034577368,-6.091791107321561,-6.800560848928786,-7.560038913052589,-8.1645724542757,-8.697905745793115,-9.088934163386904,-9.381975645677214,-9.53741516965913,-9.618805682238216,-9.603933820842363,-9.61968637059185,-9.475572016722003,-9.32528605053078,-9.211447254255063,-9.039642441317586,-8.932453535855316,-8.742198783210492,-8.676494954086236,-8.655697004871488,-8.562092600794616,-8.471137937109894,-8.390941240660911,-8.37594942235205,-8.36820833836795,-8.365533839976193,-8.386740971356163,-8.400082669965345,-8.471698156095254,-8.547267551809098,-8.60488645043386,-8.587354812136567,-8.599669394727522,-8.714970893164185,-8.743739862570061,-8.819025915452213,-8.869598192362293,-8.97148511168794,-9.094532318402482,-9.081805311296822,-9.122213870582618,-9.08920792921302,-8.987606852450645,-8.768415719158208,-8.469470205137222,-8.017959814432764,-7.49349311108355,-6.795022764829505,-6.135830776681506,-5.360464691527419,-4.671106930667341,-4.09317075307996,-3.5093722107199556,-2.793114519499003,-2.125322486265114,-1.5400701660815734,-1.012615851680101,-0.561675201900082,-0.15145263648056734,0.020876677652635463,0.20672108089606883,0.34641203662938685,0.4505286628341219,0.5027097304882935,0.4614341330654578,0.4279677747174614,0.37948930814942633,0.2774839713498642,0.2998724528904113,0.2745335823469284,0.34989365926092586,0.36929246862493853,0.3318134101834259,0.1802896308113125,0
0,0.1734358512189049,0.3075119259453571,0.3354903300594269,0.3002048822249539,0.18523667573303618,0.1844666221621545,0.1621321376269696,0.2743483253911593,0.3504716985324634,0.39481520861930075,0.43129189128715795,0.36861755756006326,0.26518163051118027,0.14892082437055132,-0.017376434343249595,-0.1480347128832316,-0.5028169941935803,-0.8683880261991045,-1.329090877899439,-1.8232870700658743,-2.410461820038502,-3.035345587793254,-3.586105910574196,-4.161586927649978,-4.850114600609293,-5.629923479952497,-6.326859361901384,-7.087243161884373,-7.70419929716313,-8.248295028978827,-8.641744216831086,-8.933049157000722,-9.098619274790597,-9.199955185326404,-9.20389569883527,-9.225029002691318,-9.086937516756288,-8.945542769774681,-8.816028523039565,-8.623271836386149,-8.482774149492585,-8.260407898764635,-8.155047980771029,-8.107051578426262,-7.99891136975892,-7.899723100633487,-7.803504159036878,-7.7709857572323635,-7.749958815447546,-7.746054627407647,-7.774409609594761,-7.801734145746427,-7.887533259476051,-7.971219411868066,-8.043631691259538,-8.054821931172985,-8.111471671994956,-8.26229289254892,-8.328946596653948,-8.429430013580197,-8.498279832912143,-8.59100095128627,-8.707154030574625,-8.686428638353982,-8.70572642714499,-8.6502512900486,-8.537269247913194,-8.320023079291511,-8.017959814432723,-7.5562960207349334,-7.0217795939694385,-6.325050661907701,-5.678914005644929,-4.9306569994432685,-4.267337980290794,-3.6954006463337827,-3.122749801553841,-2.4370105734029694,-1.7940469361036697,-1.2336794094334762,-0.7239601097045734,-0.2976263378052437,0.09635322187800824,0.2573698620227633,0.4353733160787098,0.5776420335296293,0.691090237579814,0.7608517600632551,0.7284135541469796,0.6903202028106064,0.6228448611246473,0.5053341435677225,0.5140376776815112,0.4731687012712266,0.530845283576189,0.5077364712101575,0.4248525771893057,0.23089632030503102,0
0,0.2231427906172931,0.39078481845086044,0.4652300624061387,0.4724550387676762,0.376116514329933,0.3792059553512354,0.3688431277005097,0.4797225408409751,0.5496748909312663,0.5864486448933468,0.6046874145171874,0.5180278698511985,0.3964255154912343,0.2707008551238578,0.1140438703978456,0.0002724770046934864,-0.3312026836381452,-0.6686296348424385,-1.0962303467299077,-1.5609175768424506,-2.1127309552878897,-2.6929504417568055,-3.2202778730017445,-3.7742330666576756,-4.419993530657234,-5.155208293681725,-5.829966316335817,-6.5645345056280195,-7.1632627612894275,-7.716397500618377,-8.109041264840489,-8.401543900675344,-8.57025162658047,-8.686559418239339,-8.718311562978357,-8.753150818457515,-8.623488489002199,-8.488580441407777,-8.346667997913423,-8.128534745176406,-7.959915053188808,-7.706433315466178,-7.566245496503285,-7.4963868048847555,-7.386245191103334,-7.280309421962358,-7.171808283982668,-7.134955045147535,-7.1120638034746175,-7.106146770183797,-7.133186869419813,-7.165235236344831,-7.266462884221868,-7.356948331173739,-7.430792641116991,-7.463251711134153,-7.556655693390432,-7.739915660716229,-7.837933893080631,-7.971699040002976,-8.05481763014508,-8.1412715591265,-8.247707389658194,-8.211299641482583,-8.200591014015426,-8.128774709161211,-8.013928201545896,-7.7970697557053725,-7.493493111083413,-7.021779593969374,-6.508143583693698,-5.838842777276899,-5.217474392942056,-4.512718723166298,-3.8883421978095742,-3.3339519470834404,-2.7819931437589416,-2.1355399964522612,-1.523274925496199,-0.9900964446316314,-0.5098382527514884,-0.11009598849956573,0.26318754371191055,0.40927041449276924,0.577894246270313,0.7296712343756786,0.8586099477371315,0.9472910174615121,0.927759556546815,0.8917995493261207,0.8246833988301028,0.705354545426447,0.7002067986641849,0.6544289740709128,0.6958862045374659,0.6315418414511684,0.5026916918964398,0.2780787695614728,0
0,0.2772424898532554,0.49678727004349216,0.6300589152068723,0.6899300588772508,0.6138546106015089,0.6290115053360844,0.6303672945432904,0.7375749995630967,0.8015284218281997,0.8270489348497593,0.8216125119978729,0.7168935710707038,0.5739279597210242,0.43950309268009785,0.2898632643516812,0.19170699340597297,-0.11717955337244203,-0.4403798212738075,-0.8396522716354071,-1.2711010857649243,-1.7742494820028416,-2.3080691310698103,-2.8026002547214044,-3.3312701082940617,-3.917558086630421,-4.593584639925301,-5.215075476674078,-5.90009859238289,-6.4739250806041095,-7.025544379196209,-7.41677337408726,-7.711842662950954,-7.889401945624274,-8.017267489564109,-8.078515535926712,-8.14095108131282,-8.049273373970577,-7.936926572754065,-7.798148783990998,-7.571331119462805,-7.402143794829412,-7.147173849690975,-7.004914767631318,-6.936520647633511,-6.850737534447002,-6.7578477530947145,-6.670176010692142,-6.639485177191522,-6.620161529475024,-6.613501038966347,-6.636652131141109,-6.662269948017376,-6.743929858688351,-6.8234526157162305,-6.873614009486875,-6.905057331076463,-7.000209056157075,-7.185259056389359,-7.286204554644512,-7.433880361241343,-7.514114757912431,-7.5778281476146585,-7.643963523731842,-7.576948669062539,-7.533131836967116,-7.446152525295952,-7.320873243291291,-7.100927393772182,-6.795022764829511,-6.325050661907716,-5.838842777276895,-5.220865219924834,-4.655668965070385,-4.013886239147389,-3.4476933853178897,-2.9185283934003445,-2.400452422015468,-1.7991231883571446,-1.235017167733845,-0.735935048686476,-0.28183416724308213,0.10303840105744544,0.4558129745244384,0.589977114452393,0.7548641181130984,0.9163301086860856,1.0668531913012624,1.1710598488667538,1.1714035430702832,1.140127390217504,1.0757333804508338,0.9573979566826017,0.9374578452283052,0.8789242348246753,0.9041348163250287,0.7898653007011778,0.6026036596046697,0.3304903543763914,0
0,0.3171485323525185,0.5690423561833661,0.7566239960763768,0.8647392984130595,0.8191841192733905,0.8611566018953298,0.8878517871986162,1.0039076338009292,1.0733940413823109,1.0989790117643994,1.0741325132565254,0.9588403292954494,0.7916122636474738,0.6517115200879998,0.502644050623592,0.4253886903461107,0.1344193000529414,-0.17434877195666137,-0.544195468936332,-0.9439149963374862,-1.415146153395289,-1.9105407899941107,-2.3860522870986127,-2.8941877742057582,-3.43689565685905,-4.064540770961236,-4.6441888815751025,-5.27228282389998,-5.821984353665791,-6.359293150244179,-6.732328244920404,-7.0195379956471,-7.189274546049469,-7.326523941092584,-7.396740281224707,-7.483299753977764,-7.409180202682234,-7.301903499000479,-7.159432825240037,-6.932526099249409,-6.7473162414278125,-6.478742857399022,-6.321567715554652,-6.248217749196293,-6.1700444910086185,-6.08602169289004,-6.005481292011084,-5.980109345762311,-5.951087372737254,-5.943391146850321,-5.973304071837335,-5.990085302421474,-6.064868893016604,-6.1359437128445276,-6.177799726858297,-6.213863728659607,-6.325424260143723,-6.526292922849086,-6.6467683997973035,-6.803309211279387,-6.891065140824901,-6.952392897807099,-7.00110952664118,-6.907915496624296,-6.852824022361595,-6.754183289445189,-6.63852907681491,-6.425068903413337,-6.135830776681477,-5.678914005644871,-5.21747439294203,-4.655668965070273,-4.1342718857022,-3.5425851743788663,-3.017968842892133,-2.50872418313427,-2.010380291329217,-1.4448612365444846,-0.9109916005651068,-0.4438223181699302,-0.018394911255798313,0.35197917937624656,0.6882677613786078,0.8045665333050034,0.9732710114206774,1.1431748373737778,1.3184991728354745,1.4324712400985757,1.4490556716252472,1.41487594894764,1.3413006659459403,1.2135682462166284,1.1668800896460523,1.0821097548147343,1.0775843506548495,0.91419941777123,0.6712141488145774,0.36918108046494824,0
0,0.36067375107256094,0.6484171713398198,0.8901568119711237,1.0476038097424805,1.0359985096265723,1.100855272976418,1.1502529285941048,1.2753982784504219,1.349577182834182,1.3714893832515163,1.3295258784257533,1.1899085554165714,0.9988290534621015,0.8601190080087263,0.7248505571991142,0.6525113984419638,0.3828601433038618,0.08826606105997296,-0.2519575933220997,-0.6173105547463178,-1.0436006620285554,-1.4918306001672856,-1.9357567550729944,-2.4175597501657973,-2.903868891246401,-3.4772273819186266,-4.006654512411403,-4.567827717760625,-5.071798252750367,-5.578188153503559,-5.920648896820112,-6.189640338018533,-6.343441571359014,-6.492486202844767,-6.582502351980731,-6.687555681537422,-6.6379636981868515,-6.543710530913763,-6.404316724631871,-6.190132365649692,-6.004576991257,-5.742162795591841,-5.590128959347612,-5.526671991875024,-5.471398553380585,-5.408831369124172,-5.344516329948968,-5.338688249237519,-5.307797999801993,-5.29873034507994,-5.3263325178678285,-5.320594436163823,-5.380011621084401,-5.429874502250689,-5.449382206967596,-5.478520663827841,-5.590096361746775,-5.789617900658753,-5.916557089565425,-6.069666751939784,-6.160025226184712,-6.209976488826763,-6.235432353373285,-6.120875915634748,-6.0406275889093495,-5.924284896934875,-5.822337938885635,-5.623925118401352,-5.360464691527371,-4.930656999443191,-4.512718723166204,-4.01388623914728,-3.5425851743787806,-3.0066032935217586,-2.536953282543807,-2.0552794020844685,-1.59199178316963,-1.074423300771137,-0.585309445787358,-0.1537990453379311,0.2401609224580488,0.5964336966437986,0.911758260195484,1.0258222041687675,1.1838019495791403,1.3540419857080144,1.5521907705432991,1.6890178529175932,1.722278795052161,1.692120563265418,1.6115982002568643,1.474289215934564,1.4046613642688348,1.2963643560379845,1.258826395057113,1.0458822399125058,0.7472213248676782,0.4106632540208944,0
0,0.42377148923091,0.7705674641107618,1.0791083339402474,1.2892822112641011,1.321335951913282,1.4171044431148483,1.494450084093566,1.6198100206388923,1.6886387415665312,1.7002887262226691,1.6296150105276968,1.467900636355951,1.2530323751854602,1.1072838895252906,0.9682524391622556,0.8829100999988011,0.6239005681664171,0.3298098176726419,-0.0015599295621710667,-0.3465042821459224,-0.7434378293648355,-1.1447203661891117,-1.5529512907804683,-2.0044678200147867,-2.4337537506001263,-2.9513967123540805,-3.4380910285989006,-3.9365986448794845,-4.398734996145941,-4.872728896014174,-5.18803968292397,-5.4506890055131105,-5.605986855049902,-5.766959893497368,-5.87337073871307,-5.990261896184654,-5.955501826752041,-5.8690245121188305,-5.726873256824003,-5.513203423939698,-5.32048265926836,-5.0578517818992035,-4.898265062325604,-4.827364842145393,-4.770363400464832,-4.705117450257216,-4.645929351632573,-4.645655072685052,-4.604794457306471,-4.594089865989468,-4.628669354858974,-4.615980255998292,-4.671375110532741,-4.726005813356385,-4.747481162660627,-4.786529817278288,-4.9092389737419335,-5.114587700851966,-5.256677606194698,-5.419716376710931,-5.517260931201025,-5.562864987174488,-5.5749877550417635,-5.4473775596891,-5.348603259421669,-5.2179653605024106,-5.1112913110517875,-4.915265753846877,-4.671106930667204,-4.267337980290569,-3.8883421978094894,-3.4476933853177183,-3.017968842892036,-2.536953282543871,-2.1195400513866396,-1.6668615477872821,-1.237670135029601,-0.7666611273574143,-0.3068893107653935,0.10250027548985519,0.4881142654645712,0.8428394190003837,1.148570914282378,1.2766084037985628,1.439223852679254,1.6145539166076213,1.8353966659952812,1.9922418857167514,2.051435634823706,2.028338861927693,1.9492269091702605,1.8093658830748,1.7086031351265107,1.5689580673040382,1.4895221587184564,1.2258668425237427,0.8620573464744564,0.46990152318488315,0
0,0.49108489635442454,0.8974961063275554,1.271290232283137,1.542755504935928,1.6284752388288712,1.7618476265430862,1.8795013343770979,2.032875297511429,2.110816670497518,2.122559596711716,2.0507553974489054,1.880954768566314,1.6583176637022843,1.5067002594258687,1.3725607322999271,1.2736958874221416,1.0167270294721302,0.7185693573522974,0.3891866786353801,0.04758920669261769,-0.3429426448053166,-0.7241700649737495,-1.1187524558181354,-1.5620528903392537,-1.9599874195952933,-2.447948390646624,-2.9121219990069243,-3.3804413326376315,-3.8195217377436745,-4.281018395978448,-4.586661401535693,-4.849405672749903,-5.016079035560405,-5.183154845932198,-5.304045291694385,-5.426005584497358,-5.3929764536546365,-5.306465165763791,-5.164718957391795,-4.951385008018579,-4.752019108166299,-4.482800733162729,-4.31146333976,-4.232813003627095,-4.170947284563862,-4.095648717473968,-4.0387880294773035,-4.04071464953151,-3.9896292701408145,-3.97734233359575,-4.016939342886219,-3.998126270232077,-4.048692614249158,-4.11292995024262,-4.141485271099678,-4.191519839743911,-4.332057801223847,-4.550381144087098,-4.7076533752409535,-4.880670994410896,-4.9834581988059465,-5.035241110720552,-5.049118154698751,-4.916034554552426,-4.801827499366074,-4.661402865315811,-4.539579432258568,-4.338363681045661,-4.093170753079869,-3.695400646333661,-3.3339519470833454,-2.918528393400131,-2.5087241831341003,-2.0552794020843947,-1.6668615477873117,-1.2216557312316194,-0.8069238324817399,-0.3555995441775545,0.09563524717450846,0.49682450458240823,0.8790655578058597,1.2355500337573775,1.538829878591892,1.6799655341542659,1.8376620483834742,2.018851053059043,2.2466596027873744,2.4109043394262164,2.474272048436466,2.4519311714109446,2.3625224696291705,2.1927142733862244,2.049766463515463,1.8728190135370966,1.7407778046157376,1.4169375649341742,0.9880375135190967,0.5377019282594041,0
0,0.5554721768706494,1.0298080469856874,1.4681848277216416,1.7956728972835707,1.9326136226107862,2.111798262390205,2.2687744624777517,2.43628317918511,2.522285125706646,2.544632613771338,2.463121333011202,2.281260669882526,2.0520879708707866,1.8932938082801583,1.7472339911372432,1.6368257546807754,1.3876164228531074,1.0863595410773559,0.7535057301791654,0.41938606240362697,0.034646470896194825,-0.32729547408699416,-0.7113409683451773,-1.1371867679429193,-1.4980046078697262,-1.9505665177488078,-2.3926794378885323,-2.821898209896775,-3.2352251646136616,-3.6792618779398976,-3.9682588866938455,-4.2294086449331365,-4.40550219375159,-4.57941514714973,-4.709964271469031,-4.828776220117656,-4.808129060140851,-4.729740721452702,-4.584327365258199,-4.37266623119012,-4.164682322986286,-3.9016559783017497,-3.7162225452902793,-3.616542823910035,-3.551298075416702,-3.469182059269137,-3.406317717530756,-3.4128934970520657,-3.3578961796892695,-3.345604000351956,-3.3862602818679917,-3.359979019692988,-3.415207774907547,-3.488593497360763,-3.5240704091827597,-3.5973933054959883,-3.7530573171038624,-3.96992390948655,-4.143974556356154,-4.323355327870768,-4.436610780262671,-4.485108813895676,-4.488600101104855,-4.359173861707299,-4.234664313919249,-4.084759873227533,-3.9501428093595328,-3.746147661525133,-3.509372210719874,-3.122749801553777,-2.7819931437589265,-2.4004524220154457,-2.0103802913291697,-1.5919917831695602,-1.2376701350296166,-0.806923832481874,-0.40077608683455096,0.03039328525922353,0.4743278682244482,0.8669473957504166,1.2526881191446118,1.6093338404985689,1.9049059853678123,2.0578646910160345,2.2275512866639193,2.4144931602646675,2.6467575706703776,2.8213815836653002,2.896452959588765,2.8651900532765158,2.7646405010366064,2.5773998971800625,2.3918199761442125,2.1674856095316293,1.9854803586134795,1.6070156797962725,1.113587029088159,0.599201317210768,0
0,0.6087056112524728,1.135711978678603,1.637677294686855,2.0148730672766253,2.189908061236652,2.412966431721,2.6002648389309693,2.774747549510663,2.867254265573294,2.8903342220831525,2.7990846655734027,2.6078847180904323,2.3845871593163412,2.2230253651500873,2.077770498434869,1.9718840996276132,1.7333778294546343,1.4302849620845899,1.1078664718056592,0.7843442524570501,0.41763040981275723,0.09351631885477459,-0.27107366852858783,-0.6755795580261529,-0.9852467477999433,-1.38997162695941,-1.795388821812002,-2.174887466909686,-2.541266296050668,-2.9465436413399355,-3.2028363778535365,-3.4463855617211077,-3.62364524584361,-3.7890844113210664,-3.930807616815921,-4.05420230886215,-4.04830645847331,-3.9834406684110313,-3.840119407997701,-3.628733559918051,-3.4226887239805577,-3.182680344554415,-3.0044288482306687,-2.9100104382278555,-2.863770658996597,-2.794690527706746,-2.7426553641890563,-2.7525715437164844,-2.6993945996270408,-2.687149627880303,-2.72290698585485,-2.6923714992847456,-2.7389503533317656,-2.802898261308454,-2.8222295395247725,-2.8930406228291594,-3.044643353420364,-3.2429105503385887,-3.4224319274364845,-3.609211574132564,-3.7263526181468607,-3.7646342553071777,-3.7552038196401116,-3.6200882555554967,-3.483729989604265,-3.3394157578556647,-3.199103206473373,-3.0071633566749507,-2.793114519498884,-2.437010573402827,-2.1355399964522475,-1.7991231883571062,-1.444861236544396,-1.0744233007711714,-0.7666611273574185,-0.35559954417760264,0.030393285259248025,0.4220080577143874,0.8440094274882822,1.2217864305410253,1.5966570571108956,1.95358446512454,2.2372958894806305,2.3866719598209727,2.5544874031203904,2.7436774440676297,2.97049313214489,3.1534919261512475,3.2408340292667632,3.209725464256111,3.099748177584937,2.902662847895112,2.684237827986169,2.414522089242768,2.1971490800351425,1.770408102215649,1.2147429817309667,0.6515559293189285,0
0,0.657279235896229,1.2407243196192517,1.8103870551082546,2.2445775514648463,2.469844561687334,2.7394590571935624,2.9647725459100323,3.1492573003465836,3.2543165419106694,3.2798881998376865,3.190902302761111,3.001338571182553,2.791287091073297,2.6438089099903714,2.5007919933476543,2.3903674756253275,2.1537625053383667,1.841569867345874,1.5117485688338177,1.1870564905948675,0.8318723591088925,0.5274501729922203,0.16899767450335687,-0.22541115450694776,-0.5007397864996445,-0.8606947994898876,-1.233757794835267,-1.56074445449046,-1.8898099899518377,-2.2625510365826615,-2.4891900503760773,-2.719790722376558,-2.893612513863653,-3.054336277914465,-3.191829228524679,-3.307458208379228,-3.3002100433462163,-3.2369077878899897,-3.0893405651679107,-2.8662315723364364,-2.6659395410088353,-2.435793558204668,-2.2567463736066804,-2.1591884751784565,-2.1158336113754324,-2.0568091164894065,-2.0093030244826733,-2.021063807606661,-1.95413960095433,-1.9403757581151804,-1.985954648605982,-1.952385652175441,-1.994625224106479,-2.0490915730633104,-2.0676546597489707,-2.144345354925995,-2.3014430039625604,-2.49548196013612,-2.676332805007558,-2.8829617781395496,-3.011117193437576,-3.054793114561085,-3.049025660069128,-2.9212152783430883,-2.7873573054317426,-2.643629965438554,-2.5020293846086874,-2.3173379154866236,-2.1253224862650137,-1.794046936103638,-1.5232749254960172,-1.2350171677337425,-0.9109916005649861,-0.5853094457873091,-0.3068893107652117,0.09563524717455386,0.4743278682244915,0.8440094274883453,1.247896347328649,1.620603052626384,1.9987759298515095,2.361697133387535,2.644617722959127,2.7996434720557004,2.967717816077542,3.14351534974261,3.356853262530641,3.5394895352589555,3.625929986142769,3.593174594424865,3.469175530715387,3.2597103585641727,3.0029423327144045,2.686723832996235,2.423389381468835,1.9433233808280257,1.321629007495839,0.7025034727896936,0
0,0.7224872190336598,1.3688918233306029,2.002982546772877,2.502874291038365,2.792126454685605,3.1140068696361762,3.3790292217304434,3.5834136687760596,3.701827897762359,3.7288140871910707,3.6388021705561338,3.45285456547932,3.2489591448859723,3.1038276825908313,2.9581827595593095,2.832747068341684,2.584722263288959,2.2590287949363272,1.9119436554857168,1.5654420857173852,1.2078363687704676,0.9144268405699214,0.5607260541094744,0.17572611758478943,-0.07460262135575407,-0.3993619361868719,-0.7404139862227791,-1.0318240504586658,-1.3268210243314456,-1.6701969818532705,-1.88325862425907,-2.1091713427177528,-2.285582985790081,-2.446234334524239,-2.5888684611591,-2.7077210944799006,-2.7068339602533116,-2.649323832869755,-2.4989329564350795,-2.2592664601649823,-2.067712991821543,-1.8517440691902092,-1.6725875016176652,-1.5660584893577396,-1.5146384309050267,-1.4504304876098073,-1.397932420347342,-1.3966752548550503,-1.3216332809263986,-1.307957042245467,-1.3590277315556645,-1.3380258585399636,-1.386401343908438,-1.445388182282569,-1.4727405470602737,-1.5592706457541876,-1.7183033242511363,-1.9022839780729162,-2.08236507975066,-2.3129023674960556,-2.4483173234521685,-2.488883105594169,-2.4769086766659343,-2.3444974148666953,-2.2031425641165874,-2.055987768042539,-1.9089920228531678,-1.7240752169237472,-1.5400701660814617,-1.2336794094333432,-0.9900964446316277,-0.7359350486864059,-0.44382231816981504,-0.1537990453377501,0.10250027548995862,0.4968245045824615,0.866947395750443,1.2217864305411177,1.620603052626368,2.0102198659740123,2.4041585774677703,2.778427149314612,3.0723927893405616,3.242917467186224,3.4164904917396246,3.5911926928608158,3.799047219947086,3.9787196124936983,4.066319271482979,4.031451816822109,3.893956427010938,3.662093421922644,3.3653577243332884,2.997964654741135,2.6743531281570374,2.132316796864055,1.4458730061445677,0.7668171029603217,0
0,0.774173173623523,1.4654723362288617,2.1518205887042194,2.707323684775895,3.0550955076729207,3.426757595001853,3.730782248921791,3.963882616048705,4.098966037934327,4.137700755782659,4.0466844302978355,3.869111474229159,3.673753181129156,3.5432019939125787,3.393035251458627,3.2614883725211996,3.002949790231581,2.6656049779517756,2.3129275652589714,1.947218933168597,1.5810288764145661,1.296122933457368,0.9373412046440152,0.5569720792176798,0.31781463884374656,0.02593955110870142,-0.287557253885296,-0.5509152491346434,-0.8121018560207656,-1.1331350302799712,-1.332208243930716,-1.5517505510774314,-1.7201338225152811,-1.87447123561445,-2.0160449437205408,-2.140437629019646,-2.1461009192242386,-2.08969036558774,-1.9421896333793187,-1.6892102277718908,-1.497389998065601,-1.2947392774490636,-1.116357923597021,-1.0061013074265381,-0.945744148416894,-0.8695027368019637,-0.8056983297331828,-0.7956797120641346,-0.7180882566846903,-0.7038001410147208,-0.757170067127261,-0.7457563287335075,-0.8084826569802475,-0.8807802117696395,-0.9180318608381722,-1.0094108236345474,-1.169502320979179,-1.3428178003322155,-1.528513844600035,-1.7775703736597357,-1.913154452319379,-1.953542877908518,-1.9361013226265065,-1.7979950146265373,-1.6565878851569464,-1.5124436971826294,-1.3700822907121784,-1.186779195888778,-1.012615851680049,-0.7239601097044849,-0.5098382527514285,-0.2818341672428696,-0.018394911255583672,0.2401609224581278,0.48811426546472936,0.8790655578059834,1.2526881191446775,1.5966570571109027,1.9987759298515755,2.4041585774677245,2.801574658080847,3.1865579463397298,3.489561240732989,3.6657394181768197,3.844421858931099,4.006915912288847,4.2080866186509,4.381631894362046,4.468647793852052,4.420140922580267,4.266484397320753,4.004604976481663,3.6683543476191365,3.2531775866498505,2.87385451452021,2.278399941229472,1.5407507347057148,0.8179377072220047,0
0,0.8076181519356995,1.5301125740157884,2.2446846181541744,2.8408497073328753,3.233503485573076,3.6560350938105404,3.9958089567168007,4.260632167833735,4.40663686478928,4.460338110878507,4.379032033321558,4.215761246219663,4.038672373529701,3.927055762383641,3.7745882000433513,3.642077614057855,3.386231302019488,3.05320588365212,2.6907200832552975,2.31123888731931,1.9368441880231904,1.6533080682123211,1.2958186634985422,0.917110429758709,0.6798674152263724,0.4015670424936253,0.1041066974699194,-0.14179143395081656,-0.37244717948734696,-0.6640264185967003,-0.8402892710810435,-1.051375951764241,-1.2229970642540349,-1.3731820555654781,-1.5150272466929593,-1.6336245852934095,-1.6415321986652456,-1.5830022372118921,-1.4253475072591675,-1.1541331904401817,-0.95637357442829,-0.7499229823228357,-0.5594594629302453,-0.42770352410343876,-0.3472355571304786,-0.24812581573071363,-0.16618558047728527,-0.14438639305847792,-0.057658402572644187,-0.041672825696988866,-0.10381241495360569,-0.10773031319511327,-0.1902222985737968,-0.2872743271419146,-0.34915793430060654,-0.4622878812794328,-0.6337643703723267,-0.8118146008374106,-1.0091697622011166,-1.2830935536134915,-1.433440306633176,-1.4762705756916272,-1.4566352514086711,-1.3232953736836874,-1.1829501915066802,-1.0408904290691574,-0.8938112138646948,-0.7179338435261461,-0.5616752019000328,-0.2976263378051755,-0.11009598849949573,0.1030384010576201,0.3519791793763138,0.5964336966438687,0.8428394190004469,1.2355500337574647,1.6093338404986377,1.953584465124582,2.361697133387524,2.7784271493146284,3.186557946339709,3.5704064766097647,3.8703082954152315,4.047634980191016,4.228473246680933,4.372876203004668,4.555083456428817,4.713796173964798,4.790317166392831,4.723437414005705,4.556535761263338,4.261166467419883,3.888064106773527,3.4206320986199374,2.995993041183759,2.36144075897083,1.5987101621970665,0.8493049849387153,0
0,0.8514686409007657,1.6119065069917449,2.3575487537147404,2.9970718602549007,3.4300063416296753,3.8885872001504636,4.255671807319205,4.539953373370673,4.694726487280333,4.752821000946956,4.672024652248679,4.509644497513688,4.346186280074328,4.242746854055591,4.092214806465679,3.96179772601139,3.6981866501371172,3.368716787815079,2.9962058338324975,2.6021221194400765,2.2239419731385826,1.9496147116021765,1.5969012430732907,1.2189914066294765,0.9895660869038709,0.7317453712211123,0.45209005727515506,0.22693593985473007,0.019907973127181833,-0.25294776776027333,-0.42358192554992274,-0.6317039247765228,-0.8113794011882082,-0.9675398877826648,-1.1199868170706084,-1.2478808299676434,-1.2635660169207608,-1.2015602054855687,-1.0377886773045877,-0.7557857036723364,-0.5544325408954266,-0.3435218359461446,-0.15079936781362419,0.00010805764125015435,0.0933597784227394,0.20324145007993188,0.3017982119192421,0.33217181686313807,0.42473073973600733,0.4395369728924971,0.3677705877773311,0.3514973934812273,0.2520868847123083,0.14417529736854068,0.06835068603988147,-0.06546345964707319,-0.24011390480093645,-0.4231174967603131,-0.6284892653125878,-0.9185524914868003,-1.0770989301613856,-1.12079956798376,-1.0903591154887484,-0.9445565326402809,-0.7896713448143732,-0.6390684981391792,-0.4803172008226736,-0.30444643336526034,-0.15145263648056695,0.09635322187800938,0.26318754371204217,0.4558129745245721,0.6882677613786972,0.9117582601956434,1.1485709142825082,1.5388298785919645,1.9049059853678993,2.2372958894806874,2.6446177229590746,3.0723927893405776,3.4895612407329804,3.8703082954152928,4.17904752719363,4.354067234326524,4.5348835284230775,4.671890540552836,4.840799778853412,4.999457053922045,5.077682584558821,5.007100962535465,4.831417767851299,4.515456093813472,4.116336794999379,3.613449948224101,3.147340906228187,2.4700504534388505,1.6765573212378828,0.8918225890439786,0
0,0.8855803035288929,1.6589798411671273,2.429982789259572,3.0953629709059247,3.5748595805320704,4.074909112493939,4.459450960767332,4.746124154555538,4.907923234583801,4.9617386392440626,4.883244288458175,4.717028681994095,4.566010866453204,4.45878469903251,4.298512402399418,4.153103372827065,3.893718846868836,3.563633704297629,3.182488857449288,2.7702733276295874,2.381688190588755,2.105395502493025,1.7368814698073247,1.345792208427402,1.102027416906295,0.8473900686822841,0.5867037085397856,0.3740797632402392,0.18279825202828817,-0.07805572793254528,-0.25712756068789333,-0.46927687393534634,-0.6429778772593602,-0.7928607472445909,-0.9390803819842225,-1.052788700387768,-1.0536973299515773,-0.9682787225519541,-0.7820260706958779,-0.47221559317259276,-0.2510117714063746,-0.005626105770942627,0.2253168895338003,0.41503881247610636,0.5489840454563845,0.6871305514323056,0.8132347404502502,0.8579754236933333,0.9494016638648993,0.9627054516928152,0.8872971005215068,0.8530999363371774,0.7245111845197151,0.5882262627472213,0.47251532642006816,0.2994813590760625,0.08575617714347414,-0.13253411295618817,-0.3620457474067575,-0.6816366813853301,-0.8644962753370069,-0.9299297942619391,-0.9113403374671024,-0.7776087203033223,-0.6263260177845926,-0.48000904049035786,-0.3237159920046843,-0.1420012649460518,0.020876677652654604,0.2573698620227749,0.40927041449296003,0.5899771144525311,0.8045665333051408,1.0258222041689231,1.2766084037985992,1.6799655341543795,2.057864691016129,2.386671959820937,2.799643472055663,3.24291746718615,3.6657394181768006,4.047634980191154,4.35406723432648,4.546028391005167,4.737845047794337,4.880470167693811,5.039847572971747,5.204438251078626,5.282274480742175,5.215306811430909,5.033731278662613,4.716706627185297,4.302292184374876,3.758836543703294,3.2458388544514056,2.5432738262480368,1.724582774192673,0.9252439819887105,0
0,0.8978989606270575,1.673460062475594,2.456796564911866,3.1359238536138148,3.6485249706156435,4.173712380311149,4.56844548463758,4.865349027441237,5.033003989169595,5.099719080472096,5.027318057065422,4.880770481192058,4.764719699175574,4.679079165641995,4.514081055726755,4.355439665230708,4.095386081501471,3.7627367867381567,3.3726366134699037,2.9507622504246984,2.5563120875536245,2.274046797170497,1.8880377578665835,1.496298738723563,1.2464138438472747,1.0007385832576894,0.7358253664606436,0.5259968857848285,0.3451953049443345,0.09322609525416149,-0.09024845459153158,-0.31214083228072953,-0.5023737451465348,-0.651285394219686,-0.7821374499159324,-0.8800693190374478,-0.8683897398767956,-0.7623353395870248,-0.5644532589953061,-0.24464959348124835,-0.015690360322586725,0.24991450970652207,0.5050443799280628,0.7157581043202601,0.8849723808965845,1.0487678483101297,1.2037126502703732,1.2547482903802332,1.3472357491038487,1.3575503721207145,1.2747066951329888,1.2277867118596673,1.0673438242184168,0.902253775403908,0.7515553612752337,0.5541214331133751,0.31469886584375434,0.07710062449757124,-0.16155604312740032,-0.490586128828376,-0.6834842039371054,-0.761729307367521,-0.7506421562897503,-0.6271795110673661,-0.48369866552224694,-0.3335626062384471,-0.15503450748147557,0.03858982849271122,0.20672108089607183,0.43537331607885876,0.5778942462703249,0.7548641181131608,0.9732710114207703,1.183801949579254,1.4392238526792938,1.837662048383445,2.2275512866639353,2.554487403120473,2.967717816077648,3.416490491739575,3.8444218589310797,4.22847324668093,4.534883528423138,4.737845047794393,4.934845531469087,5.057433458127616,5.183171325122906,5.327937585011854,5.399669812100272,5.3198458583258805,5.133758854121725,4.809668470063909,4.390618862067112,3.824961208066947,3.2787192205885627,2.5642049791581667,1.7352088754274346,0.9342252458413565,0
0,0.8764998558566279,1.6289269503291544,2.3925380488400716,3.0687513573240874,3.5937824304889365,4.124101549039819,4.519377322970552,4.819670916899953,4.994796548318977,5.085321302922648,5.042150509610029,4.936265557137279,4.8725176668290935,4.81958636686955,4.673887259386916,4.508913922538738,4.25598521715763,3.9415446360742017,3.5611521288934305,3.1371853241931285,2.7493304218606034,2.457283676346829,2.0603052625909437,1.6575953861923785,1.401524082839352,1.1543580362995265,0.8818994392636983,0.6611343986663204,0.472453649117757,0.2169903562429219,0.017452548979155536,-0.21665446136206318,-0.4300440567010145,-0.5841307886367353,-0.7037376915445661,-0.7832956967765698,-0.7625007064787868,-0.6429845432649215,-0.4363954291611949,-0.1117977860780426,0.12220325734730646,0.4145833396311971,0.6918155698507755,0.9318866695550994,1.1387251660254518,1.3221940355834552,1.501748144218728,1.567056894582433,1.6595664879667187,1.6648986848092624,1.5747168965880025,1.505659535069938,1.3140878089200208,1.124508093753787,0.9342328420775263,0.7048787262954381,0.44319007963853735,0.17981657172022714,-0.06301139187215987,-0.39228875521247564,-0.5894507662821744,-0.6720598229820518,-0.6628166135541781,-0.5513368903207647,-0.4147655721109734,-0.25505652513174043,-0.04913839861442608,0.1597926131030571,0.346412036629394,0.5776420335296679,0.7296712343756772,0.9163301086860476,1.1431748373737896,1.3540419857081227,1.6145539166076939,2.0188510530589805,2.414493160264769,2.743677444067779,3.1435153497427213,3.5911926928608833,4.006915912288854,4.372876203004725,4.671890540552956,4.880470167693841,5.057433458127715,5.147202813140551,5.2192971997825985,5.3201342378853935,5.360763317954609,5.253912137994603,5.059379052123594,4.73265353545622,4.318776558511822,3.7520414186637576,3.195285868599375,2.4860917631959807,1.6806142032931763,0.9075612801073017,0
0,0.847383336155156,1.574104968425459,2.3128296498456726,2.974852995282374,3.5061585563108895,4.034547229815912,4.4347869639873085,4.74254234848043,4.93630514746978,5.046690514594456,5.041634116548666,4.977123930096292,4.961827867764862,4.963378524664903,4.85017534499185,4.69472833587341,4.456284675915497,4.162053140739361,3.785176870962017,3.3635999931386067,2.983415640965433,2.6882494446264347,2.2788263549370007,1.8647728607709846,1.5806934403054764,1.3098677286389453,1.0132337024362386,0.7714334943466755,0.5697011203035469,0.30883323064055246,0.08731859623557942,-0.16785452553781774,-0.4003762493962938,-0.58331610222836,-0.7044461415476502,-0.7792352092805177,-0.7452521075962243,-0.6196209414839643,-0.4057739890522769,-0.07656357890126546,0.15615642373999894,0.45993423898668934,0.7603006055014134,1.0211802737835616,1.2574612661749187,1.4529011625110717,1.6479880408621388,1.7185814744740129,1.807662680603071,1.8102870561182571,1.7140664944735002,1.632154663522981,1.4196053898310312,1.2129179116139723,0.9893338190388598,0.738937311490661,0.4540457824548606,0.17959380527550103,-0.05935384904985624,-0.3900328242831467,-0.589301549373974,-0.6692508351653038,-0.6645777689318916,-0.5514571681342453,-0.4101965863870495,-0.2187981230544618,0.008673246080300224,0.24131026550710297,0.4505286628342341,0.6910902375798988,0.8586099477372039,1.0668531913013326,1.3184991728355249,1.552190770543409,1.8353966659953886,2.2466596027872807,2.6467575706704105,2.970493132145009,3.3568532625307066,3.7990472199471057,4.208086618650937,4.55508345642891,4.8407997788534916,5.03984757297177,5.183171325122927,5.219297199782539,5.241829098175636,5.2986827132959196,5.298829735087095,5.170846157147804,4.956895128053143,4.623210881599058,4.207522273592779,3.64649635409533,3.084521392778181,2.3927756220483043,1.6163718441302977,0.8730937791421776,0
0,0.8189035891514835,1.5284889405142439,2.2471783905372598,2.9082856529771535,3.4457058602744604,3.9847208883328618,4.380312468547511,4.694459282369447,4.897916568992998,5.0331238645403795,5.069899409534898,5.054241621322853,5.082507599559182,5.127006592610315,5.033406837518828,4.870567873904074,4.631932808645433,4.351292400708159,3.976487427729985,3.5538676634835054,3.16888792667315,2.857908765931479,2.431409608192801,2.00715282831546,1.699249876873657,1.40611636255224,1.100080125519903,0.8415065122126537,0.6223297172821456,0.3438489674502392,0.10143798090221871,-0.17515981541004585,-0.4277125059463542,-0.6307903095244196,-0.7640456633930377,-0.8308329842975835,-0.8007179207680644,-0.687938858990992,-0.49087384026812525,-0.17026789295242617,0.04885251868259084,0.3550517265584522,0.6634199235212332,0.9295933115497476,1.1796812222870352,1.3883182833177055,1.5920444367570652,1.670614604479594,1.7668767243412862,1.7662062825797875,1.6563876037710799,1.55900558827522,1.333475665479906,1.1109871227013295,0.8728697386804583,0.6169766305164973,0.3232325809908979,0.04807937388122101,-0.17533029613003445,-0.49421934065722684,-0.6741219969525141,-0.7341359221287537,-0.720273664672619,-0.6100252361963996,-0.45173588347586224,-0.23620956524219727,0.015598117591580307,0.27135636978541405,0.5027097304884095,0.7608517600633957,0.9472910174616282,1.1710598488668567,1.4324712400985649,1.6890178529177244,1.992241885716778,2.410904339426224,2.8213815836653575,3.1534919261512795,3.539489535259001,3.978719612493709,4.3816318943620995,4.713796173964916,4.9994570539221295,5.2044382510786855,5.327937585011817,5.320134237885389,5.298682713295948,5.304070700544622,5.259820190784,5.102973852086015,4.878103115500991,4.538679377948782,4.13066922805197,3.564490423043689,2.9973317517161147,2.312005783836028,1.5597226789742287,0.8384246492070996,0
0,0.7847027599361043,1.4730934296662943,2.1646512072574944,2.8109217925992054,3.3479384372398666,3.8908884259779635,4.282144830149423,4.601105424975326,4.815189691724195,4.9785352904215125,5.05142912516328,5.078031700795844,5.144839408459834,5.219201794039151,5.131105254745874,4.965426410431266,4.722791588182902,4.449900712457559,4.072003499434866,3.6459414669715713,3.255555827182634,2.9245467653542065,2.481321646790929,2.0494704371310433,1.7131756345197038,1.4058357303549,1.0848336252826707,0.8082590939656419,0.5779528494144562,0.2924321403305944,0.0472237457417234,-0.24080275096884726,-0.4875496517480441,-0.6840471307932334,-0.8143573868946286,-0.8766986059041295,-0.8487917418975014,-0.7355178062057538,-0.5492498411642648,-0.23069200802852233,-0.026282191474065207,0.2854791707357913,0.5955059757563856,0.8595552741081357,1.113304006750223,1.3263313912469414,1.5438529946029569,1.6252474901782668,1.7294635258216384,1.7269694135344815,1.605260512878002,1.501363415760376,1.2587989973731448,1.0313116248977392,0.7888572931821123,0.534035275977606,0.23693362131744578,-0.04562511060555648,-0.253799661422183,-0.5668136786992455,-0.7338857104780973,-0.7920572272706989,-0.7729066391129983,-0.6651330995662021,-0.5055108213720791,-0.2931482609041681,-0.043880781480601976,0.22541716969897332,0.4614341330654992,0.7284135541469848,0.9277595565468567,1.1714035430703453,1.4490556716253262,1.7222787950522431,2.051435634823747,2.4742720484365464,2.896452959588967,3.2408340292668596,3.625929986142767,4.0663192714830485,4.468647793852088,4.790317166392879,5.077682584558876,5.282274480742104,5.39966981210011,5.36076331795457,5.29882973508711,5.259820190783898,5.1761299937234915,4.988105577267849,4.752504083390681,4.409532378082691,4.009285271677984,3.4448096454458206,2.881019345661698,2.213879255370869,1.49380720155032,0.7981725750063349,0
0,0.7538063767717432,1.4037583096191277,2.056016096898965,2.6770653200459478,3.214719840907596,3.7457967532732708,4.118590851921397,4.436279166027493,4.6487413791598975,4.815554014863132,4.920142036515277,4.974530839056103,5.060701755698037,5.157835452982776,5.080629472902429,4.910004127190672,4.67085209355607,4.413423411310033,4.043298766258438,3.6159800691504573,3.224972226788702,2.889128806674867,2.4507069207693397,2.0148189666959953,1.6699173395178728,1.3592075442313174,1.0431235164729915,0.7614519773413032,0.5286084641948072,0.24694661633447781,-0.010935177858768465,-0.2976110146571407,-0.5480683103380533,-0.7437804381797695,-0.8573342052741332,-0.8927616830330252,-0.8428529850622754,-0.7199931788334403,-0.5372931673053822,-0.2259045153451994,-0.02993368696504326,0.2873018318244386,0.6007980655411266,0.8820405053265564,1.151794795495784,1.3829486030339255,1.6053425069580791,1.688697431591116,1.7845276097868845,1.7800765155724783,1.6608246726128553,1.5505735773400118,1.2998988104259233,1.052369988975694,0.7939460300290617,0.5216468484188839,0.22098410954135808,-0.06500354688384531,-0.2605547365830853,-0.5652464896780244,-0.7267184946971125,-0.791031434300191,-0.7896396276226165,-0.7055295213534848,-0.5595290536902476,-0.347799387795787,-0.09449588805450498,0.17702846493673804,0.42796777471753633,0.6903202028106585,0.8917995493261242,1.1401273902175486,1.4148759489477074,1.6921205632655636,2.028338861927787,2.4519311714109877,2.8651900532766335,3.209725464256087,3.5931745944248603,4.031451816822105,4.420140922580242,4.723437414005745,5.007100962535469,5.215306811430885,5.319845858325728,5.253912137994549,5.170846157147772,5.102973852085967,4.9881055772678,4.794461495332578,4.559997597176205,4.219873064873948,3.8404231183426747,3.2909674551657297,2.7293237963311014,2.0919315607716666,1.4159619029315615,0.7615716998752922,0
0,0.7180846015198565,1.3242545743816032,1.9315268869426698,2.520723721968804,3.0443766524293605,3.5592746933731383,3.916898340428975,4.225114126568449,4.439410013252894,4.6046082983198104,4.7177262995333775,4.781468172563837,4.885021681656762,4.988651642907834,4.913089990998363,4.746719339111203,4.514343677208146,4.268306553301966,3.9110019193706993,3.496730708915316,3.1177157436242795,2.787563388593204,2.3583817810188465,1.9298135296321994,1.5811663264184401,1.2774868287341492,0.9729088816006932,0.6879368104720665,0.4548752487171799,0.19183401717786328,-0.06192483734664079,-0.3394264658162931,-0.5843602518785733,-0.7750027215694483,-0.8671390266084977,-0.8848547860273345,-0.8178839599008392,-0.6769720135389863,-0.4859552658815749,-0.18492552145180213,0.01514109909876958,0.34525929385633264,0.673184084872439,0.9727359090372283,1.2680309923138477,1.507377625796378,1.7371504843822685,1.8266121730400702,1.9185659013320553,1.9121896558856317,1.7922016473078528,1.6743732189328642,1.4172607530164694,1.1604284660367876,0.8757750340779304,0.5834112079534367,0.2679331156059875,-0.030533278824120904,-0.22847095061309247,-0.5177351979543604,-0.6853306098893571,-0.7648762687934397,-0.7787128441261147,-0.7108256907358229,-0.5852448447453459,-0.37845261827820165,-0.1291967968472369,0.13499816113936916,0.37948930814938847,0.6228448611246429,0.8246833988300303,1.075733380450907,1.3413006659459146,1.6115982002568743,1.9492269091703647,2.3625224696292877,2.764640501036677,3.0997481775849915,3.469175530715313,3.8939564270109517,4.266484397320781,4.556535761263345,4.8314177678512324,5.033731278662665,5.133758854121683,5.059379052123533,4.95689512805306,4.878103115500991,4.752504083390667,4.5599975971761735,4.3237206049530466,3.993660600385712,3.6330712896515465,3.1029146041283466,2.5584328633497933,1.9567726891929573,1.3300687586366224,0.7214207984708383,0
0,0.6616722021610226,1.2145870797731748,1.7630972917820547,2.2990571708912717,2.800669073435652,3.2847292789253384,3.6160809376359286,3.9164902661792103,4.1214698426074285,4.2853932515312865,4.4010428233601155,4.469831892715883,4.5771346774575905,4.679931409957829,4.607604231818408,4.4390582985378915,4.2221872543295005,4.005566806780658,3.6754641974349083,3.282342534762034,2.9156903070890725,2.5931980444887666,2.183195416757595,1.784791260515863,1.4400468556708539,1.1500270044582857,0.8585499374094775,0.5738803401112955,0.34563445885094696,0.09902082653388065,-0.13662684328689204,-0.3890259644325338,-0.6134970727963558,-0.7865745245692854,-0.853833371813223,-0.8438981420050491,-0.7631261234214113,-0.6183779137023476,-0.430841258092308,-0.14416710893605053,0.05979982844133611,0.39136090379805794,0.719683359235693,1.0197664794668924,1.3320055033653866,1.5784126798970035,1.818154245801895,1.9173450649556254,2.013663632765529,2.007216183525273,1.8861268459323652,1.7595058710920852,1.4934176641964183,1.2311081227739784,0.9312015599563693,0.6380097494499812,0.3193791720841049,0.017702715328567698,-0.18488092473593679,-0.460033716455015,-0.6258594673209927,-0.7114414504082701,-0.7433658002780087,-0.7047308880941433,-0.6047809074183436,-0.4173742092816756,-0.18975872620328102,0.05092384505606089,0.2774839713498187,0.5053341435676578,0.7053545454264524,0.9573979566826898,1.2135682462168165,1.47428921593467,1.8093658830748294,2.1927142733862945,2.577399897180064,2.902662847895073,3.259710358564201,3.662093421922779,4.004604976481708,4.261166467419921,4.51545609381343,4.7167066271852836,4.809668470063895,4.732653535456216,4.62321088159909,4.538679377948742,4.409532378082677,4.219873064873921,3.9936606003856383,3.6729992932274014,3.3423737802138427,2.8464113342540602,2.327270055277061,1.780901178599025,1.2164051617158829,0.6612337268899582,0
0,0.6085886665187882,1.1136719062297833,1.609209107060366,2.098591975043174,2.554537275297374,3.00062085450329,3.3029156057394204,3.5741446244660975,3.7622628390919384,3.9075226807851746,4.0163283192532715,4.076881157387915,4.185470517227448,4.279404310074392,4.206292017949661,4.04855673133781,3.853252489601441,3.6696661867719427,3.3768505317513884,3.02175299622149,2.6934391813638414,2.4019960985150113,2.035821539023897,1.680229132417592,1.3666824957526311,1.1033819428047191,0.8422414895285536,0.5747787467223541,0.363869005491177,0.1341895930898369,-0.08652386132959142,-0.3184295384289494,-0.5280635679929595,-0.6830308543851467,-0.7452335298965059,-0.7237106074993718,-0.6467900511305879,-0.5236815617003371,-0.35696353689036386,-0.08895518480107646,0.09996412222240242,0.40507301918764693,0.7128106910567719,1.0020456619381748,1.302003451267556,1.543045131870579,1.7686084465789345,1.8741016257593923,1.9696815409565922,1.9640245279389485,1.8450189771920384,1.7129803080952166,1.4629703086870223,1.2075325236018546,0.9186981847265016,0.635457915611853,0.33632211908513915,0.05919331258854641,-0.12842063081654406,-0.3848872790831767,-0.5306015347811102,-0.5978777471651096,-0.6303622191782806,-0.6074928842561363,-0.5156529692996678,-0.34806392140252557,-0.13388058644884618,0.08668817634948366,0.2998724528902973,0.5140376776815527,0.7002067986642702,0.9374578452283332,1.1668800896460738,1.40466136426888,1.7086031351264743,2.0497664635154056,2.3918199761442525,2.6842378279862174,3.0029423327144196,3.36535772433337,3.6683543476191427,3.88806410677358,4.116336794999303,4.302292184374809,4.3906188620669715,4.318776558511879,4.207522273592738,4.130669228051995,4.0092852716780865,3.8404231183426862,3.6330712896515522,3.3423737802138396,3.0414114938016543,2.584628907775439,2.1147244996083576,1.6189161917557997,1.111661743685463,0.6059862452519617,0
0,0.5271972973638844,0.9573801966100093,1.3710704368272841,1.798783999255075,2.1824692985691896,2.5575724221122567,2.8195450691453643,3.0575741875094953,3.2264902522305756,3.356037528259201,3.462605619325573,3.53054305742096,3.6345994718110135,3.725966076639329,3.6729208618254514,3.5520366695100454,3.389261993300754,3.2543032375832177,3.0093794016927484,2.70463059787929,2.4227595948535425,2.177561698362519,1.8629986674399697,1.5470540341428127,1.2642612118415746,1.0282675439236602,0.7967518024332834,0.5450405673578372,0.3415315900065092,0.12885720555129498,-0.0769772974154066,-0.28457471646724064,-0.4751118091700076,-0.62268376458408,-0.6835945061234279,-0.66812820858073,-0.60452772055309,-0.49667827845813334,-0.3477992471338551,-0.10234503030173236,0.06916732349120785,0.35596358735364797,0.6445954832671363,0.9180932980801848,1.1922495604746626,1.4108943071265752,1.608415227908827,1.7141340567095324,1.8026140462083289,1.7971683784854093,1.687601808073689,1.5583290827929566,1.3369255420853008,1.1046946474192625,0.8390871853567113,0.5722577553068757,0.293409909484796,0.03194995290261057,-0.13848608536906037,-0.3732747577648366,-0.5020403483934286,-0.560527035396156,-0.5830261881666234,-0.5604049326678482,-0.4750239786845179,-0.318652907129015,-0.12476858578856567,0.07441926713935702,0.2745335823469717,0.4731687012712639,0.6544289740709655,0.8789242348247639,1.0821097548148177,1.2963643560380953,1.5689580673042207,1.8728190135370935,2.1674856095316755,2.4145220892427655,2.6867238329962033,2.997964654741018,3.253177586649703,3.420632098619862,3.6134499482241575,3.7588365437032554,3.824961208066928,3.7520414186637585,3.6464963540953113,3.564490423043758,3.444809645445818,3.290967455165816,3.102914604128441,2.8464113342541055,2.5846289077754108,2.200419164205953,1.8052876740246513,1.3735242525385367,0.9522959561833327,0.5237282962070187,0
0,0.4318185684797605,0.7882401940825624,1.128009710740287,1.4890826041324048,1.7994690764849106,2.102220237586399,2.3158717905616335,2.531228833487462,2.685128030389721,2.815470822390662,2.919825909361531,2.9938403235078805,3.1023698416783914,3.201328922011983,3.1786989690331926,3.098781702679641,2.9705609291049857,2.874113866395998,2.6826577533221934,2.435566133753442,2.1998966481019657,1.9910418911177512,1.729606595258688,1.4676854962433277,1.2265376001480945,1.02799602721529,0.8309000958411816,0.5982010671911111,0.41561916219217154,0.22223012453832844,0.03970922533277432,-0.13631309019327645,-0.3054801120810576,-0.4370148897543896,-0.49553021083714976,-0.4897154014725728,-0.44801246564019587,-0.3665567174242095,-0.2532270740652225,-0.0463628717819951,0.08882666813355947,0.3258510136372999,0.5572190729412606,0.7749426640295872,0.9964062969833121,1.1744989710041,1.3348707592270845,1.4235875824894442,1.4935292716399444,1.4882425824837573,1.4008016546072228,1.2903351763049284,1.10929317854974,0.9202963667978659,0.7039106904165323,0.49364081568567636,0.27212738303306594,0.058440961282649605,-0.07459845908632295,-0.27305249448949853,-0.3698952868849839,-0.40877448761935886,-0.41488077597938455,-0.38842739908016033,-0.30904255273990533,-0.1696619027040717,0.0022608782329556583,0.1720562041420523,0.34989365926109356,0.530845283576181,0.6958862045374593,0.9041348163250925,1.0775843506549168,1.2588263950570897,1.4895221587185221,1.7407778046158218,1.9854803586135028,2.197149080035036,2.4233893814687266,2.6743531281568615,2.8738545145201533,2.9959930411837106,3.1473409062280857,3.24583885445128,3.278719220588564,3.195285868599459,3.084521392778132,2.9973317517161306,2.881019345661581,2.72932379633113,2.5584328633498563,2.327270055277016,2.114724499608415,1.8052876740247283,1.4868942496860122,1.122761056460106,0.7783853645188608,0.42745138761303997,0
0,0.32772010457457146,0.599406915048531,0.857009237652769,1.1356030884681534,1.3815687654157862,1.6219866576577218,1.7847264873316728,1.9474992463005036,2.067183708982956,2.1696143642504517,2.2541769942766945,2.3224122272375847,2.4119122498397005,2.5019874935903603,2.4882434909679145,2.428841128925543,2.337447993486645,2.2749457909668047,2.1347981697682767,1.9509058500810288,1.7708258658011902,1.6111274198786272,1.409348818051846,1.2101247844177836,1.0232545208552148,0.8787856875711532,0.7357417085330084,0.5602015106449808,0.4227915312453235,0.27571274445604493,0.13661868791154705,-0.0054280375584200005,-0.13388268196698982,-0.2411787257562952,-0.2883887653248319,-0.27945553121945005,-0.2525980796227052,-0.2001829661435659,-0.11304261092415527,0.04808958401847,0.15416994133404655,0.3342239378345001,0.5137656338926511,0.6818193495483049,0.8543594251425597,0.9896485889043921,1.1145289283986013,1.186430448425621,1.237980002418966,1.234243964768511,1.1684501808745662,1.078422470911647,0.9342587612967233,0.7889394092227725,0.6207164741622009,0.45923753779054627,0.28929538856094655,0.12980172413170607,0.026483954037506686,-0.12758743857267157,-0.20178443783503572,-0.21895196549740809,-0.21886035008545235,-0.20456432412752057,-0.142141088278333,-0.029349325987197847,0.09940117895537828,0.23509054752971306,0.3692924686250413,0.5077364712102135,0.6315418414511849,0.7898653007011456,0.9141994177711736,1.0458822399125471,1.2258668425237476,1.4169375649341822,1.607015679796346,1.770408102215595,1.9433233808279724,2.1323167968639596,2.2783999412294245,2.3614407589708106,2.4700504534387466,2.54327382624801,2.564204979158092,2.4860917631959794,2.3927756220483927,2.312005783836027,2.2138792553708386,2.091931560771726,1.956772689193144,1.7809011785989521,1.6189161917558452,1.3735242525385642,1.1227610564600894,0.8432360704105516,0.5845200234079081,0.32024089935362604,0
0,0.22447449001060663,0.40958502543330155,0.5927575117193663,0.7874551218528053,0.9602763378566058,1.1178498369589978,1.2239538766347848,1.3294829269271038,1.405531859888579,1.4697252252104251,1.5242664755267323,1.5717746229192706,1.6353000511181428,1.6984265275231603,1.6921439490467232,1.6537119454463702,1.5864662691076015,1.54194930054294,1.4491313324086994,1.3265507324274362,1.2136998095373233,1.114274039536575,0.9793755443809751,0.8481755743553167,0.7303687511598758,0.6464356742132922,0.5646338666842532,0.4514699392741206,0.36538168308141783,0.26740059791909826,0.16166187288577696,0.06307423828699146,-0.025052480884813298,-0.09797844512589754,-0.13332570799201598,-0.1372476613647548,-0.11261582270117083,-0.07874330371192427,-0.02419433509980887,0.0816986793107023,0.1496349619309911,0.2700707845876365,0.3950036401453859,0.5026677252734143,0.615616261856954,0.7074204724902422,0.7871472108521724,0.8417047257683818,0.8734585216809729,0.8711084628265789,0.8288913297199805,0.7607977851580563,0.6656847282423282,0.5673007469580198,0.45890962422620973,0.35626187593900105,0.23756429742218999,0.1314088947466986,0.06712454660928004,-0.033736471103225966,-0.07813414403344539,-0.08734243181794621,-0.09419663541272591,-0.07407489047441741,-0.028202326097940534,0.048978931133968506,0.13709189242250058,0.23129030122213037,0.3318134101834766,0.4248525771893551,0.5026916918964577,0.6026036596047494,0.6712141488144976,0.7472213248676727,0.8620573464744894,0.9880375135191025,1.113587029088196,1.2147429817310083,1.321629007495775,1.4458730061444804,1.5407507347057192,1.5987101621970623,1.67655732123785,1.724582774192565,1.7352088754273722,1.680614203293139,1.6163718441303105,1.5597226789742498,1.4938072015503685,1.4159619029317057,1.3300687586367161,1.2164051617158453,1.1116617436854779,0.9522959561833729,0.77838536451892,0.5845200234079397,0.4007546478195872,0.21981401972419387,0
0,0.12232802629361098,0.22534078905302654,0.32628002810737755,0.43525219511720475,0.5323265130601722,0.6133382322100739,0.6697066239790146,0.7255027627380558,0.7614666592889108,0.7900154039492553,0.8229556798632439,0.853127326039443,0.8866126758912121,0.9170835520875656,0.9110449485887202,0.8820773730024897,0.8449970362853763,0.8192966408042772,0.768210195251198,0.7043021153586928,0.6489077051566743,0.5969236689816259,0.5308155663103404,0.4609361909620857,0.4020907022684349,0.35669773555889006,0.3120244502206164,0.2523770386442276,0.2019438588556842,0.14816121827027162,0.08745616405350523,0.032035778658562275,-0.015924894703006343,-0.0562145440388854,-0.07322405205406701,-0.07209032116639316,-0.06100317297507397,-0.043830062989136616,-0.014447586797475629,0.04207777744399741,0.07495052448850717,0.14325910598323796,0.21054799093220714,0.2740406462828407,0.33849485954488184,0.3919228361827972,0.4386977962284096,0.4697142253173766,0.4943204631288759,0.49293347634964213,0.46322028840977403,0.42541487572069736,0.3716799220787227,0.31707163872419775,0.25616851158133996,0.19555979984254174,0.13228449570550582,0.07172179829581331,0.040697064098553885,-0.013943088322022828,-0.03856268456928679,-0.04434051971433353,-0.046775599268601836,-0.04092417197311258,-0.019311837707770316,0.022964851802615757,0.07020081634697821,0.1232306109704597,0.18028963081135002,0.2308963203051472,0.2780787695615306,0.3304903543765461,0.3691810804650649,0.4106632540208946,0.46990152318488165,0.5377019282593432,0.5992013172107776,0.6515559293189422,0.7025034727896275,0.7668171029602858,0.8179377072219607,0.8493049849386494,0.8918225890439183,0.9252439819887136,0.934225245841247,0.9075612801071695,0.873093779142111,0.8384246492071652,0.7981725750063863,0.7615716998753256,0.7214207984708849,0.661233726889902,0.6059862452519666,0.5237282962070277,0.42745138761303036,0.32024089935361105,0.2198140197242369,0.11939881603935608,0
0,0,0,0,0,0,0,0,0,0,0,0,0,0,0,0,0,0,0,0,0,0,0,0,0,0,0,0,0,0,0,0,0,0,0,0,0,0,0,0,0,0,0,0,0,0,0,0,0,0,0,0,0,0,0,0,0,0,0,0,0,0,0,0,0,0,0,0,0,0,0,0,0,0,0,0,0,0,0,0,0,0,0,0,0,0,0,0,0,0,0,0,0,0,0,0,0,0,0,0
