0,0,0,0,0,0,0,0,0,0,0,0,0,0,0,0,0,0,0,0,0,0,0,0,0,0,0,0,0,0,0,0,0,0,0,0,0,0,0,0,0,0,0,0,0,0,0,0,0,0,0,0,0,0,0,0,0,0,0,0,0,0,0,0,0,0,0,0,0,0,0,0,0,0,0,0,0,0,0,0,0,0,0,0,0,0,0,0,0,0,0,0,0,0,0,0,0,0,0,0
0,0.0000000000000000000000000000000000000000000000000000000007155225512809562,0.000000000000000000000000000000000000000000000000000000039527754940909937,0.000000000000000000000000000000000000000000000000000002032148812260367,0.0000000000000000000000000000000000000000000000000000972881869036745,0.000000000000000000000000000000000000000000000000004338314775148539,0.0000000000000000000000000000000000000000000000001802140150261949,0.000000000000000000000000000000000000000000000006973640833622002,0.00000000000000000000000000000000000000000000025134999341123434,0.000000000000000000000000000000000000000000008436059078765674,0.0000000000000000000000000000000000000000002635623315974491,0.000000000000000000000000000000000000000007661249744157993,0.00000000000000000000000000000000000000020707377697473584,0.000000000000000000000000000000000000005200465026352288,0.00000000000000000000000000000000000012124870237605587,0.000000000000000000000000000000000002621788318716527,0.00000000000000000000000000000000005251823538188528,0.0000000000000000000000000000000009733210636298765,0.000000000000000000000000000000016665111260245877,0.0000000000000000000000000000002631875819243242,0.000000000000000000000000000003826904557117855,0.00000000000000000000000000005113165144612183,0.0000000000000000000000000006263757961064551,0.00000000000000000000000000701821602400441,0.00000000000000000000000007173009176752281,0.0000000000000000000000006667752312957104,0.0000000000000000000000056189797779086285,0.00000000000000000000004277603709848026,0.00000000000000000000029304697279847947,0.0000000000000000000017991139508891636,0.000000000000000000009854296066566254,0.00000000000000000004792796368679741,0.00000000000000000020598355197381045,0.0000000000000000007784854431892778,0.000000000000000002575596963267787,0.000000000000000007431835115817998,0.00000000000000001866095047670015,0.000000000000000040782118873075583,0.00000000000000007785743627746184,0.00000000000000013090642903593813,0.0000000000000001963926440636759,0.000000000000000267528574920283,0.00000000000000033759444477484,0.00000000000000040249786691945273,0.0000000000000004608727637605231,0.0000000000000005125566505124363,0.0000000000000005572177767693997,0.0000000000000005939299409760451,0.0000000000000006214191194177211,0.0000000000000006384733228843736,0.0000000000000006442509417977652,0.0000000000000006384386938984091,0.0000000000000006212709772711702,0.0000000000000005933987872148401,0.0000000000000005555755905065848,0.0000000000000005082078586202967,0.0000000000000004510888987082239,0.0000000000000003839435853734291,0.00000000000000030813626011523,0.00000000000000022857440788920275,0.00000000000000015362189086062543,0.00000000000000009195226200481173,0.0000000000000000483992516172873,0.000000000000000022227837320789532,0.000000000000000008877085361137637,0.0000000000000000030830426434169134,0.0000000000000000009334058854379773,0.00000000000000000024729567874884725,0.00000000000000000005759989782388282,0.00000000000000000001185278006129863,0.000000000000000000002165453463605614,0.00000000000000000000035291628945732686,0.00000000000000000000005153937345479288,0.000000000000000000000006772801466141484,0.0000000000000000000000008039649186768207,0.00000000000000000000000008651374260544953,0.000000000000000000000000008466805412611645,0.0000000000000000000000000007558279480596256,0.00000000000000000000000000006171081159169935,0.000000000000000000000000000004619476038706167,0.00000000000000000000000000000031774287790257022,0.00000000000000000000000000000002012226711238039,0.0000000000000000000000000000000011753764890107135,0.00000000000000000000000000000000006342755090580418,0.0000000000000000000000000000000000031667066118864786,0.00000000000000000000000000000000000014646225613154778,0.000000000000000000000000000000000000006282402167639642,0.00000000000000000000000000000000000000025017305211104318,0.000000000000000000000000000000000000000009256444429562073,0.0000000000000000000000000000000000000000003184598369947348,0.000000000000000000000000000000000000000000010193786757061621,0.0000000000000000000000000000000000000000000003037368581777652,0.000000000000000000000000000000000000000000000008427507733195176,0.000000000000000000000000000000000000000000000000217794828552622,0.000000000000000000000000000000000000000000000000005243219997709936,0.00000000000000000000000000000000000000000000000000011758553112155227,0.0000000000000000000000000000000000000000000000000000024562065790105367,0.0000000000000000000000000000000000000000000000000000000477777940688622,0.000000000000000000000000000000000000000000000000000000000864890002042128,0
0,0.000000000000000000000000000000000000000000000000000000039527754940909937,0.000000000000000000000000000000000000000000000000000002086188675023309,0.00000000000000000000000000000000000000000000000000010257168786026793,0.000000000000000000000000000000000000000000000000004700788143979469,0.00000000000000000000000000000000000000000000000020084008364157117,0.000000000000000000000000000000000000000000000007999853582182152,0.000000000000000000000000000000000000000000000297050556274608,0.000000000000000000000000000000000000000000010280405080087697,0.00000000000000000000000000000000000000000033150247868709672,0.000000000000000000000000000000000000000009955780744803063,0.0000000000000000000000000000000000000002783175792559958,0.000000000000000000000000000000000000007237622134888018,0.00000000000000000000000000000000000017494485691507486,0.0000000000000000000000000000000000039270045200443,0.00000000000000000000000000000000008177563659323355,0.0000000000000000000000000000000015778859015941266,0.000000000000000000000000000000028173393774207347,0.000000000000000000000000000000464803427781153,0.000000000000000000000000000007073722242260163,0.00000000000000000000000000009912407472881334,0.0000000000000000000000000012763883429770989,0.000000000000000000000000015069151973667026,0.00000000000000000000000016271574991860279,0.0000000000000000000000016026294378721985,0.00000000000000000000001435540687701964,0.0000000000000000000001165666585678418,0.0000000000000000000008550342193251838,0.000000000000000000005644051619422168,0.00000000000000000003339046467722219,0.00000000000000000017627643253209833,0.0000000000000000008266882226274332,0.0000000000000000034282486792730328,0.000000000000000012515694686982088,0.00000000000000004006478819867305,0.0000000000000001121207135961358,0.0000000000000002739202810112788,0.0000000000000005848623631769978,0.0000000000000010962564265723978,0.000000000000001819300219518543,0.000000000000002707628369862092,0.000000000000003673869867064832,0.000000000000004630106519623295,0.000000000000005520042416247068,0.000000000000006322125745114667,0.000000000000007031819521343147,0.000000000000007643961498730938,0.000000000000008146307433020341,0.000000000000008522042566548861,0.000000000000008755009363896226,0.000000000000008833892918262933,0.0000000000000087544212439958,0.000000000000008519612160376018,0.000000000000008137906869297505,0.000000000000007618897079748121,0.000000000000006967634040754904,0.000000000000006182052950064358,0.000000000000005261235633379336,0.000000000000004227399293271125,0.0000000000000031481170993011447,0.0000000000000021328927471622265,0.0000000000000012935474517537058,0.0000000000000006935492002066999,0.0000000000000003260555801647321,0.00000000000000013384748455462356,0.000000000000000047935220585205375,0.000000000000000015000269956106646,0.000000000000000004114416413184871,0.000000000000000000993228492136618,0.00000000000000000021197374406510392,0.00000000000000000004018101918640812,0.000000000000000000006795886536282218,0.0000000000000000000010300373239600623,0.0000000000000000000001404832575860314,0.0000000000000000000000173069113448276,0.0000000000000000000000019327211979174726,0.00000000000000000000000019628172671819445,0.00000000000000000000000001818186935453638,0.0000000000000000000000000015403510566028391,0.00000000000000000000000000011964453794337164,0.000000000000000000000000000008539449157721034,0.0000000000000000000000000000005611925129181628,0.00000000000000000000000000000003402013488386279,0.0000000000000000000000000000000019055541107821808,0.00000000000000000000000000000000009876741367225647,0.0000000000000000000000000000000000047434142287557445,0.0000000000000000000000000000000000002113328907879246,0.000000000000000000000000000000000000008743692593345,0.00000000000000000000000000000000000000033625584631926714,0.000000000000000000000000000000000000000012029075451849001,0.0000000000000000000000000000000000000000004005614857793202,0.000000000000000000000000000000000000000000012422703583063495,0.000000000000000000000000000000000000000000000358969838457556,0.000000000000000000000000000000000000000000000009667845720537285,0.0000000000000000000000000000000000000000000000002427262222262859,0.00000000000000000000000000000000000000000000000000568138600820806,0.00000000000000000000000000000000000000000000000000012397303806849893,0.000000000000000000000000000000000000000000000000000002521554533343913,0.00000000000000000000000000000000000000000000000000000004777833093907009,0
0,0.000000000000000000000000000000000000000000000000000002032148812260367,0.00000000000000000000000000000000000000000000000000010257168786026793,0.000000000000000000000000000000000000000000000000004827549777087512,0.0000000000000000000000000000000000000000000000002119699700657982,0.0000000000000000000000000000000000000000000000086836559295906,0.0000000000000000000000000000000000000000000003318903602071351,0.00000000000000000000000000000000000000000001183273434762249,0.0000000000000000000000000000000000000000003934239034766138,0.0000000000000000000000000000000000000000121943946380677,0.0000000000000000000000000000000000000003521874934672526,0.000000000000000000000000000000000000009472025349026283,0.00000000000000000000000000000000000023705961181565583,0.000000000000000000000000000000000005516409172041439,0.00000000000000000000000000000000011924047116288851,0.0000000000000000000000000000000023915887787280575,0.000000000000000000000000000000044454159438375174,0.0000000000000000000000000000007647253152658357,0.000000000000000000000000000012156327620838123,0.00000000000000000000000000017826575149233664,0.000000000000000000000000002407075264082209,0.000000000000000000000000029865694271283974,0.00000000000000000000000033972924780033434,0.000000000000000000000003534204539075349,0.000000000000000000000033532682392110125,0.0000000000000000000002893174083331493,0.0000000000000000000022626095172208823,0.00000000000000000001598295658587445,0.00000000000000000010159835532549174,0.0000000000000000005788445795582151,0.000000000000000002943474206721348,0.00000000000000001330176486685893,0.00000000000000005319256991590323,0.000000000000000187474921764122,0.000000000000000580380991582204,0.0000000000000015746147801335152,0.000000000000003742022060063376,0.000000000000007805056337726696,0.000000000000014362812495988917,0.000000000000023525390175287517,0.000000000000034728887874562564,0.000000000000046929390599556525,0.00000000000005905947408302554,0.00000000000007040210384839596,0.00000000000008064867922890361,0.00000000000008971107929399842,0.00000000000009751382599755703,0.00000000000010390572776715866,0.00000000000010868087965449483,0.00000000000011163960359046987,0.00000000000011264079982132142,0.00000000000011163029697763691,0.00000000000010864374594188401,0.00000000000010378208178004144,0.00000000000009715804061592367,0.00000000000008883049570315059,0.0000000000000787852359475853,0.00000000000006704802889201201,0.000000000000053944285811162306,0.0000000000000403353672302454,0.000000000000027551667221078745,0.00000000000001693136680594962,0.000000000000009247624223822028,0.000000000000004450981378218403,0.0000000000000018785787494752088,0.0000000000000006940309404029814,0.0000000000000002245936960954836,0.00000000000000006381567812700098,0.000000000000000015976509936207252,0.000000000000000003538616094062822,0.0000000000000000006964056782137872,0.0000000000000000001223086397030506,0.00000000000000000001925098646296082,0.0000000000000000000027264366972505947,0.00000000000000000000034875615144625444,0.000000000000000000000040434685704647506,0.000000000000000000000004262820857486922,0.0000000000000000000000004098664924010752,0.000000000000000000000000036039040929943536,0.0000000000000000000000000029051633230028713,0.0000000000000000000000000002151889124082218,0.000000000000000000000000000014676336263184383,0.000000000000000000000000000000923373304671204,0.00000000000000000000000000000005368278940660937,0.00000000000000000000000000000000288838450128833,0.00000000000000000000000000000000014402359864193417,0.000000000000000000000000000000000006663526262364106,0.00000000000000000000000000000000000028637791896974384,0.00000000000000000000000000000000000001144342882328669,0.0000000000000000000000000000000000000004255160936264147,0.000000000000000000000000000000000000000014734273032372337,0.0000000000000000000000000000000000000000004753938229439407,0.000000000000000000000000000000000000000000014298825398259508,0.0000000000000000000000000000000000000000000004010796864715504,0.00000000000000000000000000000000000000000000001049440699176779,0.0000000000000000000000000000000000000000000000002561813644952286,0.000000000000000000000000000000000000000000000000005834674293781761,0.0000000000000000000000000000000000000000000000000001239746509783078,0.0000000000000000000000000000000000000000000000000000024562660245393677,0
0,0.0000000000000000000000000000000000000000000000000000972881869036745,0.000000000000000000000000000000000000000000000000004700788143979469,0.0000000000000000000000000000000000000000000000002119699700657982,0.000000000000000000000000000000000000000000000008924219373672967,0.0000000000000000000000000000000000000000000003507990320588957,0.000000000000000000000000000000000000000000012873354313166266,0.0000000000000000000000000000000000000000004409371840694144,0.00000000000000000000000000000000000000001409203014230771,0.0000000000000000000000000000000000000004200450433993439,0.000000000000000000000000000000000000011671053982296634,0.00000000000000000000000000000000000030208869458381592,0.000000000000000000000000000000000007278430483655388,0.00000000000000000000000000000000016309370359665121,0.0000000000000000000000000000000033954441311862784,0.00000000000000000000000000000006560296482099979,0.0000000000000000000000000000011748058612755742,0.000000000000000000000000000019471973673899344,0.0000000000000000000000000002982453893704915,0.000000000000000000000000004214099406454105,0.00000000000000000000000005482444439329184,0.0000000000000000000000006553476027607509,0.000000000000000000000007181242345946896,0.00000000000000000000007195604192387622,0.0000000000000000000006574847885953133,0.000000000000000000005462137557159781,0.000000000000000000041124386608378106,0.00000000000000000027963473158679314,0.000000000000000001710926468070611,0.000000000000000009382658247045355,0.000000000000000045932391559037347,0.00000000000000019991240250064106,0.0000000000000007705060673042265,0.000000000000002620529310669308,0.000000000000007842876520457412,0.00000000000002062454753471066,0.000000000000047673667711175805,0.00000000000009714101686491391,0.00000000000017550961591783757,0.0000000000002837352008005736,0.0000000000004154380628156699,0.0000000000005590077276252738,0.0000000000007023847344317929,0.0000000000008370913179915189,0.000000000000959089166746264,0.000000000001066966744185488,0.0000000000011596906549450364,0.0000000000012355094398323625,0.0000000000012920765348068056,0.0000000000013270988808566221,0.0000000000013389406813982173,0.0000000000013269614957156268,0.0000000000012915474341176801,0.0000000000012338131597837252,0.0000000000011549857142442154,0.00000000000105571561401589,0.0000000000009360050409357734,0.0000000000007966117514085197,0.000000000000641865930048006,0.0000000000004819582999490913,0.00000000000033192904690150975,0.0000000000002066857731238059,0.0000000000001149908115276606,0.00000000000005666145021862192,0.000000000000024589541329981867,0.000000000000009373412695693274,0.0000000000000031379012786447363,0.0000000000000009240191742479544,0.00000000000000024003120256219794,0.00000000000000005520386478325236,0.000000000000000011285513146545908,0.000000000000000002059261525192582,0.0000000000000000003367508517567587,0.0000000000000000000495469478231548,0.0000000000000000000065833945426625055,0.0000000000000000000007927173460337378,0.00000000000000000000008678114915989876,0.000000000000000000000008662969039158347,0.0000000000000000000000007907410383752353,0.00000000000000000000000006616384470737583,0.0000000000000000000000000050865759108384465,0.00000000000000000000000000036004810509618303,0.0000000000000000000000000000235101697741464,0.0000000000000000000000000000014186159537927922,0.00000000000000000000000000000007922639630929286,0.000000000000000000000000000000004100965928414192,0.00000000000000000000000000000000019699985850134805,0.00000000000000000000000000000000000879229193212811,0.00000000000000000000000000000000000036494833213346617,0.000000000000000000000000000000000000014100574216496777,0.00000000000000000000000000000000000000050751625865091585,0.00000000000000000000000000000000000000001702757727255935,0.00000000000000000000000000000000000000000053281847541420584,0.000000000000000000000000000000000000000000015556639247918279,0.0000000000000000000000000000000000000000000004239380295003938,0.000000000000000000000000000000000000000000000010785312610671345,0.00000000000000000000000000000000000000000000000025618521345431103,0.00000000000000000000000000000000000000000000000000568154499197036,0.00000000000000000000000000000000000000000000000000011759012628025256,0
0,0.000000000000000000000000000000000000000000000000004338314775148539,0.00000000000000000000000000000000000000000000000020084008364157117,0.0000000000000000000000000000000000000000000000086836559295906,0.0000000000000000000000000000000000000000000003507990320588957,0.00000000000000000000000000000000000000000001323998722369759,0.0000000000000000000000000000000000000000004667827704600695,0.000000000000000000000000000000000000000015368093929719027,0.00000000000000000000000000000000000000047232193428330945,0.000000000000000000000000000000000000013544369555081744,0.00000000000000000000000000000000000036218092179089037,0.000000000000000000000000000000000009024739309995965,0.0000000000000000000000000000000002093791752829551,0.000000000000000000000000000000004518754007312806,0.00000000000000000000000000000009062206634157909,0.0000000000000000000000000000016868140154466675,0.00000000000000000000000000002910365460911929,0.0000000000000000000000000004647738534569045,0.000000000000000000000000006858831096288372,0.00000000000000000000000009336895958014589,0.0000000000000000000000011701814641414942,0.000000000000000000000013473363077050715,0.0000000000000000000001421867387003095,0.0000000000000000000013718288876060019,0.000000000000000000012067043309213974,0.00000000000000000009648631649209995,0.0000000000000000006990349950157493,0.000000000000000004573074922973571,0.000000000000000026916246111842142,0.00000000000000014199394076700918,0.0000000000000006687941961019283,0.000000000000002801704734250529,0.000000000000010401758988185736,0.00000000000003412130791142494,0.00000000000009868737678972203,0.00000000000025148507619194253,0.0000000000005653587154514959,0.0000000000011253942176239474,0.0000000000019964335357171716,0.0000000000031855151647616196,0.000000000004625641983933732,0.00000000000619687649286198,0.000000000007772714968647029,0.000000000009260289457930628,0.000000000010611219849436463,0.000000000011805856325193643,0.000000000012831028622517328,0.000000000013667709642006988,0.000000000014291051504639662,0.00000000001467664069827188,0.000000000014806889376269115,0.000000000014674752144757372,0.00000000001428403390484284,0.000000000013646060922906467,0.00000000001277317898881436,0.000000000011672246254132956,0.000000000010345478416133259,0.000000000008806274441872843,0.0000000000071071785294959285,0.000000000005359877074554944,0.0000000000037222384460663935,0.0000000000023485157464426098,0.0000000000013308970964401495,0.0000000000006713792003658445,0.00000000000029961727173553296,0.00000000000011787492319207732,0.00000000000004083716032754032,0.000000000000012468857797254744,0.000000000000003362749023914146,0.000000000000000803546318514652,0.00000000000000017074685288649036,0.000000000000000032389039545034335,0.0000000000000000055060786582661944,0.0000000000000000008420612745534543,0.00000000000000000011627577777324777,0.00000000000000000001454712940566783,0.0000000000000000000016542767632843703,0.00000000000000000000017150694856573146,0.00000000000000000000001625543481347454,0.0000000000000000000000014120941135355563,0.0000000000000000000000001126913526018991,0.000000000000000000000000008279558064392048,0.0000000000000000000000000005611258840531198,0.00000000000000000000000000003514158430313098,0.000000000000000000000000000002036998434608526,0.00000000000000000000000000000010944661905801287,0.000000000000000000000000000000005457927972162764,0.0000000000000000000000000000000002529179326235664,0.000000000000000000000000000000000010902211548303945,0.00000000000000000000000000000000000043755882229129465,0.000000000000000000000000000000000000016364323646894355,0.0000000000000000000000000000000000000005706942545512123,0.000000000000000000000000000000000000000018569896460283567,0.0000000000000000000000000000000000000000005640616335114153,0.000000000000000000000000000000000000000000015999998287240622,0.0000000000000000000000000000000000000000000004239453750968045,0.000000000000000000000000000000000000000000000010494745875690253,0.0000000000000000000000000000000000000000000000002427371788998496,0.000000000000000000000000000000000000000000000000005243514043476708,0
0,0.0000000000000000000000000000000000000000000000001802140150261949,0.000000000000000000000000000000000000000000000007999853582182152,0.0000000000000000000000000000000000000000000003318903602071351,0.000000000000000000000000000000000000000000012873354313166266,0.0000000000000000000000000000000000000000004667827704600695,0.000000000000000000000000000000000000000015818376792636044,0.0000000000000000000000000000000000000005008268623163075,0.000000000000000000000000000000000000014808218862370395,0.0000000000000000000000000000000000004086713090529582,0.000000000000000000000000000000000010520173874336149,0.00000000000000000000000000000000025242007041729495,0.000000000000000000000000000000005640317730317951,0.00000000000000000000000000000011725685999246228,0.0000000000000000000000000000022654351076851948,0.000000000000000000000000000040626739638105445,0.0000000000000000000000000006753502826876825,0.000000000000000000000000010390841650192871,0.00000000000000000000000014772660008428621,0.0000000000000000000000019371561446200492,0.00000000000000000000002338327783234485,0.0000000000000000000002592617534862827,0.0000000000000000000026341301191258645,0.000000000000000000024461707783467435,0.0000000000000000002070525057646078,0.0000000000000000015926430570205153,0.000000000000000011097081870859967,0.0000000000000000698029720649838,0.0000000000000003949702333407315,0.0000000000000020030150602069455,0.000000000000009070544564836717,0.00000000000003654884044106791,0.0000000000001306249524309699,0.00000000000041305430500186933,0.0000000000011539910693084188,0.0000000000028488535061378836,0.0000000000062278849670935875,0.000000000012110602113028298,0.000000000021094549145579265,0.000000000033219364564411095,0.00000000004783352697134238,0.00000000006378913457038805,0.00000000007985703951968746,0.00000000009509679364876324,0.00000000010897757012668037,0.00000000012125641368758287,0.00000000013177787157997973,0.00000000014034823164794017,0.0000000001467234106981314,0.00000000015066303202195779,0.0000000001519921845402315,0.0000000001506389055828286,0.0000000001466369474489964,0.00000000014009174504676902,0.00000000013111797067715327,0.00000000011978501794023588,0.00000000010614115656593386,0.00000000009037527886339643,0.00000000007306968037539729,0.000000000055355746728496185,0.000000000038768240031002546,0.000000000024785976722289936,0.000000000014307189998967894,0.00000000000738908730637679,0.0000000000033914712287891898,0.0000000000013774564157207218,0.0000000000004940809883965991,0.00000000000015651126607530026,0.00000000000004385076002471752,0.000000000000010894551089787329,0.000000000000002407941957986846,0.000000000000000475164838090832,0.00000000000000008402696201446592,0.000000000000000013365216681500494,0.0000000000000000019189964948250402,0.00000000000000000024957281039313966,0.00000000000000000002949457802873706,0.0000000000000000000031769678536882268,0.0000000000000000000003127655562997954,0.000000000000000000000028214861168091176,0.0000000000000000000000023378596112067835,0.0000000000000000000000001783136628199915,0.000000000000000000000000012544141639694111,0.000000000000000000000000000815411628600273,0.000000000000000000000000000049058196642724947,0.0000000000000000000000000000027358859853503555,0.0000000000000000000000000000001416207838728586,0.000000000000000000000000000000006812881206387612,0.00000000000000000000000000000000030492023893230302,0.000000000000000000000000000000000012709176374271913,0.0000000000000000000000000000000000004937397540675753,0.000000000000000000000000000000000000017891792726680008,0.0000000000000000000000000000000000000006051508031933282,0.000000000000000000000000000000000000000019114413616557243,0.0000000000000000000000000000000000000000005640728977873485,0.000000000000000000000000000000000000000000015557218380424115,0.00000000000000000000000000000000000000000000040110056790283025,0.000000000000000000000000000000000000000000000009668471535686678,0.0000000000000000000000000000000000000000000000002178112611284722,0
0,0.000000000000000000000000000000000000000000000006973640833622002,0.000000000000000000000000000000000000000000000297050556274608,0.00000000000000000000000000000000000000000001183273434762249,0.0000000000000000000000000000000000000000004409371840694144,0.000000000000000000000000000000000000000015368093929719027,0.0000000000000000000000000000000000000005008268623163075,0.000000000000000000000000000000000000015254921985285703,0.0000000000000000000000000000000000004340851140299664,0.000000000000000000000000000000000011532583373675318,0.0000000000000000000000000000000002858675221000998,0.000000000000000000000000000000006606070591585279,0.00000000000000000000000000000014218954631757335,0.000000000000000000000000000002847699670372103,0.00000000000000000000000000005300616743035484,0.0000000000000000000000000009158256692249639,0.000000000000000000000000014667076912934373,0.00000000000000000000000021739371979310117,0.000000000000000000000002977047175359536,0.000000000000000000000037596945892292475,0.0000000000000000000004369847462850024,0.000000000000000000004664092651520325,0.00000000000000000004560506621492665,0.0000000000000000004074515914513475,0.000000000000000003316957999088251,0.00000000000000002453020811706406,0.00000000000000016427532591928693,0.0000000000000009928691710150721,0.000000000000005396898407111773,0.000000000000026289994718772604,0.000000000000114372393665084,0.0000000000004429275608709882,0.0000000000015227774786275718,0.000000000004638782276699823,0.000000000012512464306583624,0.00000000002991460214205092,0.00000000006358237504501171,0.0000000001207754659998137,0.00000000020654927736569442,0.0000000003210032865821513,0.0000000004582860205922298,0.0000000006082464153060308,0.0000000007598524362131557,0.0000000009043219162979104,0.0000000010363243288108775,0.0000000011531643403122459,0.0000000012531501864407227,0.0000000013344356411595054,0.000000001394799928044401,0.000000001432060065721374,0.0000000014446117926795707,0.0000000014317742600073996,0.0000000013938125465330854,0.0000000013316212887643507,0.0000000012461832834669684,0.000000001138174572080078,0.0000000010083244103557496,0.0000000008589099919872281,0.0000000006958250419879926,0.0000000005296364063236653,0.00000000037412597160038885,0.00000000024239327759568303,0.00000000014252188310055515,0.0000000000753635413366772,0.00000000003558245376414539,0.000000000014924813377219693,0.000000000005545426609349687,0.000000000001823634826148117,0.000000000000531193994427121,0.00000000000013732286589793096,0.000000000000031595225817603697,0.000000000000006491013719814138,0.0000000000000011949255215478963,0.0000000000000001978137739305348,0.000000000000000029551845920410427,0.000000000000000003997544278604665,0.000000000000000000491219273466114,0.0000000000000000000549969898833092,0.000000000000000000005626044784480531,0.0000000000000000000005272285201000284,0.0000000000000000000000453701648316272,0.000000000000000000000003593180180102286,0.0000000000000000000000002624263895117859,0.000000000000000000000000017707784639518714,0.0000000000000000000000000011058278269992862,0.00000000000000000000000000006401029768322782,0.000000000000000000000000000003439234183262494,0.0000000000000000000000000000001717415218763954,0.000000000000000000000000000000007979714702087908,0.0000000000000000000000000000000003453363885683349,0.000000000000000000000000000000000013932681592813786,0.0000000000000000000000000000000000005244584703286372,0.000000000000000000000000000000000000018431984103005884,0.0000000000000000000000000000000000000006051647314970228,0.000000000000000000000000000000000000000018570693186362292,0.000000000000000000000000000000000000000000532850449859241,0.000000000000000000000000000000000000000000014299892598451318,0.0000000000000000000000000000000000000000000003590010848017387,0.000000000000000000000000000000000000000000000008428329088557575,0
0,0.00000000000000000000000000000000000000000000025134999341123434,0.000000000000000000000000000000000000000000010280405080087697,0.0000000000000000000000000000000000000000003934239034766138,0.00000000000000000000000000000000000000001409203014230771,0.00000000000000000000000000000000000000047232193428330945,0.000000000000000000000000000000000000014808218862370395,0.0000000000000000000000000000000000004340851140299664,0.00000000000000000000000000000000001189103471811826,0.0000000000000000000000000000000003042002730770087,0.000000000000000000000000000000007262283504123687,0.0000000000000000000000000000001616565368722261,0.000000000000000000000000000003352008746511824,0.00000000000000000000000000006467619266066153,0.000000000000000000000000001159830650186002,0.000000000000000000000000019305624717139073,0.0000000000000000000000002978395094375413,0.000000000000000000000004252048092549446,0.00000000000000000000005607562520491899,0.0000000000000000000006818413524015297,0.000000000000000000007628258554538333,0.00000000000000000007834701837546207,0.000000000000000000736912313348407,0.000000000000000006330869897446215,0.000000000000000049538082842243187,0.0000000000000003519942311455353,0.000000000000002263966684630809,0.000000000000013137104351338331,0.00000000000006854023495427873,0.0000000000003204301267223635,0.0000000000013379932957902512,0.0000000000049756815769793965,0.0000000000164418071884521,0.000000000048216197319963766,0.00000000012549647043271924,0.0000000002904546740878059,0.0000000006000963595758107,0.000000001113356151437855,0.0000000018693356214250014,0.0000000028667459889281137,0.000000004057194017647404,0.0000000053579885840958625,0.000000006677939003163381,0.000000007941634115463184,0.000000009100154690255169,0.000000010126545363561069,0.000000011003900534941,0.000000011715775718356192,0.000000012243482889801734,0.000000012568787352164044,0.00000001267816192675772,0.000000012565655548001877,0.000000012233058305676116,0.000000011687249370519755,0.00000001093600817050661,0.000000009985666153453783,0.000000008845228103410188,0.00000000753880920168409,0.000000006120838486182609,0.000000004682049233903522,0.0000000033364088018380128,0.000000002190806638667244,0.0000000013122351038018653,0.0000000007105312322164602,0.00000000034516973082412976,0.00000000014957517167948115,0.000000000057602266007841404,0.000000000019679437997535537,0.000000000005964489668029921,0.000000000001605859796531983,0.00000000000038496597502667604,0.00000000000008241250843959625,0.000000000000015806840146640806,0.0000000000000027256183523711674,0.0000000000000004239761942602693,0.00000000000000005969318798082684,0.000000000000000007631381269730586,0.0000000000000000008885642682766932,0.00000000000000000009449557216881912,0.000000000000000000009202713513256946,0.0000000000000000000008227411373815481,0.00000000000000000000006767575573535318,0.000000000000000000000005132483151755848,0.0000000000000000000000003595626399898823,0.000000000000000000000000023309478124895784,0.0000000000000000000000000014005355039094917,0.00000000000000000000000000007810700297032817,0.000000000000000000000000000004048483767749908,0.0000000000000000000000000000001952623547283083,0.000000000000000000000000000000008772697282185108,0.0000000000000000000000000000000003674948984545783,0.00000000000000000000000000000000001436615452842957,0.0000000000000000000000000000000000005244723915533035,0.000000000000000000000000000000000000017892677706870908,0.0000000000000000000000000000000000000005707337303727965,0.000000000000000000000000000000000000000017029042150121427,0.0000000000000000000000000000000000000000004754415288801495,0.000000000000000000000000000000000000000000012424099979365907,0.00000000000000000000000000000000000000000000030377404504223945,0
0,0.000000000000000000000000000000000000000000008436059078765676,0.00000000000000000000000000000000000000000033150247868709672,0.0000000000000000000000000000000000000000121943946380677,0.00000000000000000000000000000000000000042004504339934396,0.000000000000000000000000000000000000013544369555081744,0.0000000000000000000000000000000000004086713090529582,0.00000000000000000000000000000000001153258337367532,0.00000000000000000000000000000000030420027307700874,0.000000000000000000000000000000007495045262417291,0.0000000000000000000000000000001723566338735404,0.000000000000000000000000000003696007738009477,0.00000000000000000000000000007383351484117425,0.0000000000000000000000000013724769019746331,0.000000000000000000000000023711014668895072,0.0000000000000000000000003801862582706416,0.000000000000000000000005649279540821154,0.0000000000000000000000776653676117706,0.0000000000000000000009861004669376134,0.00000000000000000001154055536115585,0.00000000000000000012422907695580692,0.0000000000000000012271946960132204,0.000000000000000011097386826626274,0.00000000000000009161947065636207,0.0000000000000006886169280673519,0.000000000000004697626311560254,0.000000000000028994346790033144,0.00000000000016138368438991696,0.0000000000008073839702457642,0.0000000000036188600488754522,0.000000000014488983099390156,0.000000000051687918710522534,0.0000000001640119127635061,0.0000000004626419647903735,0.0000000011612035436236737,0.000000002600585249736714,0.0000000052214123016423026,0.000000009460324215937405,0.000000015592448435641915,0.000000023591982944865816,0.000000033091594484397985,0.000000043472867129184637,0.00000005404392538998804,0.00000006421124117794854,0.00000007356542597472507,0.00000008186308298508864,0.00000008894971248328935,0.0000000946887710154532,0.00000009893499738706366,0.0000001015486868863868,0.00000010242533603203792,0.00000010151702965186297,0.00000009883352724983188,0.00000009442244547818725,0.0000000883408373619127,0.0000000806453196976128,0.00000007143138658666942,0.00000006092603830475627,0.000000049587055258603414,0.000000038128388064845,0.000000027414968871453004,0.000000018247503879459204,0.000000011135578294640779,0.000000006175121264505178,0.0000000030873723353938348,0.0000000013828180942766373,0.0000000005523050850956139,0.00000000019618994277603627,0.0000000000619285217765679,0.000000000017382326316722165,0.000000000004346163284154578,0.000000000000970502178890914,0.00000000000019413021511118642,0.00000000000003489893599379138,0.000000000000005657195373143748,0.0000000000000008296420467232873,0.00000000000000011042411327895931,0.000000000000000013379429225511679,0.000000000000000001479968823553696,0.00000000000000000014985429596928222,0.000000000000000000013924082190297236,0.0000000000000000000011899920471527438,0.00000000000000000000009373980624474995,0.000000000000000000000006819547210320213,0.0000000000000000000000004590055055448068,0.000000000000000000000000028630222460534003,0.0000000000000000000000000016574010193308996,0.00000000000000000000000000008917016968891334,0.0000000000000000000000000000044641469320520936,0.000000000000000000000000000000208194716942818,0.00000000000000000000000000000000905417711729491,0.00000000000000000000000000000000036750616224074854,0.00000000000000000000000000000000001393347683815327,0.0000000000000000000000000000000000004937791460604524,0.000000000000000000000000000000000000016365946945388195,0.0000000000000000000000000000000000000005075749756698078,0.00000000000000000000000000000000000000001473618259260069,0.0000000000000000000000000000000000000000004006180432812625,0.000000000000000000000000000000000000000000010195323185837186,0
