0,0,0,0,0,0,0,0,0,0,0,0,0,0,0,0,0,0,0,0,0,0,0,0,0,0,0,0,0,0,0,0,0,0,0,0,0,0,0,0,0,0,0,0,0,0,0,0,0,0,0,0,0,0,0,0,0,0,0,0,0,0,0,0,0,0,0,0,0,0,0,0,0,0,0,0,0,0,0,0,0,0,0,0,0,0,0,0,0,0,0,0,0,0,0,0,0,0,0,0
0,0.0023565422899488606,-0.000668731782834887,-0.02404754457998772,-0.03613434353363661,-0.05533625452878274,-0.07293991127309596,-0.10430022081689719,-0.1436703467593972,-0.16430723247366472,-0.18956980682068691,-0.2126100723443853,-0.2465774501220342,-0.27715633525858474,-0.3018867254311806,-0.31920679810086816,-0.323496302096737,-0.3157179983394228,-0.3075493570786568,-0.3078415671659483,-0.3087327773777881,-0.30326282365304313,-0.27504685534634454,-0.2369185766271345,-0.20818951807999264,-0.1867631852981959,-0.17850917864036236,-0.1708093413715048,-0.14888395275461694,-0.141489120596308,-0.12174237098177407,-0.11054502106696903,-0.08633760483668274,-0.07214579104669407,-0.07015115745582211,-0.08868666116125304,-0.10659378570174513,-0.1229838480323957,-0.1086842400571622,-0.07968831387235033,-0.047521986396518286,-0.01890260564260016,-0.010134747752075339,-0.00844291632782477,-0.006850580222992451,-0.0023027124570306552,0.004406499969144361,0.016790243621686646,0.023770583317124658,0.029611282676716158,0.02746860733298691,0.02033355599138213,0.013898025517356806,0.006917062032745326,0.004257692387658015,0.005220672229372931,0.003820636578346109,0.000027054173213667593,-0.012992152356270312,-0.0447150434043612,-0.0795443119506861,-0.10814784636200768,-0.12360409635900552,-0.1079577188798679,-0.09046567427384296,-0.0712505741423938,-0.07126558256281736,-0.08461661825920752,-0.11008301570958494,-0.12590936354172916,-0.15117213593846981,-0.16145624652966165,-0.18464798202155122,-0.19143841992994098,-0.20044849596073835,-0.22176649570916343,-0.2511564473576961,-0.28761191368743305,-0.3144520766743638,-0.3159691075806057,-0.30963448789485004,-0.2999953464939553,-0.30144846486986837,-0.3040698966671655,-0.29430872328649466,-0.27108057364074534,-0.23602022139946002,-0.1984836194055477,-0.156505545864657,-0.1288476906789475,-0.09940365887788506,-0.07542602652426575,-0.03643154038968635,-0.007417723926183217,0.002016422145232856,0.010520125156286676,0.011373222091775438,0.02450980401233679,0.016236590506124318,0
0,-0.0006687317828676196,-0.011934542887260218,-0.05768364088241728,-0.0859046519040839,-0.11923936833765794,-0.15074556611470744,-0.20411821023478882,-0.2712795606068889,-0.3065752229665235,-0.3482948751232469,-0.39075831490176954,-0.4546105888849241,-0.5166492809734117,-0.5665301657336914,-0.6094753756015648,-0.6249410302553138,-0.6201332201403028,-0.6182556024044016,-0.6272905070193332,-0.6408225291006979,-0.6376267138285704,-0.5934081539339415,-0.5259136136168886,-0.47605759060333425,-0.44239332886699706,-0.42704190721683316,-0.4079599995312565,-0.3580744114069158,-0.3199998551965092,-0.26317534733768316,-0.226202214446063,-0.17273092672151366,-0.13129184540990407,-0.1145342022270238,-0.13131626297792462,-0.15511003221826103,-0.17604091429576396,-0.14111811539331312,-0.08428505224891869,-0.0231893431069556,0.031376274782509546,0.053945658842575475,0.06101238891464192,0.07495247658301872,0.09239391236518774,0.11285501548174087,0.13434916474588077,0.13841851643121234,0.13589528383482613,0.13249526951743587,0.13185788416264768,0.12835628842645255,0.11691933106842763,0.10612353154406319,0.09969080262065233,0.0870851885873122,0.07582568405873244,0.04515388218963386,-0.016616043355047586,-0.08307060356260744,-0.1389274445715584,-0.17477817950682506,-0.15329323150371524,-0.12821931448900611,-0.10844639049491983,-0.12081541033990745,-0.1612249886038502,-0.2202377948484775,-0.2680934485757275,-0.33545225720485916,-0.37855901304024536,-0.4298944621378747,-0.44766284361942493,-0.4640106825348298,-0.4992163160610643,-0.551719640698337,-0.6186855300707302,-0.6618986685429039,-0.6601285969088203,-0.6371212254692964,-0.6106126286814669,-0.6003944538332883,-0.5945610788186798,-0.5683695636292656,-0.5130878669496246,-0.44198408041506576,-0.36469931316259874,-0.2835909023772063,-0.22910454918177608,-0.1763917415877225,-0.13107365106085447,-0.061763533352051224,-0.010545729521966401,0.006569708103038026,0.018479401124908118,0.02353595915484306,0.045442522771585565,0.031179674310556002,0
0,-0.024047544579966485,-0.05768364088244427,-0.129259934969479,-0.17257062753191477,-0.21402201934005533,-0.24945987578913117,-0.31621467011366494,-0.40595505767155576,-0.4588366449301604,-0.5168679977196746,-0.5777893472630734,-0.6617363921914755,-0.7387581547432399,-0.8039721307877962,-0.8574808989833858,-0.8812714654535512,-0.877090876205905,-0.8758116147140491,-0.8848295934501956,-0.8911611945510293,-0.8797038554435855,-0.8176302162435802,-0.7369519140946604,-0.6853621487298587,-0.6606005857498277,-0.6557911305291029,-0.6328648481017776,-0.5656248792779112,-0.5170744593663947,-0.4476394868235562,-0.406353352967851,-0.34290657880192366,-0.3014600975602956,-0.2891195973082298,-0.3145589853267739,-0.34141327081144907,-0.3643114731341582,-0.31562469300560986,-0.24144944767796875,-0.16659700494546154,-0.09815399435056481,-0.06607014714547849,-0.045187132308213265,-0.011597390188758532,0.026297746152735058,0.05403192552345047,0.07889193186811476,0.08302986423910486,0.07984052586221405,0.07388161969571495,0.0716378677541967,0.06947318166329663,0.06113859263380967,0.048402678760737367,0.026842385970958567,-0.004605977861931355,-0.032314618272823156,-0.07713284131346398,-0.15619107282075764,-0.23932381458523305,-0.31338653783090303,-0.3646757019125203,-0.3425983001695176,-0.3141338193072665,-0.28477134414715927,-0.29155083702673157,-0.33207048772710285,-0.404412832907357,-0.4636897231092744,-0.5509716161705263,-0.6081830227182214,-0.6770482059054249,-0.6947470265696767,-0.6979181344958181,-0.7222087316912392,-0.7755880410094002,-0.8535645259450548,-0.9121085358727341,-0.9136145085045899,-0.8914746237206885,-0.857273758118699,-0.8412466178146767,-0.8321322252865235,-0.7937765118347171,-0.7223305013566227,-0.6269316362431703,-0.5267881689407573,-0.4190151669357335,-0.3416182206580352,-0.2686258598813818,-0.20292417318095518,-0.10985342819788241,-0.045593596746361584,-0.02865471689925186,-0.01623027663165504,-0.006309546252745348,0.03044043791049572,0.024660962844639988,0
0,-0.03613434353359109,-0.08590465190408121,-0.17257062753188965,-0.2378882094434397,-0.29725198211922577,-0.34760742055077404,-0.438788898383188,-0.5557911211876725,-0.6288349750445309,-0.7023668727421777,-0.7728549724078813,-0.8658741548261141,-0.9509863383488069,-1.0219936002438035,-1.0869471533008284,-1.1160675997492986,-1.121483605293457,-1.1331238478183583,-1.155211719696025,-1.1723648882828663,-1.1602006371977582,-1.0854020271573344,-0.9827611427717748,-0.9084501174036824,-0.874663549259971,-0.8693863570734099,-0.8384576886824345,-0.7552203049799775,-0.6812782670482508,-0.587876171439176,-0.5283489857170753,-0.4484836677427299,-0.3872295639854986,-0.36753155209785837,-0.38625986127403916,-0.4164336855880668,-0.43398750150037385,-0.36952754045434416,-0.26667029396466796,-0.1696193230258479,-0.08121378760510935,-0.04028552615630805,-0.017667433767114427,0.01957809085284279,0.06913768916324217,0.10958659215370598,0.14716608253837624,0.1558343599062928,0.14544270891312583,0.138292204650024,0.14015319006213472,0.13431351750883067,0.11694692767828128,0.09739659470969174,0.0686508744313638,0.036453326663496044,0.005326325097993756,-0.05111658367745328,-0.15372519845946284,-0.26216441776396204,-0.36694718109152347,-0.43556921133101145,-0.420351149818537,-0.38820640852700244,-0.36377466451517987,-0.3752854591368267,-0.4339322288949306,-0.5246042319365108,-0.6074177103515149,-0.7223452099015242,-0.8070685069214675,-0.8918856150106801,-0.9170248384988043,-0.9184035149515791,-0.9511390123910116,-1.0266386011190247,-1.1263029677720005,-1.19773043905967,-1.1983374174085193,-1.1615905639238326,-1.1081696869003836,-1.0732824338387543,-1.0494116351821026,-1.000325707042127,-0.9098015721103184,-0.8005559683369506,-0.6850730614072207,-0.5638910724006749,-0.47392353163281203,-0.38375865551486854,-0.29799845723838697,-0.17905618169498214,-0.09377965785695022,-0.0662442924277424,-0.04345579043315035,-0.020221754106279806,0.023645689354961804,0.024064658810825902,0
0,-0.05533625452876327,-0.11923936833765299,-0.21402201934000772,-0.2972519821192399,-0.36315229754792094,-0.4297076173531166,-0.5400478294919094,-0.6828247373516271,-0.791461690115015,-0.8813316227304059,-0.9732470084947559,-1.0774974952307352,-1.1709370793731353,-1.2519271980993532,-1.325483537168913,-1.3603099041720064,-1.3676498044428111,-1.38912582572725,-1.4119590929065047,-1.4252429243971192,-1.4060694911140703,-1.3211252268023672,-1.1982824429895962,-1.1032673883033746,-1.0644276854523347,-1.0518039408105082,-1.0105908661571765,-0.9264779599737021,-0.8375532016140502,-0.7352309610713071,-0.6612880868327319,-0.572240568931657,-0.5060854634519335,-0.488077126214873,-0.5063452793831693,-0.5413717228463085,-0.5574771052759818,-0.4729934945527161,-0.3451814677819326,-0.21955022104561242,-0.10882878607697617,-0.050065400235713826,-0.028499214467805283,0.012957542408211857,0.0674868763778625,0.11219152706683927,0.15678380403126585,0.18115733650197768,0.17639307052235606,0.16852231436694365,0.16251872930189287,0.14135533961714694,0.12096461901641796,0.10319097369772497,0.07319756998490105,0.03935970321842597,0.008374627940947722,-0.06844085295768691,-0.1969933548104447,-0.33658993101882784,-0.46950080806587013,-0.5616416281788021,-0.5513440701047616,-0.5157807849651036,-0.4921702169293335,-0.5009951965133972,-0.5619685208505489,-0.6628442515210842,-0.7618811801617469,-0.8879506384446763,-0.9900638917815798,-1.0765443626708369,-1.109227287951795,-1.1130138823908928,-1.1473473608490035,-1.2396360723245017,-1.3576924477703993,-1.4369719559170406,-1.4440684698862218,-1.4072226321686858,-1.349141568448322,-1.301062135329278,-1.2718123681843814,-1.2131381899975724,-1.1086097974078233,-0.9837012471270727,-0.8545624425208902,-0.7210679454711275,-0.6085941396702079,-0.5030422930304523,-0.38443613688491424,-0.24353871706085767,-0.14248630830782477,-0.10186110404101158,-0.0770876838907354,-0.04063551289409173,0.005082909234160953,0.01372322863695987,0
0,-0.07293991127307527,-0.15074556611467968,-0.24945987578912115,-0.3476074205507516,-0.42970761735308993,-0.5052925097737724,-0.630671186483214,-0.7895164264306958,-0.915769689470609,-1.0198896070742218,-1.1236812838992605,-1.239690611729889,-1.347793776425953,-1.4490514352486883,-1.5357086978206842,-1.5803140290795201,-1.600580146037791,-1.63376735583742,-1.6717135567288461,-1.695060549300932,-1.6822430496491378,-1.598490331695893,-1.4700195835868894,-1.357950999732482,-1.3080762044876881,-1.2943246187362718,-1.242162968047973,-1.1402541263656383,-1.0238308659328264,-0.8971699738145316,-0.7930372920001986,-0.6761987840811567,-0.5860905077106151,-0.5545335779626145,-0.5648021500627189,-0.5948037025438526,-0.5964383479776081,-0.4945193881968869,-0.33150961023257836,-0.1715961883993711,-0.03191907260547421,0.04727209309257568,0.0819640919320291,0.12624495434567665,0.18605411317480156,0.23363755331439182,0.28348527006592295,0.3114525211439517,0.3030880171652568,0.29440029130247275,0.2910513548735735,0.26894405118765863,0.24609417220114738,0.22903500415319883,0.1966459601593493,0.16322212707522643,0.11885495692651069,0.01959636480845431,-0.14083260270630968,-0.3182661534422574,-0.49006963189519087,-0.6009707117907399,-0.606395420274491,-0.5754442999627337,-0.559354259617917,-0.5817844297234267,-0.6665545125218382,-0.7951178264757391,-0.9263139836548328,-1.0766643141418497,-1.2045678954400751,-1.3067760322489335,-1.3481999475504203,-1.350288164133797,-1.3933464600897514,-1.5013321879463406,-1.6251147275990383,-1.7051615258358939,-1.7069203027791986,-1.6603453351489934,-1.5871511451099216,-1.5235647837411925,-1.4790282516937348,-1.4063351988896993,-1.28237415618169,-1.1339894395374295,-0.9856931356996458,-0.8392095620875437,-0.7126751700198969,-0.5904610911301331,-0.4548103316681071,-0.29844497307229423,-0.1851098243577482,-0.13662127269434102,-0.09904757074700885,-0.05401916099839001,-0.009365893397478349,0.004499012669799184,0
0,-0.10430022081684044,-0.2041182102347382,-0.316214670113634,-0.4387888983831292,-0.5400478294918672,-0.6306711864832154,-0.7606826488166181,-0.9176589505870598,-1.0481240979693718,-1.146095550506859,-1.2443906745912345,-1.3559354592711788,-1.4659512626427342,-1.5732545374340254,-1.6663485725916236,-1.7110362103024548,-1.735963242547029,-1.7795416208452035,-1.8249389928728035,-1.8573829933334485,-1.8581902855275476,-1.7988961002024868,-1.6831422802132305,-1.5792601261371075,-1.5438669242496423,-1.5391181549735276,-1.4941951697553606,-1.404387516659404,-1.2766514261433257,-1.1387873689591064,-1.0141915562262034,-0.8903934156576827,-0.792528855497025,-0.7529754924343068,-0.7517376594096621,-0.7788841081020623,-0.7718059351805577,-0.6553556531918814,-0.4707440286483143,-0.2832954541328801,-0.11707596783103556,-0.00995643299265121,0.0392184412696034,0.0976825920186678,0.16804725071867246,0.22127252810480552,0.26712356321096753,0.29325706736176066,0.2814970694819169,0.27435826674557073,0.2751760102914773,0.25604121681204706,0.23885732608973528,0.2211208610238271,0.17984058144010262,0.13380385538461442,0.07420662443318113,-0.05550160029357779,-0.2468070111039938,-0.45461875977591154,-0.652099937011687,-0.7797305118643194,-0.7947548298515343,-0.7668023170561478,-0.7625549521296344,-0.7942547232822464,-0.8890341917833924,-1.027873399379174,-1.1797561224812816,-1.3385464532314018,-1.475369754067278,-1.5629474023817895,-1.5947339722228395,-1.583943890377625,-1.610443380335759,-1.7080852565737414,-1.8182394821911538,-1.872256286321025,-1.8601314559503377,-1.8013239089465072,-1.7190601018221017,-1.6424973750331495,-1.5898983853667479,-1.5141198610084539,-1.379991746504024,-1.224347533127879,-1.0730561689349347,-0.9321863248877101,-0.8099046235953566,-0.6927313111466405,-0.5535964831241611,-0.4010565484122353,-0.28570324644045175,-0.22393032192682166,-0.17008732350125716,-0.10479247665400136,-0.05214332081477457,-0.021239322717090503,0
0,-0.1436703467594126,-0.27127956060686786,-0.40595505767154266,-0.5557911211876491,-0.682824737351616,-0.7895164264306906,-0.9176589505870563,-1.0653196814483925,-1.1933106438059877,-1.2817529584484795,-1.370279465833579,-1.465780539857391,-1.5637315968430636,-1.6646409182070019,-1.7445720783531777,-1.7834630228435389,-1.80983661242451,-1.8593300577274048,-1.9088675463447602,-1.9443750893685905,-1.9554106986190765,-1.9205307753991052,-1.8294733184496914,-1.7496215666356933,-1.737401249897155,-1.7554511758338982,-1.7309920800432255,-1.656726991436699,-1.5341426131026539,-1.4053317679243869,-1.275751602584103,-1.150484525590116,-1.0524265948657825,-1.006741788258616,-1.0025007141890956,-1.018616514135885,-0.9980556642664714,-0.8670218515582192,-0.6684396846743785,-0.456540322618123,-0.2726105025309046,-0.1400388932579865,-0.06853662484523983,0.009797552135693754,0.08998131303317267,0.1530663410466446,0.20148117058517426,0.2294995865675784,0.21967157518311356,0.2124622008014914,0.2135200952426089,0.1965855219972446,0.18038645905980596,0.15577046653475612,0.10517166149334113,0.03843768972932444,-0.04472410652114012,-0.20243181053989365,-0.4146536809023787,-0.6499464197514669,-0.8663922576386845,-1.012173945704578,-1.0426668193218127,-1.0266904507058157,-1.0254258456419245,-1.0638298114401334,-1.1596076454652753,-1.3011100791246344,-1.4581773238583664,-1.607544553826181,-1.7367083096695264,-1.8059283540328614,-1.8143881277370368,-1.7783639017141015,-1.778899588426396,-1.8499786217271819,-1.9332021843025446,-1.95788559535719,-1.9311553119055465,-1.8639092606093293,-1.7754516854928777,-1.6903571673030005,-1.6344247018384421,-1.562091699350733,-1.4386583455025381,-1.2903318482121966,-1.1533935506735205,-1.0328319848715939,-0.9236563468210424,-0.8191969864471796,-0.6867363781203825,-0.5484648451033751,-0.43876566634154135,-0.3630925628809245,-0.28456347323159153,-0.19342938045870525,-0.1200485845416387,-0.06145333680695232,0
0,-0.16430723247368684,-0.30657522296650797,-0.4588366449301495,-0.6288349750445429,-0.7914616901149982,-0.9157696894705659,-1.04812409796937,-1.1933106438059882,-1.3189927657845102,-1.415675876988467,-1.4987910346789166,-1.5873059982625368,-1.681402486158205,-1.7843562247193792,-1.8592536016328378,-1.898597529750245,-1.9358578532899229,-1.9866856438300327,-2.039354884483142,-2.0752724000928886,-2.097023236273527,-2.07804289980113,-2.0006560965404527,-1.9264602611920927,-1.9037001768989459,-1.920700717843586,-1.9045854941550324,-1.829733721807508,-1.703696331483229,-1.561591837603651,-1.4125239117281954,-1.275372147467614,-1.1654997509007998,-1.0963241378417685,-1.074953127481158,-1.0699039779957686,-1.0275338741872089,-0.8887532532766075,-0.6753708639467175,-0.44126540469956393,-0.2330350546529516,-0.07983412819778044,0.017177511307866544,0.10526132502096262,0.19127528358565413,0.2653889917120721,0.32510229110199895,0.3575223462298107,0.35601476539020704,0.34973586658709305,0.3459298916275853,0.3277667101486435,0.30170834174000694,0.2683297489957487,0.21315878004544914,0.1352334854442253,0.02475173730339319,-0.1569235546449823,-0.3971029733606762,-0.6582637948582357,-0.8937103527167625,-1.049476937311445,-1.1023591319357007,-1.106911310212324,-1.1201721688871067,-1.1795371332537714,-1.2866916103298145,-1.4372575876466647,-1.6111487807988734,-1.770491380288681,-1.89947610474665,-1.9670525875459874,-1.9661121651836988,-1.9298992392630605,-1.9378235176197924,-2.0027196019055227,-2.071332308290439,-2.0790426323586524,-2.0383718602283003,-1.9686979609676287,-1.8772496978973492,-1.7899808427660242,-1.7244418476618562,-1.6521907615549982,-1.534402554163503,-1.3883867561514636,-1.2599370555814862,-1.1506920842750314,-1.0510917788018295,-0.941068670101364,-0.8150302383829608,-0.6829769072327249,-0.5729609289502581,-0.4812913790342425,-0.36669960128263235,-0.25613027785484815,-0.1634980019474792,-0.08834350902210931,0
0,-0.1895698068206914,-0.34829487512329244,-0.5168679977197089,-0.7023668727421718,-0.8813316227304181,-1.0198896070742003,-1.1460955505068415,-1.281752958448462,-1.4156758769884457,-1.527050270875729,-1.6162891053649049,-1.702911667112705,-1.7995246968093725,-1.9000030397881733,-1.972913137892434,-2.010783784358426,-2.0486537020131155,-2.097624220047299,-2.1374459784512614,-2.1644818140641084,-2.188170094962496,-2.1886314171453964,-2.125436782298403,-2.067143078228292,-2.0543742169078034,-2.0738099370805743,-2.070339947023521,-2.009957319375843,-1.8872482485799758,-1.7414195226824096,-1.5798604706412136,-1.4463166330304742,-1.3397003305188766,-1.261559557466834,-1.2227690136570037,-1.1952258964082425,-1.1325738587051508,-0.9777342456392224,-0.7557916545928203,-0.4993151564120473,-0.2653582421253692,-0.07925347369380202,0.04456665423727709,0.15569354955093237,0.2509804030883978,0.3384564993868877,0.4020337474355992,0.44250671713660233,0.4583897251282626,0.4544102507466677,0.4379852448641606,0.4149253289478357,0.38613193840344856,0.3414596696117187,0.2765203962858307,0.17343720544957694,0.03492534488327834,-0.1825559297905351,-0.4533924242494126,-0.7403285810311024,-0.9890721361109588,-1.1641437818098543,-1.2369351292242918,-1.2633500272227907,-1.2915465011660345,-1.3572030979342125,-1.460050441387776,-1.6051323234854578,-1.7861326558048156,-1.9464211254743022,-2.070773694278196,-2.121889550074696,-2.107285415171206,-2.0661440910450874,-2.060635098302766,-2.106966194900917,-2.160040959953624,-2.1446245094602485,-2.0999726258499685,-2.03592984734722,-1.9572870397032092,-1.8741596864336854,-1.8080797946044163,-1.7396627494822934,-1.6276055569510015,-1.4890858494152728,-1.3659392126487804,-1.2647733295928605,-1.164965953089445,-1.0470486630947309,-0.9178214434688163,-0.8008637497685334,-0.6995915463966002,-0.5943833209474304,-0.4606648546682346,-0.3302101600126076,-0.21985407367853932,-0.12182759377241631,0
0,-0.2126100723444212,-0.3907583149017915,-0.5777893472631038,-0.7728549724078618,-0.9732470084947503,-1.1236812838992432,-1.2443906745911715,-1.370279465833528,-1.4987910346788662,-1.6162891053648976,-1.6988601141283073,-1.766923692066138,-1.8525063585073,-1.9484942886865875,-2.005221553631719,-2.038652469811302,-2.0824834160999273,-2.1289207991040806,-2.1708517624034656,-2.209901112743369,-2.258778341094962,-2.28214383210122,-2.2519497978021907,-2.226163461291888,-2.222246569380236,-2.262761382908812,-2.2907990114850234,-2.2391801509402876,-2.1221487988422374,-1.9777895166717123,-1.8177660238241107,-1.6930591705254827,-1.5910113820910388,-1.5032132509108271,-1.4588241691188972,-1.4112350254930455,-1.3225256072265525,-1.1567139260708497,-0.9195740646329968,-0.6317472420574346,-0.36443969763438,-0.14926853939528648,0.0147100599726056,0.14779313351798642,0.25024276559407693,0.3539581320237509,0.43477731202013414,0.4767402108133427,0.4962604853400972,0.49406212377850256,0.4803223676979622,0.460600463755023,0.41408049349590753,0.351527579806356,0.27907237715112987,0.15207800729909945,-0.026914895359177793,-0.2743167043798726,-0.5821028025896418,-0.9060118750674339,-1.1745008955025735,-1.3622855056837728,-1.460464550363005,-1.5048373184526869,-1.5356472999078938,-1.6095278791638001,-1.7075094812169396,-1.8397612927845464,-2.0156701486968895,-2.1716502659969934,-2.2863651197287385,-2.3273283819218475,-2.283088369089153,-2.2220396918901293,-2.204253804115956,-2.2164590520188763,-2.2353855541851,-2.194689302089184,-2.1219346858985326,-2.0462583365248275,-1.966469706473413,-1.885718172118073,-1.8145067106604653,-1.7507673889707491,-1.6576532789153464,-1.5308127121858368,-1.4255677672135145,-1.347574732010821,-1.2599417894808267,-1.1406860557756948,-1.021533886435903,-0.9186261613801132,-0.8265824534945849,-0.7106416013674098,-0.5523245388531101,-0.40876253923433137,-0.27651160556800347,-0.1544763331175751,0
0,-0.24657745012204085,-0.45461058888492845,-0.661736392191503,-0.8658741548260989,-1.0774974952306955,-1.2396906117298512,-1.3559354592711235,-1.4657805398573769,-1.5873059982625406,-1.7029116671126767,-1.7669236920661038,-1.8062231254941887,-1.869921134178148,-1.944766743956418,-1.9792574132011087,-2.0013890798396745,-2.0438493071416506,-2.0908801854496804,-2.134739791480662,-2.185866427107183,-2.262821947416246,-2.322188947358488,-2.3350545119737265,-2.3535101528812645,-2.3793122194936305,-2.440449629542911,-2.4955743182888646,-2.475307127836724,-2.386834851036736,-2.258316827596372,-2.1095518584283113,-2.007666618025681,-1.925791786595249,-1.8407887650943044,-1.7883331233444275,-1.724974840130826,-1.6182874054463583,-1.4373358193870647,-1.1797267151386506,-0.8567113335006785,-0.5474230179422294,-0.2938568580533875,-0.0939262787712692,0.06571850086802639,0.1870181462468726,0.30790601088290054,0.3985985803396834,0.4532674122078518,0.49595615957989286,0.49653787765167723,0.46517574466115835,0.43538946414335217,0.3784243051750951,0.29830300386420133,0.20627504124778878,0.05109762994025072,-0.16357687138664398,-0.4492338757337066,-0.8008099940865333,-1.1627912703778425,-1.4559967059585,-1.662317055573976,-1.7791009138346432,-1.838061205596437,-1.87429936671053,-1.9441617735169698,-2.023172184261511,-2.130260500247443,-2.2893886046852314,-2.427108327330869,-2.513077356719307,-2.5231558229759137,-2.4535850211080703,-2.372088662052817,-2.3212326192105404,-2.285870532718,-2.2584389578994837,-2.1776767643149633,-2.073847306951848,-1.9854096295853627,-1.9059898792167296,-1.8268754547302888,-1.7569868095957903,-1.7055085737411937,-1.638703026307035,-1.540089837968524,-1.4642106040784841,-1.419917662963851,-1.3557946666048213,-1.2443233839613248,-1.1367882576433437,-1.0541830949195137,-0.9708305071917441,-0.8443714669945945,-0.670552581407673,-0.5120084207279797,-0.3557808249872235,-0.19808498452424497,0
0,-0.27715633525861766,-0.5166492809734157,-0.7387581547432186,-0.9509863383487528,-1.1709370793731153,-1.347793776425919,-1.4659512626427194,-1.563731596843085,-1.6814024861582004,-1.7995246968093737,-1.8525063585072834,-1.8699211341781388,-1.9191019418917612,-1.9742757380272749,-1.990145385376118,-1.9979073996786907,-2.0395976150736006,-2.0819425520396946,-2.115545940365309,-2.1694644619406254,-2.251978553490005,-2.325197186154394,-2.3619552081202753,-2.4049046781155785,-2.4402014427129206,-2.504816524112973,-2.5738386866580574,-2.574912468820819,-2.502498457419132,-2.395747078917561,-2.2652860722126693,-2.187162473852517,-2.1136723008083993,-2.0345251839570313,-1.980004901420924,-1.9121243932980874,-1.7879136877767525,-1.596732780561682,-1.3242177431765325,-0.9742105152075098,-0.6323461090087339,-0.3445373346775904,-0.11126303373833461,0.07179790382267379,0.20510480337376366,0.34751830831016695,0.46011366481555493,0.53026053886199,0.5810224157186429,0.5829960872722748,0.5461273964624082,0.5042349128296293,0.4242369957366837,0.32195336945310504,0.21540007953064808,0.035548157036537846,-0.21188083476877187,-0.5287579782535975,-0.9129634052077904,-1.3038149219278021,-1.6154240506555815,-1.8342658318555864,-1.9690408840359916,-2.030981051089375,-2.066229490165285,-2.1284162648458524,-2.198200149710179,-2.2790374955559867,-2.4162324803730755,-2.529274889191914,-2.596400206558286,-2.582218253933774,-2.5002929515469785,-2.4141720648467566,-2.3505787311939716,-2.28671390808476,-2.232551815608441,-2.133614149452782,-2.022525778098683,-1.9336533895725316,-1.870405933528154,-1.8017686819749186,-1.7352804067940597,-1.701614345644277,-1.6592770580829148,-1.5902454179410128,-1.5378801351376143,-1.5222849836661057,-1.475205270437402,-1.3674274260425783,-1.267019249324126,-1.1986908937147642,-1.116453736285522,-0.9749505516470988,-0.7872554776040573,-0.6124126295193034,-0.4355932314417123,-0.2393873644538989,0
0,-0.3018867254311593,-0.5665301657337108,-0.8039721307878002,-1.0219936002437904,-1.2519271980993285,-1.449051435248679,-1.5732545374340154,-1.6646409182069999,-1.7843562247194076,-1.9000030397881573,-1.9484942886865821,-1.9447667439564238,-1.9742757380272744,-2.0220740727570545,-2.0191280752893954,-2.024031792506691,-2.0639684936492935,-2.090085328451782,-2.098590341200415,-2.1317980859446513,-2.208985968789258,-2.282081349361574,-2.336965792152771,-2.3967830673209156,-2.426431709080777,-2.482020622894839,-2.559613154576446,-2.5855623489220423,-2.5403800844822597,-2.4634595379698845,-2.3577023184428505,-2.307460435371532,-2.2628592461939614,-2.1949766168992486,-2.1464816320390074,-2.0688203463527493,-1.931723094536567,-1.7416686710129943,-1.474204032210921,-1.1104609619289902,-0.7455340979604302,-0.4235332424726527,-0.14837811464593748,0.0655214478186672,0.21530603446443766,0.37070112392956817,0.5010877844737057,0.5908430050809985,0.6562776909049718,0.6595720119142889,0.6116759836611526,0.5514258376023156,0.451758922440938,0.33397480384316097,0.20967505755195298,-0.0021859332344248603,-0.29058850217254717,-0.6395603720484908,-1.0455940207774432,-1.4508811878506056,-1.7584411141728584,-1.9766168836459044,-2.1247956070757543,-2.194628835046245,-2.2221814050308266,-2.274091617724844,-2.315461472482472,-2.365617986306238,-2.473814300105891,-2.5529919687583553,-2.5886517985824002,-2.547760990786692,-2.4561487216530766,-2.378201106354146,-2.3163321824742615,-2.2322846403822245,-2.1572304429526827,-2.0538682551961416,-1.944851221679205,-1.87809354576391,-1.8460182316664309,-1.7991537910443793,-1.7412557242703874,-1.7161537385511556,-1.7018501460735314,-1.6534107518456815,-1.629828635418802,-1.6437624251177374,-1.60884700787333,-1.5096217301779553,-1.411102410932941,-1.3502877764723673,-1.2641666665213993,-1.1019203293548991,-0.8974371176125744,-0.7079182121427079,-0.5074326567600101,-0.2772781304101591,0
0,-0.3192067981008525,-0.6094753756015512,-0.8574808989833742,-1.0869471533008297,-1.3254835371689118,-1.5357086978206613,-1.6663485725915863,-1.7445720783531826,-1.8592536016328671,-1.972913137892408,-2.0052215536316567,-1.979257413201085,-1.990145385376101,-2.0191280752893768,-2.0099382603351343,-2.0132926327042635,-2.0514019735848232,-2.0656646236607252,-2.0579837467302586,-2.0851177140837476,-2.1603003885107217,-2.2540935223804515,-2.333931802945845,-2.410695071772485,-2.459323128191444,-2.524200833311452,-2.617206868150296,-2.6826344164307523,-2.6708427357929434,-2.623847514527711,-2.5439437535114795,-2.528551593256693,-2.514248649176475,-2.4648966626616176,-2.4126505651971386,-2.3230252953528256,-2.1743639249762965,-1.983202517098683,-1.7117841999775514,-1.3321691090123582,-0.9386490611297896,-0.5679716426444283,-0.24933814076621158,0.0011558356818330705,0.18377677897879757,0.36424566335650527,0.5062324233391783,0.6133862043140479,0.695513232018365,0.7025903129643769,0.6432100208226574,0.5674730512497677,0.45384287852088856,0.3081885550994582,0.14768193027733287,-0.10032350142661554,-0.4304009166059983,-0.8259648955264207,-1.2586131909773264,-1.6783119659824202,-1.9905157956248805,-2.2089880059419205,-2.367451468416939,-2.448671471266745,-2.4793953860983575,-2.5145002854226877,-2.5284096851509394,-2.5439781511294615,-2.6224217361080235,-2.6685539553986692,-2.6692436728984976,-2.587238837385026,-2.481647804620816,-2.395628034637133,-2.3155248137693274,-2.212479416585,-2.109723085277913,-1.9819093365104923,-1.8713124901718499,-1.8096783904843305,-1.7988677138910747,-1.767949979739874,-1.7145877805713028,-1.696688244956059,-1.6965039050229247,-1.677357859840814,-1.6810518411948554,-1.7251916573895718,-1.7139731441064916,-1.6246639705082497,-1.5350176791014412,-1.4879101474238068,-1.3971043971736634,-1.220224267441613,-1.001309428101234,-0.7919056432871692,-0.5728109149911326,-0.3078316198347232,0
0,-0.323496302096745,-0.6249410302553322,-0.8812714654535375,-1.1160675997493055,-1.3603099041719964,-1.5803140290795095,-1.711036210302431,-1.7834630228435078,-1.898597529750233,-2.010783784358441,-2.0386524698112827,-2.0013890798396283,-1.997907399678677,-2.024031792506679,-2.0132926327042386,-2.016435687480638,-2.053179530715075,-2.0527930322605927,-2.0350578093636322,-2.0598718255350628,-2.1388382529791534,-2.241359563712168,-2.3389207725607517,-2.4316804639627776,-2.4889284785934174,-2.557276021579356,-2.6698286633008204,-2.763344501004215,-2.774057989698801,-2.7566179460846705,-2.709796875766077,-2.724479996356172,-2.7317928952826382,-2.6904756823486182,-2.6423273199053954,-2.554972895310571,-2.3977690902167494,-2.2119908295640407,-1.9345710458355025,-1.5345571615811915,-1.1080637500268367,-0.699353860877322,-0.3378586813077343,-0.06133370230494111,0.1445978793934887,0.34829259234525933,0.5184843132074681,0.6431986676158263,0.727656164875551,0.7388743912972052,0.6838199417339222,0.5937771401399338,0.45112737793322244,0.27965223704047515,0.09137780275799569,-0.18472858731329234,-0.5561639373749833,-0.9869747535217392,-1.4500793805418721,-1.8890732297036599,-2.206719484041733,-2.4181825759560973,-2.5841682516235416,-2.6627459231333246,-2.690300094354026,-2.7185384312933563,-2.7108419687891105,-2.695102207068555,-2.7387939246883075,-2.751347493555302,-2.7268900157364557,-2.6163793038554695,-2.4929095080372976,-2.405841386489844,-2.318920450968295,-2.20071172589607,-2.0790185725655554,-1.940529425900668,-1.8241581485687366,-1.7678299530925792,-1.7729312223668656,-1.76142814597756,-1.7140004919621807,-1.701179189096034,-1.7102091448154257,-1.703815897785756,-1.727333689219173,-1.7884128535769226,-1.7875922390887256,-1.7040912545907383,-1.6165919163361075,-1.573188683899866,-1.480737045332729,-1.2910842563998877,-1.0604977687147747,-0.8393825128222262,-0.6054574366395835,-0.3226066773041794,0
0,-0.3157179983393968,-0.6201332201402836,-0.8770908762059197,-1.1214836052934805,-1.3676498044427923,-1.6005801460377764,-1.7359632425470117,-1.809836612424457,-1.9358578532899309,-2.0486537020131235,-2.082483416099898,-2.043849307141628,-2.039597615073584,-2.063968493649312,-2.051401973584822,-2.053179530715096,-2.072101286368081,-2.0515972738588677,-2.018938336171392,-2.028650765605224,-2.085957363086412,-2.180552145954237,-2.279525533884108,-2.365261844388395,-2.4235171325873157,-2.4854499725491173,-2.600167468309845,-2.7201511895064487,-2.7708487154015438,-2.7988253289609664,-2.7847702872453093,-2.8251724529276534,-2.8581820068477763,-2.836061852188286,-2.79798392750687,-2.717779815256441,-2.5705955449131785,-2.3999170710072053,-2.1248877992343544,-1.712069095589546,-1.2723099089136154,-0.8375428641382789,-0.45273523015772565,-0.16174834361074578,0.06053987251133974,0.2788826539046467,0.4613635012464021,0.6129041906714505,0.7243943313696936,0.7393853024595939,0.6644865358625591,0.5523127209594069,0.39859492075958003,0.20950797822255016,0.00034621396223011845,-0.2919453486306606,-0.686659765842269,-1.143163261684655,-1.616721116237831,-2.0667037710230733,-2.383081453351528,-2.579814790486933,-2.7352983552350616,-2.807534127731841,-2.82613525339801,-2.83664188361756,-2.8026698292815344,-2.757983821897325,-2.7621853082851797,-2.72498365984313,-2.6589571108263774,-2.520059635891866,-2.392663844398999,-2.312734461347933,-2.2276201317530826,-2.1171876839034267,-1.9953464437241377,-1.8651444190709947,-1.7707572568185908,-1.7338052763002392,-1.7617057070736597,-1.776964904600201,-1.7517649339734949,-1.7465113028801125,-1.7653235773484912,-1.7687765955643182,-1.7987138704105392,-1.86587172409218,-1.8631222671025378,-1.783110364736345,-1.6860825765933847,-1.6392814145552574,-1.538875668262584,-1.3319850260523773,-1.094213969723404,-0.8567502657946133,-0.617134004351596,-0.32389874281521547,0
0,-0.3075493570786482,-0.6182556024043561,-0.8758116147140346,-1.1331238478183507,-1.389125825727234,-1.6337673558374022,-1.7795416208451915,-1.859330057727397,-1.9866856438300338,-2.0976242200472526,-2.128920799104085,-2.090880185449683,-2.0819425520396955,-2.090085328451777,-2.0656646236607323,-2.052793032260614,-2.051597273858848,-2.012082831019089,-1.972978508406667,-1.969628050461947,-2.0028607088475736,-2.0794024372536737,-2.1769406619885596,-2.251775629614296,-2.3075846069969566,-2.370271646903345,-2.500546554498885,-2.6565490846441637,-2.7562169337130404,-2.8296846643101987,-2.8613977931613506,-2.9381658254283884,-2.996216431345167,-2.9959678975592574,-2.9679796396794376,-2.9009000586561484,-2.7536907988345165,-2.5977217687702394,-2.322337734124228,-1.9172061340412503,-1.476160848520758,-1.0341671708348745,-0.6307987635537627,-0.3395500343100711,-0.1019625797504401,0.13496412140926883,0.33985974333502633,0.5128172238101033,0.6417744341311743,0.6628581590623763,0.5787974705733929,0.4494063246369032,0.27430258685390874,0.06549299812909212,-0.16227803965207377,-0.45523551943450236,-0.8675656593012218,-1.3301695650875722,-1.80308931538554,-2.2463502407608176,-2.566521772471697,-2.7506636779063527,-2.907270681302263,-2.968741686381599,-2.9793134114922917,-2.9683484563041187,-2.9098279527951987,-2.826628903733764,-2.7795219417811516,-2.6898352773437915,-2.5722117223992833,-2.3954968412357336,-2.2520873419491063,-2.17172822325063,-2.091961202775925,-1.99387869031458,-1.8740546256358894,-1.7649572629040282,-1.695102611433656,-1.6774516454536332,-1.7192397941644157,-1.7595721787151184,-1.7582367315632312,-1.772061629568423,-1.8076987902791737,-1.8332107919555525,-1.8719949878011564,-1.9425896648653156,-1.945716417938847,-1.8705974430015306,-1.7747715447916381,-1.7201695562689852,-1.6073770326614718,-1.384122534540475,-1.1320886689891168,-0.8765836411182442,-0.6297048022548404,-0.32424670028992475,0
0,-0.3078415671659313,-0.6272905070193443,-0.8848295934502024,-1.155211719696009,-1.411959092906494,-1.671713556728826,-1.8249389928727904,-1.9088675463447404,-2.0393548844831177,-2.137445978451256,-2.1708517624034473,-2.1347397914806323,-2.11554594036529,-2.0985903412004,-2.057983746730296,-2.0350578093636513,-2.0189383361713693,-1.9729785084066722,-1.9332255531723612,-1.9214931241948014,-1.9366428388266754,-1.999827578039099,-2.1037160396930794,-2.1709168824858325,-2.223860848984519,-2.278813225384587,-2.4138816243245724,-2.5958195730938813,-2.732491063704259,-2.849958977086394,-2.9226337950902517,-3.025788137477172,-3.1059318769849726,-3.1340458988934974,-3.1123689727279773,-3.0492339015316827,-2.8912258352236533,-2.743894709682258,-2.476832127688395,-2.0924487337360267,-1.6630592991356403,-1.2236993326673535,-0.8059716730010267,-0.5126171274307325,-0.2640923661515891,-0.015960140164538297,0.20928041308425335,0.40603201973777914,0.551799235106153,0.5790775934275938,0.4870348627073703,0.3399727115507891,0.14724483184488646,-0.07325924773614093,-0.31417430756069115,-0.6078865870119252,-1.0331949950102757,-1.4920520210132666,-1.952480725354052,-2.3765859734739783,-2.6920443250302677,-2.870987915431143,-3.0408651346407027,-3.1013043300854197,-3.1093193328523205,-3.071138657862568,-2.9898587805283983,-2.8785678110187947,-2.785379057993068,-2.645753133443312,-2.4896991805367072,-2.2853680021809377,-2.1362946928865405,-2.0639240249664086,-1.9900007498476122,-1.9004002451920843,-1.775767234912617,-1.6835214775058602,-1.6348599732828588,-1.633297129660733,-1.6833106289774604,-1.7391034952868047,-1.7585450022357327,-1.7880526184817624,-1.8447360537385993,-1.8982273725454257,-1.9483833049543535,-2.018312288885271,-2.018386145219039,-1.9554246691525525,-1.8560758935893797,-1.7937504006476788,-1.6692294962445646,-1.4256152373286894,-1.1689569038836771,-0.8954600979439503,-0.6449862774125059,-0.32720592636884793,0
0,-0.30873277737779214,-0.6408225291006895,-0.8911611945510065,-1.1723648882828714,-1.4252429243970801,-1.6950605493008961,-1.8573829933334447,-1.9443750893685667,-2.075272400092891,-2.164481814064112,-2.2099011127433457,-2.1858664271071517,-2.16946446194063,-2.1317980859446597,-2.0851177140837938,-2.059871825535047,-2.0286507656052044,-1.9696280504619719,-1.9214931241947797,-1.9055140382862423,-1.9000531046507927,-1.9517916256956733,-2.061390056454236,-2.10957511413742,-2.1467170360473653,-2.187838957124444,-2.3105853470366218,-2.5030652565922376,-2.660496983051664,-2.806956696866153,-2.9034224228120364,-3.025501178124725,-3.11938492466053,-3.1758414105431427,-3.15348709228305,-3.094932346891285,-2.9397121397078276,-2.813494045589443,-2.558021516492452,-2.189679182165634,-1.774080118644674,-1.3404299628674294,-0.9245055159913835,-0.6364172785821205,-0.3792660799647116,-0.1194447139552695,0.11502292345846771,0.3296102631552063,0.4897084572275088,0.5237694498929285,0.4261949263318326,0.26885817094913916,0.06976641098838146,-0.1620685991517044,-0.41220680991891884,-0.697222997795982,-1.1215970396013986,-1.574653303985482,-2.02060701295037,-2.4296421856417045,-2.7356569180542922,-2.895473885044907,-3.0658530296103397,-3.125492876378646,-3.137723225634982,-3.073841790488889,-2.9798661190056444,-2.849428711228212,-2.7282500662330342,-2.5547075701974147,-2.376403136026908,-2.158054400507719,-2.0199065979193285,-1.960787325380718,-1.9064565310523016,-1.8353620034100153,-1.7078588407710176,-1.63250057173545,-1.6101024164440936,-1.6217192893862946,-1.6873553340889416,-1.7634684357401875,-1.803750379479433,-1.8424245033542033,-1.9102617052519475,-1.9881336937931022,-2.036945399139442,-2.095958788206304,-2.0815871038516294,-2.0258326619356164,-1.9236251767116408,-1.8531670867772374,-1.7142499089162542,-1.4538145181891606,-1.197512848154672,-0.9080361690906804,-0.6610011337642016,-0.3283762957434241,0
0,-0.30326282365306495,-0.6376267138285918,-0.8797038554435622,-1.1602006371977314,-1.4060694911140963,-1.682243049649135,-1.8581902855275194,-1.9554106986191075,-2.0970232362735692,-2.18817009496252,-2.2587783410949873,-2.2628219474162328,-2.2519785534900105,-2.2089859687892788,-2.160300388510718,-2.138838252979155,-2.0859573630864174,-2.002860708847563,-1.9366428388266328,-1.9000531046507576,-1.8669057884479228,-1.8875840670990702,-1.9864338363632563,-2.011736436953588,-2.029332951640569,-2.049218208782342,-2.151192548673631,-2.3454166012380773,-2.515475753891615,-2.682580663779292,-2.816670605619234,-2.9597321988115586,-3.0768054826125124,-3.158679606043977,-3.1565033584030413,-3.1185556929804057,-2.9893257179631934,-2.8862218548165224,-2.652042033732752,-2.3081370322399453,-1.912103249044133,-1.4904519655727428,-1.086504193955846,-0.8114462073206493,-0.5485255229813402,-0.28409629729384994,-0.040723070068836575,0.18283055458924433,0.3435793845960984,0.3838296263099367,0.2952873084534263,0.13511688647104503,-0.0662509744632888,-0.30234220141634216,-0.5592977129227374,-0.8314771256985566,-1.243912960765436,-1.6840660425854543,-2.1084111873372695,-2.4944952479545472,-2.779656738149473,-2.917441466708563,-3.0661641209368553,-3.1109380708067276,-3.1095183644790803,-3.0239094700691678,-2.9075186123432197,-2.7570228211970345,-2.596146526270038,-2.3978327322646353,-2.2036477672263204,-1.98060607872621,-1.8585075306487342,-1.820936882310525,-1.7897606206109136,-1.7428665845756772,-1.6269477108780406,-1.5870167467738343,-1.5970468808048492,-1.6362808892052685,-1.7253528352859662,-1.8293616901872876,-1.8965637342934343,-1.9363117553256168,-2.012458238577174,-2.1007024455459837,-2.1467332175394747,-2.1810013587082824,-2.1417721655463295,-2.0845298531483745,-1.972656961839408,-1.8887538284200982,-1.7319598646303833,-1.4596332513099461,-1.205625738408763,-0.9114389282507463,-0.6653483172775349,-0.32603309465205155,0
0,-0.27504685534634815,-0.5934081539339378,-0.8176302162435728,-1.0854020271573261,-1.3211252268023355,-1.5984903316958754,-1.7988961002024992,-1.9205307753991399,-2.078042899801155,-2.1886314171454178,-2.2821438321012044,-2.3221889473584696,-2.3251971861543974,-2.282081349361593,-2.2540935223804537,-2.2413595637121464,-2.1805521459541826,-2.0794024372536324,-1.9998275780390817,-1.9517916256956584,-1.887584067099058,-1.8831754915012124,-1.9661086253931706,-1.96252355539553,-1.9514657650086642,-1.9336724743106055,-2.001924000071363,-2.1903829074185435,-2.371629742526946,-2.5578591562582886,-2.7255115374703207,-2.8814021414436697,-3.0176202076607885,-3.1378472009911054,-3.159088474626967,-3.1423521970934902,-3.0362315774719,-2.9549405432691422,-2.7405237957735356,-2.4291313146421682,-2.0568321525193456,-1.6478313889448666,-1.2517896396349046,-0.9821155967453358,-0.719392778055428,-0.465313971459689,-0.21587606744946258,0.030482345657480026,0.20215931227267472,0.24836953008060286,0.1579071897557604,-0.01757853352251565,-0.2189161746975803,-0.44465650949116803,-0.7025246050287695,-0.9679221967704259,-1.3719888228696473,-1.7978121774751106,-2.1956985773228324,-2.549657780992316,-2.814840276366235,-2.931577286796578,-3.060513377703582,-3.090083850544753,-3.0741643066289255,-2.9571645842282557,-2.822886456383559,-2.657734280399599,-2.4600358282294796,-2.239295034726697,-2.0338603015955803,-1.8151975676332013,-1.7249466442003585,-1.7259271372654563,-1.7285937632056925,-1.7141383914318693,-1.6159075501302773,-1.6056890448754715,-1.6504628057318773,-1.7064646018151137,-1.8125625237835983,-1.938353313737735,-2.0168877750862384,-2.0526797803022565,-2.1138777000191356,-2.2052136324813603,-2.239017708116745,-2.23669379707208,-2.1723997749468564,-2.094958554625341,-1.9675274938957745,-1.8571446934323292,-1.6729515921198457,-1.395764255197301,-1.149231288384881,-0.8640312105377579,-0.6292672932825171,-0.3013644838449113,0
0,-0.23691857662712715,-0.5259136136169099,-0.7369519140946678,-0.9827611427717745,-1.1982824429895604,-1.4700195835868592,-1.6831422802132443,-1.829473318449688,-2.0006560965404585,-2.1254367822983875,-2.251949797802163,-2.3350545119737074,-2.361955208120271,-2.3369657921527356,-2.3339318029458367,-2.3389207725607384,-2.2795255338840956,-2.1769406619885725,-2.1037160396930807,-2.061390056454239,-1.9864338363632565,-1.966108625393149,-2.027791322436561,-1.9946393223059387,-1.9508133277358395,-1.8973839392871614,-1.9416379307863736,-2.1200136646061787,-2.302234469018191,-2.4867919714000433,-2.6666094415935135,-2.8194662477427794,-2.966160286958297,-3.1043108725167943,-3.1403291142829706,-3.1336913381127984,-3.0473341291283296,-2.9715894962467537,-2.7678832914926064,-2.4749185140455574,-2.120333835642674,-1.7228300968093144,-1.3407403279713608,-1.071799463318333,-0.8004969901390203,-0.5436015819288338,-0.27980432677014283,-0.009772525129486046,0.17233604348588918,0.2249297009648764,0.13406257662896987,-0.06079963582905066,-0.2721706075750408,-0.5007428145677187,-0.7642899292497319,-1.0255473266661483,-1.4134044891542468,-1.8258581361902195,-2.2029158561408146,-2.538513115152703,-2.791759922966412,-2.903720261383562,-3.0150369416724705,-3.0374194291193914,-3.0126198254057734,-2.884946387326528,-2.743368955864573,-2.5823100142730953,-2.3712138198022408,-2.149755550161558,-1.9440291281329332,-1.7384405023902392,-1.6729637657989862,-1.7136758351133579,-1.7555559185351273,-1.7760910588337748,-1.704435880763447,-1.7173533414725097,-1.7796539243259482,-1.8369661472097703,-1.939716792149568,-2.06974980728591,-2.147535621865644,-2.1651628930587594,-2.203245745234813,-2.2748377621545544,-2.2832485243710594,-2.2330188177151724,-2.1309189022241473,-2.0346980770446015,-1.8899046953866954,-1.7515880741681753,-1.5490546124929265,-1.2752786432258278,-1.048479529389471,-0.7845977780349097,-0.5622005123542936,-0.2621892817923707,0
0,-0.20818951807999692,-0.47605759060330827,-0.6853621487298657,-0.9084501174036859,-1.1032673883033963,-1.3579509997325037,-1.5792601261371155,-1.7496215666356627,-1.9264602611920638,-2.0671430782282836,-2.226163461291899,-2.353510152881262,-2.4049046781155488,-2.396783067320889,-2.410695071772472,-2.431680463962783,-2.3652618443884106,-2.251775629614328,-2.1709168824858653,-2.1095751141374315,-2.0117364369536226,-1.9625235553955216,-1.9946393223059662,-1.9352071062946485,-1.86965236547706,-1.796967475396459,-1.8257409680885803,-1.9922115464064016,-2.1910299049551147,-2.3842424372165794,-2.6016348891690733,-2.768694069521402,-2.9379883444888377,-3.09702430528886,-3.165479362937151,-3.1773654390597903,-3.125219872954181,-3.062335014634726,-2.886493019050513,-2.6327470956436767,-2.3086998668026424,-1.929687998632044,-1.5648453382641974,-1.2995984071530573,-1.0135120026256328,-0.7418194177313577,-0.45583663713742983,-0.17193813246511758,0.0120029216479243,0.06875210301323574,-0.015500307896881026,-0.22162355904393155,-0.4483590263166489,-0.6917470031630698,-0.9668244787198863,-1.2231456723580603,-1.5912772798013448,-1.9849112194941596,-2.32835016553117,-2.624635931612565,-2.8480331140926576,-2.948290149039434,-3.027804399289606,-3.036147282722492,-2.984869301786369,-2.841864190338071,-2.681145846598443,-2.5088060910558228,-2.2617412855624117,-2.0311530095132393,-1.807528625749192,-1.6161553910141329,-1.5647455577180676,-1.6279042743766463,-1.6955541702709667,-1.7464523593955799,-1.70703830064207,-1.75541291667161,-1.845039840087242,-1.9264921919154945,-2.0390793849078865,-2.1833037035388414,-2.2710474984147484,-2.273977038608917,-2.2981938053007585,-2.3499860060692557,-2.332288284498545,-2.231174432210425,-2.0911476353890324,-1.9725896734526371,-1.8154483679339208,-1.6480501908975806,-1.4301369125323469,-1.1708191925287248,-0.9649053415788221,-0.7256123984006336,-0.5062748351930142,-0.22934954104260374,0
0,-0.18676318529819333,-0.44239332886698396,-0.660600585749853,-0.8746635492599801,-1.0644276854523564,-1.3080762044877359,-1.5438669242496792,-1.7374012498971378,-1.9037001768989261,-2.0543742169077888,-2.2222465693802413,-2.3793122194935976,-2.440201442712932,-2.4264317090807963,-2.459323128191437,-2.4889284785934405,-2.423517132587311,-2.3075846069969663,-2.2238608489845064,-2.146717036047386,-2.0293329516405847,-1.951465765008667,-1.9508133277358748,-1.869652365477084,-1.7929193582918146,-1.7060201260253371,-1.7156709344126475,-1.8629538806947563,-2.0795155950249145,-2.27487162276608,-2.5152137806764543,-2.67849282912185,-2.849509124744714,-3.0272457890210465,-3.1065859359665597,-3.125299605172976,-3.08718353489684,-3.036064765792471,-2.8815510523149435,-2.6757751006376194,-2.3746212503292,-2.020381078170155,-1.6620216424619862,-1.3896798911316062,-1.079451794309822,-0.7943859459233235,-0.48451111550186515,-0.1840346889667051,0.008330905714872898,0.06842818534814105,-0.01849902027424957,-0.23691897609092497,-0.48134703811400753,-0.7381807386114344,-1.0360107274860129,-1.2972909988777428,-1.655783283469028,-2.0235057917942076,-2.341755867854852,-2.588449026318172,-2.786941215017228,-2.8756655150009496,-2.9412465487130435,-2.946152134062416,-2.890949942739786,-2.733907587859235,-2.574815709337571,-2.408080565154181,-2.140562592348511,-1.907861553276369,-1.6671282093163815,-1.4960561812214088,-1.464968386664735,-1.5467343243310003,-1.632632823470233,-1.712611366499547,-1.709189424821931,-1.794119517762729,-1.9071643960722868,-2.0084373436178087,-2.1219923006122645,-2.270475492805716,-2.3568472871641455,-2.3523291589052646,-2.3598443090610015,-2.4115529973814387,-2.381736889150329,-2.2435898389799664,-2.089907187279387,-1.9554486172000394,-1.8023134565561414,-1.6071869139808903,-1.369932991051316,-1.1209098002340543,-0.9226310685604953,-0.6958273840835291,-0.4684807897924598,-0.2050280800768105,0
0,-0.17850917864035742,-0.42704190721685664,-0.6557911305291244,-0.8693863570734023,-1.0518039408105135,-1.2943246187363198,-1.5391181549735706,-1.755451175833881,-1.9207007178436128,-2.073809937080575,-2.262761382908824,-2.440449629542921,-2.5048165241130085,-2.4820206228948307,-2.5242008333114585,-2.557276021579362,-2.4854499725490915,-2.370271646903343,-2.278813225384568,-2.1878389571244274,-2.049218208782345,-1.9336724743106208,-1.8973839392872183,-1.7969674753964928,-1.7060201260253636,-1.6081292253602086,-1.604173585297322,-1.7378365474750648,-1.964890169477812,-2.1600377956355987,-2.4063717794607626,-2.5677763242170726,-2.743232728901238,-2.940727617957145,-3.0237492341841645,-3.0477440995372804,-3.022901711840919,-2.9769481810278475,-2.841585613512484,-2.6686356131058244,-2.388070710271373,-2.0582070097665626,-1.7102413611479896,-1.4229179452880831,-1.0917702997357255,-0.7882739742090914,-0.45430083183497577,-0.1338110481077903,0.07025865811637579,0.13418832049553592,0.04037138841026333,-0.1950664626615307,-0.46037427320629765,-0.7356673503325231,-1.0520749776445193,-1.3253246644451222,-1.6712087230518555,-2.0115320600469815,-2.3077324128885675,-2.5208662712016836,-2.6967919006947176,-2.7807586431096594,-2.8341204217810043,-2.836559855500185,-2.7842572193234174,-2.61232621177443,-2.4504963341778825,-2.2877449941530315,-2.016094672324889,-1.783585720396003,-1.533518945093233,-1.3781842363015222,-1.3626002009976375,-1.458103146308325,-1.563437891561122,-1.6664714112987276,-1.7017869278999487,-1.8278061246067165,-1.966958245522797,-2.087007068465599,-2.205513115216331,-2.354975640805121,-2.447193132947638,-2.440880979335901,-2.442583654467566,-2.498460444713933,-2.462514650617734,-2.2989230905911597,-2.1219474865159946,-1.982247387753072,-1.8248509400356208,-1.6046108792838525,-1.3533380047005596,-1.1051125409205012,-0.9170505014821877,-0.6911146528854069,-0.453663135643629,-0.19457207637086973,0
0,-0.17080934137150808,-0.40795999953128115,-0.6328648481018136,-0.8384576886824913,-1.0105908661572425,-1.2421629680480304,-1.494195169755401,-1.730992080043247,-1.9045854941550648,-2.0703399470235615,-2.290799011485048,-2.4955743182888606,-2.573838686658049,-2.5596131545764047,-2.6172068681503293,-2.6698286633008563,-2.6001674683098353,-2.500546554498921,-2.4138816243245453,-2.3105853470365942,-2.151192548673615,-2.0019240000713814,-1.941637930786383,-1.82574096808859,-1.7156709344126482,-1.6041735852973404,-1.5648901126127104,-1.6691188602586118,-1.89153336622981,-2.0681465909843233,-2.303178464763543,-2.445987777179375,-2.6095269629687254,-2.802027318945464,-2.8770649735732032,-2.8884423108496917,-2.87267195497461,-2.81132722261805,-2.6817056089996196,-2.5265038792812895,-2.26172189231778,-1.937459294323208,-1.594326016628755,-1.2897993270946082,-0.9400131419888219,-0.6184211419890142,-0.26622423099595305,0.07422460955441734,0.29369612035378945,0.35960297287418563,0.25299999415891916,-0.0010437881935381,-0.2794156018720612,-0.5720139783941535,-0.903355070567099,-1.1912204249176692,-1.5309404006557494,-1.8624427346679262,-2.1396107312211625,-2.3341391816120196,-2.5009940332770797,-2.599781944860284,-2.6456760168493765,-2.6641620716569614,-2.6258160137337394,-2.4627445483210697,-2.312974171883051,-2.1697322189201396,-1.9104635844335862,-1.6982520096061915,-1.4539858882709018,-1.3307462396604453,-1.3494939870522433,-1.4599956135796652,-1.5884897770578341,-1.710764813622652,-1.7743739808917858,-1.9387157308727578,-2.1053311256752294,-2.244102885509371,-2.3594663103445486,-2.4943222586169376,-2.585745564462043,-2.5616223957092963,-2.5510357620140667,-2.594269535310698,-2.540517525174623,-2.3454625880306996,-2.1343603759838947,-1.9797834921033282,-1.8094266963287022,-1.5658316325152832,-1.3022829059492589,-1.0630858443872828,-0.8867528038739302,-0.6689417119261467,-0.4331258500181765,-0.1837216495469376,0
0,-0.1488839527546045,-0.3580744114069116,-0.5656248792779099,-0.7552203049800664,-0.9264779599737688,-1.1402541263656603,-1.4043875166594495,-1.656726991436713,-1.8297337218075505,-2.0099573193758946,-2.239180150940306,-2.475307127836701,-2.5749124688207963,-2.58556234892203,-2.6826344164307283,-2.763344501004216,-2.720151189506446,-2.6565490846441535,-2.595819573093881,-2.5030652565922202,-2.345416601238042,-2.190382907418575,-2.1200136646061853,-1.9922115464064412,-1.8629538806947545,-1.7378365474750566,-1.6691188602586136,-1.7433046454190484,-1.9409036618833686,-2.0791066212001548,-2.300121593008969,-2.4065196076553,-2.5339910708766786,-2.694031473781207,-2.73888840814739,-2.718288096240673,-2.698024363973646,-2.6075180196699304,-2.469348328743213,-2.320687090852063,-2.0536383614405684,-1.7207711085081059,-1.3737186727641,-1.046882779104634,-0.6758669311614962,-0.33789142804111005,0.03833369976008971,0.39091695752611,0.6036370193861086,0.6713381774697349,0.5733141016515414,0.3059086929606502,0.0069476456956230614,-0.30112926963555536,-0.6478751959461645,-0.9534551388044363,-1.2941693237303844,-1.631593060270297,-1.9083157202082977,-2.0956041159601786,-2.2671186038020976,-2.393883062270819,-2.444914148008553,-2.4979756638733086,-2.496744540079276,-2.371826065732396,-2.260175669835068,-2.1551858890728313,-1.9114011360352643,-1.7366804591550078,-1.5152908156678317,-1.4239361673668725,-1.4723963027855849,-1.598392457286219,-1.7491789735420846,-1.88955266952236,-1.967514138515502,-2.1453077164141368,-2.3194954792207447,-2.4547069238516572,-2.5470920421424923,-2.645474160157664,-2.7105625452299886,-2.6584710454893123,-2.610430993591988,-2.6250476163755336,-2.5459155777671576,-2.313560480766028,-2.0879199952631495,-1.9134410116886196,-1.7387269791128328,-1.475859292628601,-1.1967531047172717,-0.9742256469254997,-0.8005667597131935,-0.6016005499573753,-0.3794940796580962,-0.1582971860412013,0
0,-0.14148912059630644,-0.31999985519653,-0.517074459366376,-0.6812782670482497,-0.8375532016140936,-1.0238308659328572,-1.2766514261433528,-1.5341426131026767,-1.7036963314832565,-1.887248248579998,-2.1221487988422187,-2.38683485103676,-2.5024984574190956,-2.540380084482239,-2.6708427357929168,-2.7740579896987803,-2.7708487154015318,-2.7562169337130524,-2.7324910637042947,-2.660496983051673,-2.5154757538916255,-2.371629742526952,-2.302234469018197,-2.1910299049551094,-2.079515595024876,-1.9648901694777947,-1.8915333662297726,-1.9409036618833622,-2.1129822294996674,-2.2271218452554726,-2.433053666076727,-2.495870604539183,-2.591444161294391,-2.720288361763974,-2.7309100250424607,-2.6657901123684336,-2.619941028399973,-2.4819300953129906,-2.3261397942417186,-2.176793915090873,-1.902383124538029,-1.5596861691206194,-1.2041864410068666,-0.8377292421153851,-0.4318887454708416,-0.07981197177222171,0.3137390053646819,0.6753361551756945,0.8777767868525403,0.9454733538869672,0.8591726427786708,0.5830232372052657,0.26912504392946623,-0.054075389198462595,-0.4305548769030776,-0.7706107257255842,-1.114515810117151,-1.4570577787781749,-1.7379231583688795,-1.9252436229340026,-2.1115904363544975,-2.2876040239518574,-2.367708696588775,-2.4677147271291187,-2.5075423118497473,-2.4219940311551493,-2.345376469451299,-2.2866110595958298,-2.0615388703526385,-1.911990391795312,-1.7157547919615332,-1.6506933218263042,-1.702735278369245,-1.8201356094335701,-1.9544602364821855,-2.081855837626505,-2.159598601910399,-2.328507853827487,-2.4976070985176855,-2.617584168322398,-2.6745159387464863,-2.725042795929174,-2.7491895095190206,-2.6712836001434086,-2.588369247753863,-2.569954337352855,-2.4715588141054035,-2.205938696275799,-1.9713064864438021,-1.789726296011201,-1.616682986473545,-1.34891720085108,-1.0770655077975804,-0.8814057786652897,-0.7227997033482333,-0.5502325634559279,-0.33703587392646506,-0.14560733338396364,0
0,-0.12174237098177886,-0.2631753473376693,-0.44763948682356747,-0.58787617143921,-0.7352309610713293,-0.8971699738145378,-1.138787368959091,-1.4053317679243833,-1.561591837603679,-1.7414195226824396,-1.977789516671692,-2.258316827596358,-2.395747078917534,-2.4634595379699085,-2.623847514527768,-2.7566179460846967,-2.798825328960958,-2.8296846643101845,-2.8499589770864118,-2.806956696866129,-2.682580663779269,-2.557859156258289,-2.486791971400086,-2.3842424372166047,-2.2748716227660895,-2.160037795635607,-2.0681465909843197,-2.079106621200177,-2.2271218452555037,-2.3152791169570333,-2.485820855349003,-2.4988101796167945,-2.5436753273354236,-2.6300525261929057,-2.6040941379426767,-2.4977815456469252,-2.425441904352094,-2.2507508231887656,-2.0769488433108303,-1.9307405171647476,-1.6518885234054614,-1.3001270008375867,-0.942426172809627,-0.5526168972467524,-0.12177742624112145,0.24233699632953448,0.645935347571888,1.0156270181910312,1.2168348777674318,1.283167609107307,1.196580530106701,0.9124188399418033,0.5890381814211579,0.25330000079159015,-0.14468195705224227,-0.5036089815932805,-0.8457241989299503,-1.1929980894028445,-1.4758578962007913,-1.6596553565651455,-1.8620367107521818,-2.074682737405905,-2.185032780123224,-2.3302285360966475,-2.411161929363018,-2.374356424550877,-2.3514521564926394,-2.342222029897796,-2.154882189648094,-2.031636463014916,-1.8583628910236354,-1.832026398714532,-1.900658148543224,-2.0179802773260747,-2.150743216473974,-2.270156639381327,-2.3496704417659133,-2.501587815519047,-2.656230428703614,-2.7531304331276476,-2.768556491831911,-2.7754941460277003,-2.7555573982504558,-2.6472957754667275,-2.531921611813957,-2.4793114869472306,-2.357407548404063,-2.0701824717454693,-1.8293450690762285,-1.6452602713213649,-1.4812542373740716,-1.2050948371237198,-0.9405726795136661,-0.7682798536699995,-0.6199059618467734,-0.4735172778156808,-0.27380012416441807,-0.12011643250643307,0
0,-0.1105450210669597,-0.2262022144460597,-0.4063533529678453,-0.5283489857170888,-0.6612880868327488,-0.7930372920002093,-1.0141915562262018,-1.275751602584104,-1.4125239117282273,-1.5798604706412693,-1.817766023824097,-2.1095518584283246,-2.265286072212648,-2.3577023184428345,-2.5439437535114826,-2.709796875766082,-2.7847702872453093,-2.8613977931613612,-2.9226337950902472,-2.9034224228120453,-2.8166706056192288,-2.725511537470328,-2.666609441593546,-2.601634889169083,-2.5152137806764796,-2.406371779460825,-2.303178464763582,-2.300121593008969,-2.4330536660767677,-2.4858208553490377,-2.60577900983601,-2.561336346822779,-2.5394402414817523,-2.556493316237291,-2.470242475879677,-2.299266144194221,-2.1839877389277107,-1.9501963774570625,-1.7437702024807102,-1.5761529980680504,-1.2711943030325221,-0.8920364743623611,-0.5209393928401762,-0.09098540488253448,0.37026698777679895,0.7511532873591501,1.1675853657881705,1.5509177780005217,1.7589489504804534,1.825151623517489,1.7301725168329043,1.4293426269880571,1.0948984867161327,0.7465471389427814,0.32167987117625024,-0.07520189236244589,-0.4263459452186498,-0.797908732770482,-1.1058468193283355,-1.30799240669837,-1.5408967981981891,-1.8134944914429847,-1.9693737026923201,-2.183658340638779,-2.3294627753245973,-2.365492592664954,-2.4126502966953653,-2.4643262460770163,-2.331928749820075,-2.2475685362567646,-2.0919018328591323,-2.0847115309168767,-2.1637238076801513,-2.2732022158058394,-2.3838225967633893,-2.4671009282243617,-2.534049443329641,-2.652898508549818,-2.7745073347495044,-2.8468391042333088,-2.819105728455358,-2.777454573537894,-2.721263473893875,-2.574929082809567,-2.4279349097868606,-2.3441355144126454,-2.2027166937252622,-1.9028332010889102,-1.660003772170611,-1.4878703650656782,-1.3439323804800472,-1.077421435410433,-0.8323956367449734,-0.689909188598973,-0.5566964688100381,-0.43017520071105,-0.23519813301744408,-0.10623432105111237,0
0,-0.08633760483667335,-0.17273092672149362,-0.3429065788019063,-0.44848366774270887,-0.5722405689316891,-0.6761987840811743,-0.8903934156577008,-1.1504845255900997,-1.275372147467633,-1.4463166330304706,-1.6930591705255011,-2.0076666180256786,-2.1871624738525286,-2.3074604353715427,-2.5285515932566773,-2.724479996356166,-2.8251724529276574,-2.938165825428384,-3.0257881374771727,-3.025501178124731,-2.959732198811539,-2.8814021414436897,-2.819466247742808,-2.7686940695214024,-2.6784928291218617,-2.567776324217071,-2.4459877771793836,-2.4065196076552957,-2.4958706045392263,-2.498810179616849,-2.5613363468228183,-2.451249324012971,-2.356230635239668,-2.296193642706714,-2.1451282396792903,-1.8989852823302362,-1.735985109840737,-1.4449288528235846,-1.213568779930128,-1.018248208803252,-0.6987911763880923,-0.3030487340220697,0.08354921531598897,0.5551572019866828,1.0329919399989123,1.4353389666415086,1.8664211917455353,2.2460039053326937,2.4423774362311477,2.507271338996891,2.4230266050205396,2.12376507314077,1.7736169143358114,1.4041605515535085,0.9654922306783907,0.5287365374683461,0.1657761245015001,-0.22059013064865282,-0.5435075598748542,-0.7711805338884316,-1.0281344940474122,-1.3592267566495875,-1.5624687631951266,-1.853655055011147,-2.0674365473615075,-2.181435154326177,-2.301441692802432,-2.420377211994743,-2.348227016960581,-2.3168162464450788,-2.2035303671011017,-2.234692389585112,-2.333846771593481,-2.445010306351621,-2.557972546980516,-2.628166881762732,-2.6982635224134017,-2.8043139030026962,-2.910179755352363,-2.9626492727101845,-2.908058485523873,-2.8282445388665116,-2.7450315045497775,-2.5659040467588468,-2.380053353903959,-2.2625624319549202,-2.095611732996356,-1.7715366010318585,-1.5186602970013825,-1.3421978329499684,-1.2096466675934567,-0.9476420750912433,-0.7088098404461233,-0.5931462261955058,-0.4699700978642582,-0.36309276121902356,-0.17908259632331605,-0.07988348997437213,0
0,-0.07214579104670757,-0.13129184540986913,-0.3014600975603101,-0.38722956398550856,-0.506085463451928,-0.5860905077106345,-0.7925288554970847,-1.0524265948657887,-1.1654997509008018,-1.3397003305188941,-1.5910113820910805,-1.9257917865952436,-2.1136723008083638,-2.262859246193986,-2.5142486491764844,-2.7317928952826387,-2.8581820068477897,-2.996216431345193,-3.105931876984981,-3.119384924660522,-3.076805482612521,-3.017620207660792,-2.966160286958309,-2.9379883444887964,-2.849509124744698,-2.7432327289012606,-2.6095269629687614,-2.533991070876689,-2.5914441612944374,-2.5436753273354706,-2.5394402414817963,-2.356230635239682,-2.1919019184856903,-2.036096613270671,-1.805745914354093,-1.4715852100587201,-1.2372515522697158,-0.8724320811877669,-0.6001453472376459,-0.3682023921593496,-0.019840595624969322,0.40474281074373053,0.830174979108166,1.3435509372279255,1.8420954240554757,2.2653072017525067,2.7063062014821586,3.0803834997294324,3.283009782520085,3.3466559147573745,3.256103929593398,2.9596767552098275,2.5983621696237837,2.2070486290934928,1.7510223121643427,1.2737190095198836,0.8755407145310246,0.4618979222660967,0.11008482415575085,-0.15340465148849838,-0.4499143903036402,-0.8549761481621554,-1.1287753130489184,-1.5087548116441194,-1.8053452096768396,-2.015950237148646,-2.204680760326318,-2.396738248631141,-2.393363092959277,-2.416085342433107,-2.337448344390511,-2.40930834107041,-2.522465040668876,-2.6322587943741595,-2.740844872713979,-2.7903245957324265,-2.850513098183445,-2.9381848138580753,-3.0239116064370806,-3.060535337108692,-2.9804530687333797,-2.8712717571269706,-2.760393911765842,-2.5549093317841627,-2.33409538250158,-2.1810186743905353,-2.0010522061865186,-1.6539687534980738,-1.3963995856095266,-1.2158359961908545,-1.0970739381743941,-0.8388747713769367,-0.6079564349080587,-0.5173752067757551,-0.3999547384933426,-0.3175038669983031,-0.13440069982091749,-0.06363943177764808,0
0,-0.07015115745581568,-0.11453420222698159,-0.28911959730819703,-0.3675315520978343,-0.48807712621488203,-0.5545335779626159,-0.7529754924343192,-1.0067417882585918,-1.0963241378417827,-1.26155955746684,-1.503213250910856,-1.8407887650943555,-2.0345251839570397,-2.1949766168992477,-2.464896662661624,-2.6904756823486218,-2.836061852188264,-2.9959678975592574,-3.134045898893501,-3.175841410543185,-3.158679606043989,-3.137847200991106,-3.104310872516846,-3.097024305288883,-3.027245789021096,-2.940727617957156,-2.8020273189454903,-2.69403147378125,-2.7202883617640166,-2.630052526192961,-2.5564933162373147,-2.296193642706717,-2.0360966132706815,-1.776107621028951,-1.4522713380869587,-1.0282664128703858,-0.71447264106533,-0.26514692847835375,0.0772772629107083,0.3654699776048027,0.7595986837305195,1.2304590769998833,1.6940116462326187,2.2449124801946176,2.7696163810529733,3.2234791320818186,3.6740871864701217,4.042840608823889,4.248076431785366,4.309532658489443,4.213414251621344,3.921739711401376,3.5495954382520285,3.1266574496750823,2.645546217119999,2.133629496713319,1.7004257364162485,1.2431441900279079,0.8468015661734651,0.528770506918759,0.16269657393733017,-0.32579199372492795,-0.6774349590316944,-1.1478684187532495,-1.5393766939902012,-1.8548038837170906,-2.1393623306086527,-2.4093323794106687,-2.478937828930765,-2.5493361903365472,-2.5063756264043606,-2.6138322781290375,-2.7359412445785316,-2.830221469640921,-2.920909102496681,-2.9503885011936566,-2.994889601277857,-3.04610675971117,-3.1099359986297115,-3.1163243500449704,-3.003206259081396,-2.8658401161071434,-2.7284394235997667,-2.5088405307588473,-2.261935851441048,-2.0892128022285563,-1.8991224343732345,-1.5449688457542894,-1.2962323457262281,-1.124458600150877,-1.029508232935413,-0.7812744500017512,-0.5587089911489498,-0.48404168034247763,-0.36865643699338974,-0.297910588205922,-0.11356471796335468,-0.05824806768962131,0
0,-0.08868666116123569,-0.1313162629779017,-0.3145589853267568,-0.38625986127404816,-0.5063452793831428,-0.5648021500627156,-0.7517376594096831,-1.0025007141891082,-1.074953127481205,-1.2227690136570564,-1.4588241691189339,-1.7883331233444715,-1.9800049014208991,-2.146481632038987,-2.4126505651971675,-2.6423273199053927,-2.7979839275068286,-2.9679796396794655,-3.1123689727279973,-3.1534870922830636,-3.156503358403064,-3.1590884746269934,-3.140329114282997,-3.165479362937175,-3.1065859359665726,-3.0237492341841725,-2.8770649735732445,-2.738888408147427,-2.7309100250424976,-2.604094137942702,-2.470242475879678,-2.1451282396792757,-1.8057459143540637,-1.4522713380869166,-1.0349184504028484,-0.5195272429064094,-0.13062597191618228,0.3978790620941929,0.8072699391661735,1.1526723148731326,1.6002131552633392,2.1130463103208275,2.608961421763741,3.2069741064829524,3.7635542452434776,4.231234280835057,4.685253323477242,5.052275769950626,5.254693461197592,5.313125935910942,5.215099352178679,4.921413222767032,4.541759662311041,4.105164673765849,3.594687418300538,3.036597510477632,2.5723900535453175,2.0765814019869477,1.6297449329348859,1.2589708364452485,0.8291905357994821,0.26219581570838213,-0.16608337901018902,-0.7280492994573979,-1.212419426830551,-1.6225902347265972,-1.9878498099616613,-2.322888324686983,-2.456673717647325,-2.568371022580164,-2.5634652937356317,-2.7066460889438035,-2.839216915002566,-2.9300421261581797,-3.0084728009630908,-3.0047983328116934,-3.0339179398401708,-3.0602330399203073,-3.1057166275850943,-3.1107638877943655,-2.987397810477726,-2.836121682160552,-2.6870102332789423,-2.4609525866138044,-2.2132058952110802,-2.0293529709053897,-1.8367576699930421,-1.486711174583701,-1.2419882187380284,-1.0859053452318708,-1.0075636303709243,-0.7643313380165899,-0.5523033984676319,-0.4872474470765004,-0.37527098029801176,-0.3143457796942509,-0.12374117075100013,-0.07164043891515554,0
0,-0.10659378570171625,-0.15511003221826464,-0.3414132708114238,-0.4164336855880309,-0.541371722846294,-0.5948037025438412,-0.7788841081021102,-1.0186165141359314,-1.0699039779958104,-1.1952258964082632,-1.4112350254930632,-1.7249748401308944,-1.912124393298081,-2.0688203463527484,-2.323025295352843,-2.554972895310582,-2.7177798152564656,-2.900900058656149,-3.0492339015316925,-3.0949323468913437,-3.118555692980452,-3.142352197093502,-3.133691338112837,-3.177365439059777,-3.125299605172981,-3.047744099537259,-2.8884423108496913,-2.718288096240657,-2.6657901123684353,-2.497781545646929,-2.299266144194225,-1.8989852823302054,-1.4715852100587072,-1.0282664128703054,-0.5195272429063506,0.09022143028507511,0.5600760338520206,1.1831546338556795,1.663273429593779,2.065782752276503,2.5678165682307434,3.1368581844763033,3.669252127769067,4.315434001419032,4.901947638187973,5.386457477076602,5.841502396045077,6.204116879616213,6.400134091218876,6.453858602570528,6.35574503185132,6.061766371707804,5.674589083991269,5.21905927999595,4.679922429794522,4.075194523444026,3.578622374236142,3.0334164446804137,2.5361418085831473,2.113205706400894,1.617480552672537,0.9603356171036508,0.45264654863012643,-0.20341403661960902,-0.7777925033411685,-1.2788436032873045,-1.735624944118782,-2.1485548419960243,-2.3509177382915705,-2.5106682414577115,-2.553588566274989,-2.7328860467206257,-2.8823602391656338,-2.9693778610844066,-3.041094201873677,-3.0189451802311464,-3.0368594968155582,-3.039657057621596,-3.066826218394362,-3.063893259148197,-2.933159104763748,-2.7635312220683343,-2.604239759333856,-2.3741355528002153,-2.1337835017386575,-1.9556401106432164,-1.7656596109034628,-1.4303996639716765,-1.2045738159782253,-1.0712118637578194,-1.0133455408886378,-0.7823353614066769,-0.5737138434834391,-0.5151692019907296,-0.4015981177876868,-0.3394560885334369,-0.14549842701240212,-0.08707995963340615,0
0,-0.1229838480323824,-0.17604091429574656,-0.36431147313414713,-0.43398750150034754,-0.5574771052759454,-0.596438347977564,-0.7718059351806072,-0.9980556642665322,-1.027533874187272,-1.1325738587052172,-1.322525607226599,-1.6182874054464036,-1.787913687776764,-1.9317230945365644,-2.1743639249763067,-2.3977690902167654,-2.5705955449131976,-2.7536907988345147,-2.8912258352236626,-2.939712139707836,-2.9893257179632013,-3.0362315774719058,-3.0473341291283402,-3.125219872954182,-3.0871835348968433,-3.022901711840919,-2.872671954974621,-2.698024363973624,-2.619941028399989,-2.4254419043521067,-2.1839877389277227,-1.7359851098407222,-1.2372515522696959,-0.7144726410652733,-0.13062597191613004,0.5600760338520216,1.126767100200351,1.8380000154826972,2.3875425273305484,2.8566034059151924,3.4269609918600827,4.055207217816335,4.648440965638661,5.348072328440153,5.956291043776036,6.458535638224874,6.931080009682403,7.294239092372807,7.482087476862067,7.532173497282072,7.433799627005414,7.131645809992137,6.719383807799168,6.24559549195112,5.684814885585856,5.028237414907393,4.476696547333244,3.880840147940822,3.319506997975907,2.836584673697297,2.2788523914039267,1.5395588692458946,0.9370997495355704,0.19961043020650263,-0.4526026649890676,-1.0357821148192055,-1.5682377329223347,-2.034741858717698,-2.2883853515983255,-2.48199813901254,-2.5573927750173135,-2.748485600258242,-2.895282592666085,-2.969868377205927,-3.025095656099908,-2.96741515606875,-2.9605775477336245,-2.9335090595585926,-2.9321690691804565,-2.9198596264331327,-2.7922670626630675,-2.6150922670019394,-2.4433252701910417,-2.219861589681876,-1.9878453943429952,-1.8220983059855924,-1.6489310304268328,-1.3343723275195705,-1.1374179628390453,-1.0267602513498584,-0.9941192131062399,-0.7788215953586602,-0.581470020109424,-0.5391449773114582,-0.42808354471318594,-0.3716748233502457,-0.17116599376269567,-0.105312346039842,0
0,-0.10868424005718252,-0.14111811539330277,-0.3156246930056225,-0.3695275404543412,-0.47299349455270656,-0.4945193881968912,-0.6553556531919037,-0.8670218515582591,-0.8887532532766602,-0.977734245639263,-1.156713926070885,-1.4373358193870711,-1.5967327805616711,-1.7416686710129996,-1.9832025170986949,-2.2119908295640895,-2.399917071007237,-2.5977217687702336,-2.7438947096822766,-2.8134940455894393,-2.886221854816527,-2.9549405432691316,-2.971589496246745,-3.062335014634678,-3.036064765792462,-2.9769481810278395,-2.81132722261805,-2.60751801966989,-2.4819300953129737,-2.2507508231887248,-1.9501963774570137,-1.4449288528235444,-0.8724320811877451,-0.2651469284782947,0.39787906209423163,1.183154633855686,1.838000015482684,2.6294362285058104,3.251950477556657,3.8178747256520933,4.452097672520912,5.129889126101048,5.7675811383216,6.523930753678949,7.1584927105655085,7.6851904170441605,8.163810456978435,8.52166277656545,8.70269779172535,8.74712001342137,8.645605865956021,8.341226512942615,7.915839000269655,7.413710101046996,6.8251096143646715,6.115216899747583,5.525121064606937,4.886365896375244,4.268675133711864,3.701083119395584,3.0788981544515313,2.2648219606201008,1.5785525086797962,0.749873133492988,0.018791652623094245,-0.6509019173391554,-1.2592352879364848,-1.7891608329232018,-2.1099211972192307,-2.35004843457618,-2.480608030330475,-2.7076253418559704,-2.8765840383410857,-2.9517606304431396,-2.996978758156421,-2.9258521413972582,-2.9117619830587675,-2.856422229811693,-2.831553336098115,-2.792966206259914,-2.6530233405433523,-2.4564286998477978,-2.2673350086363357,-2.036940990796265,-1.8030109030645995,-1.6347478743194108,-1.470259027674531,-1.1714983400774441,-0.9857307178778588,-0.8914069228750859,-0.8657557130555436,-0.6655373245701561,-0.4824081094144075,-0.4585294466690708,-0.3680495849171743,-0.3267942916893111,-0.13923316238723774,-0.09114094893898714,0
0,-0.07968831387235618,-0.08428505224892688,-0.24144944767801638,-0.2666702939646829,-0.3451814677819482,-0.33150961023258285,-0.4707440286483129,-0.6684396846744174,-0.6753708639467745,-0.7557916545928925,-0.919574064633035,-1.1797267151386452,-1.3242177431765325,-1.474204032210966,-1.7117841999776018,-1.9345710458354999,-2.124887799234357,-2.322337734124203,-2.4768321276883722,-2.558021516492446,-2.652042033732745,-2.740523795773518,-2.7678832914925664,-2.8864930190504428,-2.8815510523148986,-2.841585613512441,-2.6817056089995774,-2.4693483287431968,-2.3261397942417084,-2.076948843310759,-1.7437702024806672,-1.2135687799300474,-0.6001453472375649,0.07727726291075687,0.8072699391662319,1.6632734295938043,2.387542527330569,3.251950477556624,3.949316208012835,4.59205619909837,5.291010793423401,6.022366701607824,6.702093641558971,7.500838692514819,8.165896421109256,8.71236506420319,9.194740114140187,9.545941813540432,9.720306495290696,9.759596071032234,9.655541853171801,9.349053497385883,8.911540485882709,8.386903861263225,7.767569932039903,7.016381329566533,6.388359229441795,5.702641967703784,5.02843051630158,4.394698602357603,3.706434546767502,2.8265801837534132,2.0744550309664596,1.1769126295192434,0.3792266956476459,-0.3636528417788545,-1.0180209219339487,-1.5786751478502103,-1.9420889612557342,-2.210204102979364,-2.3661203981959886,-2.6104584201326944,-2.7811180921684113,-2.842199590366911,-2.866639002968116,-2.7667283171550556,-2.7377266085094365,-2.656388960997464,-2.6050249175593474,-2.5474810610554486,-2.394827158977184,-2.192175280200897,-1.9986623285073783,-1.771859481269204,-1.5388512790250466,-1.36633850860104,-1.2154063709790648,-0.9376251554811397,-0.7685541676923385,-0.6825511844962365,-0.671981546257407,-0.48596527583421445,-0.32518263415159776,-0.33656407973052854,-0.2700211706194958,-0.2577337254395192,-0.0850505477202912,-0.06390174257675808,0
0,-0.0475219863965166,-0.02318934310695395,-0.16659700494546542,-0.16961932302583518,-0.21955022104561236,-0.1715961883993829,-0.28329545413289736,-0.4565403226181681,-0.44126540469960346,-0.49931515641210605,-0.6317472420574487,-0.8567113335006793,-0.9742105152075472,-1.110460961929022,-1.3321691090124066,-1.5345571615812297,-1.712069095589552,-1.917206134041225,-2.092448733736007,-2.1896791821656065,-2.3081370322399204,-2.4291313146421296,-2.4749185140455534,-2.6327470956436168,-2.675775100637592,-2.668635613105731,-2.526503879281257,-2.32068709085204,-2.1767939150908213,-1.9307405171647043,-1.5761529980680022,-1.018248208803175,-0.36820239215926776,0.3654699776048803,1.152672314873184,2.0657827522765726,2.8566034059151484,3.8178747256520427,4.592056199098336,5.28429515141898,6.039358710358441,6.84107821619599,7.562889670847576,8.394614071460802,9.082465126830472,9.639186822233937,10.11863104477325,10.468713585377143,10.643106809551522,10.67644468929782,10.564330063773117,10.25317857599075,9.812105613824992,9.274062513955725,8.629698610648603,7.84480216190349,7.180210980895738,6.432344780074978,5.709244140270146,5.0341193325737725,4.276366490114974,3.3084450412019253,2.4956779480148334,1.5415539620545944,0.6852676880482206,-0.11758110396115501,-0.8141062695864164,-1.4085807102899732,-1.802902876369859,-2.080169030680336,-2.245764040625077,-2.4918396999070485,-2.652956342958913,-2.6877991125921517,-2.6672679129997823,-2.5291665932037457,-2.4792226048421617,-2.36004809703222,-2.2789270599556404,-2.195021592842532,-2.0157219759049956,-1.7989316060002112,-1.6110648416271343,-1.399261799672563,-1.177143050819609,-1.0158086691909227,-0.8910507640213723,-0.6487273386162934,-0.5120803406508861,-0.44915247498039995,-0.4608743742932045,-0.30095874274271045,-0.16885593924119954,-0.21534367338981245,-0.1768108707421583,-0.18655397452401629,-0.02749151061908535,-0.033392583381579986,0
0,-0.01890260564261879,0.031376274782448,-0.0981539943506101,-0.08121378760510732,-0.1088287860769957,-0.03191907260550507,-0.11707596783107915,-0.2726105025309516,-0.23303505465300745,-0.265358242125422,-0.3644396976344174,-0.5474230179422647,-0.6323461090087579,-0.7455340979604599,-0.9386490611298466,-1.1080637500268542,-1.2723099089136194,-1.4761608485207591,-1.663059299135617,-1.7740801186446844,-1.9121032490441352,-2.056832152519341,-2.12033383564266,-2.3086998668025855,-2.374621250329116,-2.3880707102713035,-2.2617218923176896,-2.0536383614405294,-1.9023831245379994,-1.6518885234053868,-1.2711943030324375,-0.6987911763880167,-0.019840595624898365,0.7595986837305893,1.6002131552633785,2.5678165682307585,3.4269609918600525,4.452097672520872,5.291010793423387,6.039358710358441,6.842588360140075,7.681395201778144,8.434460261319428,9.2874154871277,9.98117260656056,10.540261817725057,11.01375901259513,11.352852714237303,11.522046854954494,11.552088478485969,11.438711109796724,11.132770199332676,10.688533634178567,10.145392503492515,9.494308568519667,8.689264103888544,7.996008452917836,7.216078954316964,6.451037110289933,5.729552855694535,4.914364187711465,3.888466737561179,3.0111264851502364,2.0038478450763875,1.093656064029466,0.2415324210861292,-0.48931069918097336,-1.1032225063562953,-1.5315612203137317,-1.820922176296352,-2.001220824540793,-2.257684906047056,-2.412800105746803,-2.432415537577212,-2.3902330499672324,-2.220979597710783,-2.151448768380406,-2.0037743674115593,-1.897887628314852,-1.7936210443548954,-1.5981282283523028,-1.3795167038527998,-1.2030544786337516,-1.022731610030466,-0.8259821573456987,-0.686878306859822,-0.5926959010722671,-0.3904606493630276,-0.2854989447233281,-0.24473264915889698,-0.2778555104016324,-0.13478914684386575,-0.02859048930787574,-0.1032587397918746,-0.08636857266038538,-0.11618248097662412,0.028224305917767346,-0.004069079725535933,0
0,-0.010134747752066577,0.05394565884253818,-0.06607014714549851,-0.040285526156339714,-0.05006540023573719,0.04727209309253501,-0.009956432992673172,-0.14003889325800079,-0.07983412819780136,-0.07925347369381967,-0.14926853939531134,-0.29385685805343503,-0.34453733467759823,-0.42353324247267315,-0.5679716426444494,-0.6993538608773259,-0.8375428641382712,-1.0341671708348732,-1.2236993326673182,-1.3404299628674372,-1.4904519655727324,-1.647831388944824,-1.7228300968092822,-1.9296879986319686,-2.020381078170115,-2.058207009766481,-1.9374592943230882,-1.7207711085080228,-1.5596861691205224,-1.3001270008375383,-0.8920364743622946,-0.30304873402201377,0.4047428107437895,1.2304590769999721,2.113046310320856,3.1368581844763046,4.055207217816273,5.12988912610103,6.022366701607784,6.841078216195932,7.68139520177815,8.534553935866937,9.301057213112502,10.164125014102407,10.855965352336355,11.420265281965893,11.87813486909859,12.19253565395635,12.3586666244848,12.385933216238096,12.27070903594676,11.98448306793517,11.551235203333812,11.000269122720955,10.34947828274131,9.535289543847284,8.831473326034416,8.039635953610073,7.243335082455826,6.462293967803077,5.599565439543869,4.526756942428386,3.5926817595591425,2.5297863700902483,1.576663514002544,0.6763948064021392,-0.0883878652288568,-0.7270116142238475,-1.189837166298308,-1.4962556553674091,-1.6932456211808349,-1.9642173542755503,-2.1192691670607724,-2.119872880740832,-2.054009667435577,-1.864689991145147,-1.7813721746606455,-1.6154157794457666,-1.4940149692012874,-1.3785920432710812,-1.1767201731512624,-0.9619415449056045,-0.8100873185884631,-0.667001415684723,-0.5167429561022235,-0.41115291420822675,-0.35134296039661633,-0.1889727382124269,-0.113218206256306,-0.10425859232196853,-0.15622975025119004,-0.03769468290765695,0.04257945146246096,-0.050575271025280796,-0.04957435798478931,-0.08619734971866602,0.04941844815786393,0.005048281255709701,0
0,-0.008442916327788156,0.06101238891464428,-0.04518713230823288,-0.017667433767138425,-0.028499214467812947,0.08196409193199546,0.039218441269584146,-0.0685366248452623,0.0171775113078436,0.04456665423725932,0.01471005997256916,-0.09392627877132555,-0.11126303373838874,-0.1483781146459888,-0.24933814076624294,-0.33785868130776286,-0.4527352301577395,-0.6307987635537461,-0.8059716730009819,-0.924505515991369,-1.0865041939558258,-1.2517896396348942,-1.3407403279713161,-1.564845338264183,-1.6620216424619074,-1.7102413611478837,-1.594326016628615,-1.3737186727640323,-1.2041864410068075,-0.9424261728095888,-0.5209393928401376,0.0835492153160439,0.8301749791082145,1.6940116462326842,2.608961421763791,3.6692521277690986,4.648440965638683,5.767581138321574,6.702093641558967,7.562889670847586,8.43446026131944,9.301057213112482,10.08643853100615,10.947008002745696,11.614790521598144,12.168454575628463,12.619733339030518,12.91651575359133,13.07231634518254,13.09765640543982,12.988482577642264,12.71809114916964,12.2884576266737,11.748683511703181,11.119756196504156,10.307388845023453,9.58765636993024,8.787561995793087,7.962942430608255,7.145560783064023,6.246609837608947,5.134756457466032,4.141954808895913,3.0392631533086774,2.0481525275750267,1.106044751856749,0.2966377416181817,-0.36467722536019037,-0.8488681762302984,-1.1648326568168084,-1.376701862165467,-1.6558902359189034,-1.811686353326955,-1.803261120612397,-1.7304197262334047,-1.523259699844801,-1.4216971092127004,-1.2414451231224148,-1.1033647561883002,-0.9804091640270305,-0.7867746772226613,-0.584875415809678,-0.455638759177047,-0.35736845663658584,-0.2510779727729663,-0.19023852927673887,-0.16565503140150914,-0.04267219710522436,-0.008140776336402656,-0.026177028996312437,-0.1041585846674671,-0.006540689357547114,0.059384234659705444,-0.04453068404492559,-0.04074441051986124,-0.07708452857403507,0.05028887820184016,0.0036439869762189257,0
0,-0.006850580222983665,0.07495247658299573,-0.01159739018878621,0.01957809085281312,0.01295754240819114,0.1262449543456779,0.09768259201864343,0.00979755213570976,0.10526132502095194,0.15569354955094475,0.14779313351796738,0.06571850086799341,0.07179790382266979,0.06552144781863259,0.0011558356818177384,-0.061333702304941805,-0.16174834361075324,-0.33955003431010555,-0.5126171274307628,-0.6364172785820902,-0.8114462073206626,-0.9821155967453127,-1.0717994633182861,-1.2995984071529914,-1.3896798911315378,-1.4229179452880152,-1.2897993270945391,-1.0468827791045772,-0.8377292421153476,-0.5526168972467204,-0.09098540488249238,0.555157201986738,1.343550937227968,2.2449124801947047,3.206974106483014,4.315434001419054,5.348072328440154,6.523930753678941,7.500838692514819,8.394614071460785,9.287415487127666,10.164125014102375,10.9470080027457,11.809683842606006,12.462885324089099,12.993556175434213,13.423325761418392,13.709224994507155,13.857543641623401,13.88149324590442,13.778424788515153,13.519032174363735,13.107485693550604,12.590662835902194,11.97589957363605,11.161529040824758,10.4474823447689,9.644027475122138,8.801982559068179,7.956536418004063,7.020201279437018,5.856242401396921,4.810813701087054,3.658112229165418,2.6164903782568927,1.6315609244502023,0.7740148177085817,0.06493568033368557,-0.46553170684101747,-0.8133994748294225,-1.0720734877044165,-1.379028689284082,-1.5570477136519272,-1.5654304437187219,-1.5013521823956244,-1.291105652982201,-1.1861772966638744,-0.9939893770321007,-0.8408182135556801,-0.7080202890065013,-0.5126943611852162,-0.3077216894588947,-0.19226738676214022,-0.12184505247134231,-0.05289543577340692,-0.02448055181749799,-0.02397769760863558,0.07028073248565414,0.08324369146698775,0.041876948832736204,-0.04549376979188691,0.034213451101235685,0.08841336781143916,-0.015822006402469314,-0.014669884861927157,-0.05181103002484998,0.05934528966587006,0.0040407195898768,0
0,-0.0023027124570201805,0.09239391236522124,0.026297746152733795,0.0691376891632121,0.0674868763778488,0.18605411317475135,0.16804725071865892,0.08998131303315036,0.19127528358563956,0.2509804030883993,0.2502427655940586,0.18701814624685745,0.20510480337373488,0.2153060344644382,0.1837767789787851,0.14459787939346005,0.06053987251133761,-0.10196257975046251,-0.264092366151623,-0.37926607996471123,-0.5485255229813629,-0.7193927780553802,-0.8004969901389656,-1.013512002625566,-1.079451794309739,-1.0917702997356769,-0.940013141988739,-0.67586693116147,-0.43188874547081463,-0.12177742624110162,0.3702669877768419,1.032991939998959,1.8420954240555436,2.76961638105303,3.7635542452435216,4.901947638188014,5.956291043776071,7.158492710565511,8.165896421109222,9.082465126830446,9.981172606560527,10.855965352336328,11.61479052159815,12.462885324089132,13.104003836683393,13.615123701231495,14.019017934862505,14.288894795861953,14.423745682861865,14.447883563047766,14.358058809289954,14.113633865527033,13.72419212986025,13.227327392326394,12.626537441842187,11.82834331277126,11.138495155980221,10.34053921406024,9.497748258161796,8.634727617850022,7.671451323631019,6.4837184538041015,5.4140414400272485,4.228807696907576,3.154061188527291,2.136483148599365,1.2502580912941812,0.5185510436751376,-0.04920705382496967,-0.42914893768581686,-0.728335026994501,-1.0622195404591375,-1.2623212752941424,-1.291560288169987,-1.2508182916013246,-1.0519270491293358,-0.9519695917284939,-0.7537651083928423,-0.6015829277286547,-0.4722586390587402,-0.2850846948107023,-0.09172148415917167,0.006488852241643924,0.05100524863720672,0.08611170373226384,0.09430032242112142,0.08153622872150354,0.1557853202141613,0.1611082387959845,0.11006358861563675,0.017376292732586108,0.0891401860689768,0.13573782862113296,0.029272688460645315,0.027186223184865996,-0.019389583991789933,0.07400136504552897,0.007762065984689064,0
0,0.004406499969135994,0.1128550154817125,0.054031925523408186,0.10958659215367077,0.11219152706680263,0.23363755331437386,0.2212725281048264,0.15306634104663147,0.2653889917120489,0.3384564993868729,0.35395813202369353,0.3079060108828822,0.3475183083101872,0.3707011239295862,0.36424566335650693,0.348292592345212,0.27888265390462047,0.13496412140921837,-0.015960140164555967,-0.11944471395526149,-0.28409629729383706,-0.46531397145966125,-0.5436015819288155,-0.7418194177313309,-0.7943859459232768,-0.7882739742090946,-0.618421141988963,-0.3378914280410791,-0.07981197177216941,0.24233699632954062,0.7511532873591722,1.4353389666415384,2.2653072017525666,3.2234791320818736,4.231234280835098,5.386457477076636,6.458535638224888,7.685190417044157,8.712365064203158,9.639186822233922,10.540261817725069,11.420265281965891,12.168454575628422,12.993556175434259,13.615123701231541,14.107254884634695,14.49302252666242,14.751066118561972,14.881273241428612,14.904320269774635,14.818903757839529,14.586358401599982,14.21678096473983,13.739258521740316,13.158966048830713,12.384793179124346,11.707479456473168,10.90609052083412,10.065740757317917,9.197115409638045,8.217650425695451,7.008006787683752,5.919648807371328,4.714412885122931,3.621195977311182,2.5660089735796348,1.6524021273968699,0.892581299946482,0.29978164017651737,-0.10076268199299028,-0.42139145046855253,-0.7772874070940903,-0.9973985756452893,-1.0476568733209817,-1.0191716166350078,-0.8336692198748866,-0.7349566667609964,-0.5237368756462705,-0.37038297685836835,-0.24416598180589635,-0.061357953714281016,0.12030391929813415,0.20741287389521398,0.23108154297346456,0.24232404710774075,0.2365606653593826,0.20183235119186785,0.2584158228276926,0.24585829922606475,0.1805156950129728,0.07530259944017596,0.13684506944104255,0.17855361318925578,0.06927199055982801,0.06413237480025272,0.0048997809630116325,0.09160637516374204,0.012863885507276651,0
0,0.01679024362165036,0.13434916474583242,0.07889193186810843,0.14716608253835545,0.1567838040312617,0.28348527006590324,0.2671235632109638,0.20148117058518825,0.3251022911019922,0.4020337474355776,0.43477731202011977,0.3985985803396835,0.46011366481554505,0.5010877844737391,0.5062324233391837,0.5184843132074488,0.46136350124638315,0.33985974333500235,0.2092804130842533,0.11502292345847373,-0.040723070068807335,-0.21587606744944315,-0.2798043267701277,-0.455836637137439,-0.48451111550184467,-0.4543008318349804,-0.26622423099592707,0.038333699760112104,0.31373900536469146,0.6459353475719046,1.167585365788208,1.8664211917455642,2.706306201482193,3.674087186470125,4.685253323477273,5.841502396045067,6.931080009682404,8.163810456978432,9.194740114140206,10.118631044773243,11.013759012595143,11.878134869098588,12.619733339030523,13.423325761418404,14.01901793486254,14.493022526662424,14.867489604296203,15.109386424725457,15.230864492748605,15.253063630389153,15.17641430544222,14.961675829613876,14.602634218063113,14.142308105186851,13.588009500016998,12.836978002586072,12.168968938855846,11.385558847046843,10.55359997527052,9.691156362431238,8.710609110870362,7.495954826515135,6.390472565651788,5.182491368148279,4.080690548263665,3.0106079027555643,2.0826309171518935,1.3034544867102045,0.6908272345678601,0.2738897030280015,-0.0697840682345296,-0.45275171573010226,-0.6959621261725274,-0.7730209599364039,-0.765784352670705,-0.6013085241588412,-0.5151065299450073,-0.30789001254238624,-0.15874573795809174,-0.03532740600683135,0.13353157136868687,0.29645863435078185,0.3737859422454134,0.37113298121814176,0.3722467228871085,0.3496516642212787,0.2947732827618136,0.3431562188169401,0.31400182003581273,0.24646073847042538,0.1303116771527546,0.1901746087587339,0.235717147075242,0.12135092458394554,0.10993028638811976,0.03573668197885762,0.11653902150226739,0.025898898244014812,0
0,0.023770583317110284,0.13841851643117623,0.08302986423909148,0.15583435990628022,0.18115733650197602,0.31145252114397187,0.2932570673617413,0.22949958656754424,0.35752234622978474,0.442506717136589,0.4767402108133343,0.4532674122078448,0.5302605388620087,0.5908430050810003,0.6133862043140705,0.6431986676157891,0.6129041906714117,0.5128172238100793,0.4060320197377554,0.32961026315523084,0.18283055458926767,0.03048234565752097,-0.009772525129441576,-0.17193813246508416,-0.18403468896668182,-0.13381104810778918,0.07422460955445132,0.39091695752609656,0.6753361551757322,1.0156270181910756,1.5509177780005619,2.2460039053327243,3.080383499729473,4.042840608823848,5.052275769950622,6.204116879616227,7.294239092372788,8.521662776565428,9.545941813540432,10.46871358537713,11.352852714237253,12.192535653956332,12.916515753591327,13.709224994507165,14.288894795861909,14.75106611856195,15.109386424725468,15.335322370884198,15.453517297039632,15.476216936032534,15.403025892568733,15.203925215168173,14.859328846352978,14.411640383893435,13.872908004460818,13.133187387504034,12.485018593311567,11.728327522045634,10.908241563561864,10.050527998198302,9.077557375819849,7.867213642098584,6.7612134508824,5.556208313347367,4.453214675163115,3.3864572060059746,2.4604569278598625,1.6802198829630508,1.0497470921044116,0.6200823902667402,0.26371869225844324,-0.13454440727272127,-0.4014107213185105,-0.49863582983480775,-0.50664070410396,-0.3539723930079787,-0.28970045332656763,-0.10233043116825387,0.0405678962006293,0.15120834417822665,0.30045761713692726,0.4438582854128427,0.49635956007809234,0.4777626275303055,0.46356907914347806,0.4236245979395204,0.355725833662193,0.39218768833560874,0.36261158905413315,0.2876220918742522,0.16825733053643682,0.22649823398108168,0.27347101154028913,0.15656403325690085,0.1298681566227261,0.049782865154826564,0.126051596945563,0.0348101020544455,0
0,0.029611282676705843,0.13589528383481742,0.07984052586220428,0.14544270891312863,0.17639307052231906,0.30308801716524375,0.28149706948192227,0.2196715751831268,0.3560147653902315,0.4583897251282724,0.49626048534005507,0.495956159579876,0.58102241571862,0.656277690904949,0.6955132320183304,0.7276561648755172,0.7243943313696862,0.6417744341311373,0.5517992351061781,0.48970845722753975,0.3435793845961302,0.20215931227272937,0.17233604348593168,0.012002921647926728,0.008330905714894182,0.07025865811636958,0.2936961203538171,0.6036370193861353,0.8777767868525589,1.2168348777674545,1.758948950480522,2.4423774362311836,3.2830097825201245,4.24807643178538,5.254693461197597,6.40013409121883,7.482087476862097,8.702697791725335,9.72030649529068,10.643106809551513,11.52204685495446,12.35866662448478,13.072316345182514,13.8575436416234,14.423745682861808,14.881273241428595,15.230864492748607,15.453517297039603,15.575309887341636,15.598994464961189,15.52119752517376,15.323953931587218,14.988760652090418,14.54955188890526,14.023408695706477,13.290445784492961,12.65328951087761,11.900474545601602,11.085209894878309,10.229821626766753,9.263847702520282,8.061380208316763,6.964172479218033,5.7625677734344185,4.6602197367912215,3.590324929432422,2.6555510364741566,1.8833859749440873,1.243931656515531,0.8127126869258592,0.4647657458194706,0.06999286427328656,-0.21397578367104805,-0.32117446367236585,-0.33919396899727233,-0.18755290839907496,-0.1347243128352047,0.04217912000651735,0.1857905535036178,0.2865242082215877,0.4226879973000472,0.5528707446746004,0.58163400338452,0.5623827573689177,0.5340893945830765,0.48073576460986206,0.40590786670330703,0.419189037839157,0.3868284233286627,0.2937395381816003,0.16692408119251326,0.2218477415540854,0.27021912250057395,0.15709225819278447,0.12349964381881152,0.050048883293943615,0.12431843859063178,0.04023249290488532,0
0,0.027468607332983827,0.13249526951742074,0.07388161969569906,0.1382922046500359,0.16852231436694765,0.2944002913024701,0.27435826674557723,0.21246220080148312,0.3497358665870762,0.4544102507466596,0.4940621237784785,0.4965378776516852,0.582996087272248,0.6595720119142747,0.702590312964392,0.7388743912971798,0.7393853024595978,0.6628581590623649,0.5790775934276081,0.5237694498929375,0.38382962630998124,0.24836953008061313,0.22492970096488044,0.06875210301326135,0.06842818534816754,0.1341883204955758,0.3596029728742281,0.6713381774697847,0.9454733538869882,1.2831676091073638,1.825151623517514,2.5072713389969548,3.346655914757429,4.30953265848949,5.313125935910955,6.453858602570518,7.532173497282049,8.747120013421354,9.759596071032204,10.676444689297782,11.552088478485926,12.385933216238023,13.097656405439773,13.881493245904348,14.447883563047748,14.904320269774573,15.25306363038915,15.47621693603253,15.598994464961205,15.622745159773995,15.544048227757402,15.346598766360527,15.012319837182288,14.574500624232286,14.048196564416749,13.31662751968577,12.681371948156027,11.931291877273264,11.118938476874098,10.269010191160024,9.307816763929434,8.1107706083895,7.016714844514413,5.819684458663049,4.720739635977335,3.653275852416787,2.719989589242779,1.9496779992319304,1.3104970610103082,0.8807349595925846,0.5325399059262348,0.1358682296397584,-0.14995206025414368,-0.2608986973123486,-0.28248222406546913,-0.13513538842786638,-0.08899617278078814,0.08153915636501884,0.21845426913048277,0.3116565440499198,0.441219943283055,0.5646787763797924,0.5893738191478126,0.5661301665029906,0.5346084517220367,0.48020222819154895,0.40409395440208007,0.4149620646480404,0.38107207114491776,0.28604110864341414,0.15835222187115225,0.2132132202672425,0.2603764570471681,0.1483899388418984,0.11591532785177715,0.0440593625608037,0.12078416450230194,0.03812638228518885,0
0,0.020333555991408965,0.13185788416267732,0.07163786775422556,0.1401531900621421,0.16251872930186562,0.2910513548735506,0.27517601029148503,0.21352009524259524,0.34592989162757837,0.4379852448641578,0.4803223676979444,0.4651757446611369,0.5461273964623928,0.6116759836611715,0.6432100208226313,0.6838199417339049,0.6644865358625619,0.5787974705733862,0.48703486270735946,0.426194926331842,0.29528730845339807,0.15790718975575666,0.1340625766289523,-0.015500307896882351,-0.018499020274237814,0.040371388410263255,0.2529999941589379,0.5733141016515912,0.8591726427787073,1.196580530106732,1.73017251683296,2.423026605020553,3.2561039295934315,4.213414251621339,5.215099352178675,6.355745031851315,7.4337996270053965,8.645605865956009,9.655541853171785,10.564330063773097,11.438711109796715,12.270709035946714,12.988482577642223,13.778424788515125,14.358058809289915,14.818903757839484,15.176414305442181,15.403025892568728,15.5211975251738,15.5440482277574,15.471349188283781,15.27247603807422,14.928959983029662,14.483204389088964,13.944732641582014,13.208055933633746,12.566131331262396,11.81672151363289,11.005292553758881,10.160381350758447,9.20052162465719,8.004835710904208,6.909915843312737,5.7158529400886104,4.621496885025901,3.560547135027376,2.636500731724941,1.8595931232497658,1.231218389099143,0.8044456014642256,0.4464369959508409,0.044512576934525594,-0.22714095718968697,-0.33321006625454513,-0.35115461265905,-0.21187327046998075,-0.1651157317690216,0.005886589666899111,0.13116312537684396,0.2244957545688396,0.3574373118747977,0.48526296036565053,0.5266998019499661,0.4980679870873064,0.4766513131838222,0.4328224397536435,0.36136183420937396,0.3904412618577624,0.35371325176104645,0.27241479900675686,0.14891929038848387,0.20481230096362046,0.24997481347637324,0.1355962953255174,0.11267107625331754,0.03769921952220983,0.11877455020857584,0.031133577375333354,0
0,0.013898025517365466,0.12835628842644364,0.06947318166328492,0.1343135175088369,0.1413553396171415,0.2689440511876444,0.2560412168120238,0.19658552199722643,0.32776671014862646,0.4149253289478057,0.4606004637550204,0.43538946414332735,0.5042349128295809,0.5514258376023096,0.5674730512497514,0.5937771401398737,0.5523127209594034,0.4494063246369178,0.33997271155078856,0.2688581709491636,0.13511688647109735,-0.01757853352248764,-0.06079963582904742,-0.22162355904391193,-0.23691897609092108,-0.19506646266153205,-0.00104378819355742,0.3059086929606931,0.5830232372053,0.9124188399418188,1.4293426269880944,2.1237650731407576,2.959676755209832,3.9217397114013894,4.921413222767042,6.0617663717078045,7.131645809992154,8.341226512942606,9.349053497385855,10.25317857599072,11.132770199332672,11.98448306793517,12.71809114916961,13.519032174363755,14.113633865527051,14.58635840159996,14.961675829613826,15.203925215168105,15.32395393158722,15.34659876636051,15.272476038074249,15.058243892747992,14.699066350197922,14.241269905151867,13.688844244161148,12.940514899704517,12.280398925050967,11.508762506626178,10.690712364999113,9.84636861350792,8.886914479296541,7.693371421148437,6.605966087467317,5.413371575205345,4.323734922007088,3.260503629848915,2.337649833079414,1.5640492353635052,0.9565844848629267,0.5423924440660086,0.19693761050284433,-0.18885701179563488,-0.43846777992451696,-0.5275275190555442,-0.5344400035461857,-0.38679617895852253,-0.3228306015627893,-0.14008826766236948,-0.015434831205684922,0.08279539701691097,0.22846605412648227,0.37166962395163755,0.43314146420678923,0.4179269727571564,0.4106774122374358,0.3836070046883899,0.3227968988358796,0.36133155620026464,0.32052211960333166,0.24360287685148838,0.11982540738570104,0.17352250962633295,0.21590147816282704,0.10174408142892823,0.09426892802034574,0.024357678719505282,0.10940245115652368,0.022295882880310706,0
0,0.0069170620327481626,0.11691933106841114,0.06113859263381958,0.11694692767827854,0.12096461901639637,0.24609417220115384,0.23885732608971003,0.18038645905980968,0.30170834173998407,0.3861319384034031,0.41408049349586984,0.37842430517508646,0.424236995736681,0.45175892244092813,0.4538428785208605,0.4511273779331822,0.3985949207595576,0.2743025868538994,0.1472448318449247,0.06976641098836622,-0.06625097446328576,-0.21891617469757962,-0.27217060757503636,-0.44835902631664054,-0.4813470381139843,-0.4603742732062892,-0.2794156018720711,0.006947645695613891,0.26912504392948416,0.5890381814211836,1.0948984867161426,1.7736169143358387,2.5983621696238095,3.5495954382520467,4.541759662311041,5.674589083991286,6.719383807799167,7.915839000269619,8.911540485882677,9.81210561382499,10.688533634178587,11.551235203333837,12.288457626673722,13.107485693550656,13.724192129860317,14.216780964739883,14.60263421806307,14.859328846352938,14.988760652090388,15.01231983718227,14.928959983029666,14.699066350197896,14.33037279757276,13.853742304422155,13.27910612189345,12.511037244817022,11.84415774172603,11.058851351567723,10.240901541438534,9.39590984151173,8.444752562665775,7.262641890916911,6.199650080165435,5.015930774365549,3.9387992822362237,2.892171455656953,1.9857381448521845,1.232842490721875,0.6440279272842819,0.2458948384096519,-0.07840095742504884,-0.4397575467129417,-0.6712464256750953,-0.7367662712410449,-0.7283862799904196,-0.5664315823344979,-0.49501781959208313,-0.3147995104196806,-0.1934940531762697,-0.0961849749256991,0.05953001010263364,0.2199810845168497,0.2896302123692684,0.3012511988596633,0.30654038484001617,0.2985379882767171,0.2598810178624242,0.3074677191235053,0.2840990901068441,0.20844431890733015,0.09478662769734915,0.1473821034958873,0.18461837280886542,0.07312863746208254,0.06810398917766965,0.009658434001920457,0.094391800000696,0.014625485617324106,0
0,0.004257692387641131,0.10612353154403638,0.048402678760720706,0.09739659470970424,0.10319097369771349,0.22903500415320996,0.22112086102380007,0.15577046653474788,0.2683297489957657,0.34145966961170426,0.3515275798063526,0.29830300386420716,0.3219533694531249,0.3339748038431383,0.30818855509942494,0.2796522370404647,0.20950797822253805,0.06549299812912053,-0.07325924773612853,-0.1620685991517152,-0.3023422014163408,-0.4446565094912026,-0.5007428145677184,-0.6917470031630527,-0.7381807386114058,-0.735667350332503,-0.572013978394121,-0.3011292696355149,-0.05407538919845685,0.253300000791611,0.7465471389427788,1.4041605515535287,2.207048629093499,3.126657449675137,4.105164673765896,5.21905927999599,6.245595491951168,7.413710101047019,8.386903861263237,9.27406251395571,10.145392503492525,11.000269122720997,11.748683511703245,12.59066283590226,13.227327392326513,13.739258521740416,14.142308105186908,14.41164038389344,14.549551888905226,14.574500624232279,14.483204389088987,14.241269905151887,13.853742304422186,13.357699525700587,12.762200736454306,11.97037061964364,11.29003949712368,10.51033986816924,9.691911763362087,8.854910925308275,7.921783737106734,6.764785539527856,5.720427160324353,4.558469329146272,3.4992276183575814,2.490917258368916,1.612885228456721,0.8880064433075292,0.3202853493324916,-0.05638038106055082,-0.35830254483579127,-0.6981952906810632,-0.9101656922048019,-0.9544504222831015,-0.9335331278611676,-0.7578934981333095,-0.6855729541408625,-0.5185240453394314,-0.39894731548315,-0.2992310167962961,-0.1384139823020141,0.035043645745470156,0.11896178492559675,0.15401720302788177,0.18610692903524023,0.1949121734125609,0.17952005043855027,0.24511745349908326,0.24058855869586693,0.17676390588930094,0.07324919186303991,0.13317000742749766,0.1705159920431743,0.05814358272295235,0.050132433138440666,-0.0011342286105414075,0.08528196083080353,0.013151374607604476,0
0,0.005220672229340955,0.09969080262066128,0.026842385970996422,0.06865087443139416,0.07319756998490355,0.19664596015936847,0.1798405814401164,0.10517166149338505,0.21315878004548577,0.2765203962858109,0.2790723771511465,0.20627504124780088,0.21540007953065976,0.20967505755201535,0.14768193027734225,0.09137780275800356,0.00034621396225378116,-0.1622780396520632,-0.3141743075607047,-0.4122068099189231,-0.5592977129227472,-0.7025246050287682,-0.7642899292497338,-0.9668244787198635,-1.0360107274859864,-1.0520749776445135,-0.9033550705670637,-0.6478751959461533,-0.4305548769030465,-0.14468195705221887,0.3216798711763255,0.9654922306784154,1.751022312164332,2.645546217119995,3.5946874183005764,4.679922429794531,5.684814885585846,6.825109614364693,7.767569932039933,8.62969861064859,9.494308568519708,10.349478282741334,11.119756196504184,11.975899573636097,12.626537441842284,13.158966048830774,13.58800950001705,13.872908004460871,14.023408695706475,14.048196564416795,13.944732641582013,13.688844244161146,13.279106121893426,12.762200736454341,12.150577912491968,11.342863064241305,10.640162079276822,9.85583588281473,9.038215174479282,8.220675605137762,7.314076924210034,6.1817578716392605,5.161197691318797,4.0300776812526395,3.001480771239252,2.0248693003575884,1.17221839525966,0.46773973341816183,-0.0656298120858003,-0.41288438843809944,-0.6782844296546197,-0.9960647137424881,-1.1893211644587027,-1.2147145508016015,-1.1719025808629757,-0.9881162251627239,-0.9137896099891993,-0.7521449876911636,-0.6309545576783474,-0.5273980377710522,-0.3563620934306864,-0.16826361429314698,-0.06273284465123301,0.0018274091324629882,0.07077042358078915,0.1011930717345377,0.10163429322412795,0.18820213714091663,0.19157245010529053,0.13789229466977482,0.03890697303299653,0.10658277628139506,0.15003519836820464,0.03689921104365924,0.028036220819782767,-0.01825432888213077,0.08075023644833969,0.014558810328020484,0
0,0.003820636578353881,0.08708518858732577,-0.004605977861918944,0.03645332666353196,0.03935970321843036,0.16322212707519435,0.1338038553846278,0.03843768972937046,0.13523348544426225,0.1734372054496388,0.15207800729913906,0.051097629940273594,0.0355481570365751,-0.002185933234378679,-0.10032350142658121,-0.1847285873132585,-0.2919453486306371,-0.4552355194344851,-0.6078865870119077,-0.6972229977959522,-0.8314771256985356,-0.9679221967703742,-1.0255473266661208,-1.2231456723580192,-1.2972909988777075,-1.3253246644450967,-1.1912204249176415,-0.9534551388044112,-0.7706107257255503,-0.5036089815932445,-0.07520189236240966,0.5287365374683751,1.273719009519857,2.13362949671333,3.036597510477631,4.075194523444027,5.028237414907372,6.115216899747621,7.016381329566523,7.844802161903485,8.689264103888561,9.535289543847307,10.30738884502345,11.161529040824815,11.828343312771311,12.384793179124399,12.836978002586083,13.13318738750403,13.290445784492956,13.316627519685769,13.208055933633755,12.940514899704517,12.511037244817048,11.97037061964368,11.342863064241309,10.53606134753113,9.827897767078126,9.045366265209626,8.243413984606372,7.454188234738306,6.5836015903213845,5.499665536333856,4.5296001192003645,3.446451752398336,2.467543849803559,1.5311605317875558,0.7255275160097253,0.06757153041382197,-0.42095073248818343,-0.7397397749892635,-0.9621613080630878,-1.2561166162888735,-1.4287534847691745,-1.4393400992462677,-1.3891383091502723,-1.2095281716333675,-1.1415770411182808,-0.9933095145721901,-0.8871699047818822,-0.7968482707938506,-0.6290588570307447,-0.4439203328814111,-0.32369050391965826,-0.22999631567298662,-0.12482588754200212,-0.061323678827704765,-0.0358955706385908,0.08078652135603033,0.10737418479255599,0.07905979451538012,-0.009089353437866253,0.07750782881839159,0.13131841827638527,0.015283182899770544,0.0064941552804030425,-0.0420021399922402,0.07267914165006048,0.01414682448111399,0
0,0.00002705417323122074,0.07582568405871984,-0.03231461827283305,0.0053263250979788245,0.00837462794095781,0.11885495692652001,0.07420662443316565,-0.04472410652112767,0.02475173730344121,0.03492534488333118,-0.0269148953591601,-0.1635768713866294,-0.21188083476869438,-0.2905885021725014,-0.43040091660597435,-0.5561639373749979,-0.6866597658422647,-0.867565659301229,-1.0331949950102726,-1.1215970396014054,-1.2439129607654384,-1.371988822869658,-1.4134044891542379,-1.5912772798012722,-1.655783283469001,-1.6712087230518196,-1.5309404006557035,-1.2941693237303697,-1.114515810117137,-0.8457241989299709,-0.4263459452186342,0.1657761245015072,0.8755407145310474,1.7004257364162465,2.5723900535453508,3.57862237423615,4.4766965473332165,5.52512106460693,6.388359229441778,7.180210980895743,7.996008452917874,8.831473326034445,9.587656369930313,10.447482344768945,11.138495155980264,11.707479456473173,12.168968938855889,12.485018593311597,12.653289510877629,12.681371948156023,12.56613133126236,12.28039892505095,11.844157741726022,11.290039497123706,10.640162079276855,9.827897767078134,9.132290091542599,8.354649143649624,7.57775493138954,6.818937806713359,5.980310076105014,4.929664529568291,4.01272732097994,2.965445804026909,2.0231779012154516,1.1253262089158542,0.3608936072729301,-0.27747039170340726,-0.747957226869407,-1.0600827111242366,-1.2716969260291713,-1.5594425312529732,-1.7320102711529586,-1.753179392811843,-1.712539201713191,-1.5531744853887766,-1.5059414722374735,-1.3723341542388698,-1.2831668062625146,-1.1994928043637374,-1.0247921619236136,-0.8275453848310095,-0.6848446413112601,-0.5481084148679132,-0.4011703444250829,-0.2945343056654938,-0.2350625213342192,-0.07946833701179225,-0.01123737556953452,-0.01116818795980824,-0.07131537292006891,0.037378113793858955,0.10621857569194816,0.0008669468621761292,-0.01018540576078229,-0.057608335739266034,0.06766516608562274,0.013495079110827948,0
0,-0.012992152356249882,0.04515388218962344,-0.07713284131345331,-0.051116583677449416,-0.06844085295769807,0.019596364808414615,-0.05550160029359272,-0.20243181053989184,-0.1569235546449158,-0.18255592979047125,-0.2743167043798463,-0.4492338757336401,-0.5287579782535413,-0.6395603720484605,-0.8259648955264182,-0.9869747535217333,-1.1431632616846836,-1.3301695650875602,-1.4920520210132446,-1.574653303985475,-1.6840660425854157,-1.7978121774750841,-1.825858136190218,-1.9849112194941267,-2.023505791794178,-2.011532060046963,-1.8624427346679162,-1.6315930602702913,-1.4570577787781607,-1.192998089402804,-0.797908732770495,-0.22059013064866734,0.4618979222660701,1.243144190027951,2.076581401986981,3.0334164446804572,3.8808401479407983,4.886365896375237,5.702641967703743,6.432344780074946,7.216078954316954,8.039635953610096,8.787561995793132,9.644027475122181,10.34053921406024,10.906090520834129,11.385558847046845,11.72832752204569,11.900474545601664,11.93129187727332,11.816721513632896,11.508762506626164,11.05885135156772,10.51033986816924,9.855835882814768,9.04536626520964,8.354649143649592,7.585998274010329,6.835172804608541,6.128087123593497,5.3307439077245125,4.320499608092084,3.4520956730073062,2.4541686767096054,1.5513001816883223,0.6988695652208575,-0.03268476437633935,-0.6474270117120445,-1.0856899518606995,-1.3839853558654802,-1.5828259739281216,-1.8580405985567303,-2.0332178047426184,-2.076127000539832,-2.0601433575620907,-1.9214051563470622,-1.8897849576779,-1.7758104520558569,-1.7029907717173018,-1.6302802766493951,-1.4628835482046127,-1.2628619084259003,-1.0961793724738276,-0.9251665609978971,-0.7342239728801665,-0.596818947433793,-0.5061957253534912,-0.3108125259810356,-0.21205234050784227,-0.17669792708951618,-0.21459807019059912,-0.07892367010452361,0.01799982689480115,-0.06735420896788777,-0.06029635720347576,-0.09870111856927709,0.03951528805139918,0.0006845006266515964,0
0,-0.044715043404338004,-0.016616043355039554,-0.15619107282076203,-0.1537251984594388,-0.19699335481043503,-0.14083260270633907,-0.2468070111040308,-0.4146536809023709,-0.3971029733606168,-0.45339242424937937,-0.5821028025896116,-0.8008099940864984,-0.9129634052077512,-1.045594020777427,-1.2586131909772786,-1.450079380541826,-1.6167211162377972,-1.8030893153854937,-1.952480725353994,-2.020607012950345,-2.108411187337208,-2.195698577322786,-2.2029158561407667,-2.328350165531142,-2.341755867854833,-2.3077324128885466,-2.139610731221126,-1.9083157202082788,-1.7379231583688666,-1.475857896200761,-1.1058468193283437,-0.5435075598748418,0.1100848241557853,0.8468015661735169,1.6297449329349263,2.5361418085831176,3.3195069979758824,4.2686751337118745,5.028430516301562,5.709244140270117,6.451037110289919,7.243335082455845,7.962942430608271,8.801982559068227,9.497748258161828,10.065740757317931,10.553599975270558,10.908241563561928,11.085209894878293,11.1189384768741,11.005292553758862,10.690712364999134,10.24090154143851,9.691911763362102,9.038215174479282,8.243413984606349,7.5777549313895145,6.83517280460854,6.120223292838901,5.452631350804165,4.705169615081285,3.746268716975658,2.938647958582918,1.9901438964253864,1.138598596208266,0.3344414423268415,-0.3624651071036289,-0.9567716583639005,-1.3615140275884514,-1.6495169585542115,-1.8357527510170941,-2.102243944572428,-2.286124215738641,-2.3456071696627125,-2.3534535624479,-2.2485957761591635,-2.239344402115805,-2.1564250285024884,-2.1103031196142923,-2.058235209661552,-1.9078001063552077,-1.7112426398531169,-1.5361001556580962,-1.3364212195245457,-1.122501877580706,-0.9649236261973425,-0.8442228575465556,-0.607086244795018,-0.47253413532580396,-0.40951894834249086,-0.42200809329315536,-0.26630299879977787,-0.13961975002643143,-0.1941640210131051,-0.16216391486036147,-0.17747378412993786,-0.021705722798888598,-0.030962640430951423,0
0,-0.07954431195066557,-0.08307060356259104,-0.2393238145852376,-0.2621644177639553,-0.33658993101882523,-0.31826615344231074,-0.4546187597759277,-0.6499464197514431,-0.658263794858229,-0.7403285810311016,-0.9060118750674078,-1.162791270377824,-1.3038149219278057,-1.4508811878506143,-1.6783119659823822,-1.8890732297036352,-2.0667037710230094,-2.246350240760778,-2.37658597347394,-2.4296421856416814,-2.494495247954502,-2.5496577809922996,-2.538513115152682,-2.6246359316125427,-2.588449026318127,-2.520866271201677,-2.334139181611984,-2.095604115960167,-1.9252436229339682,-1.6596553565650862,-1.3079924066983644,-0.7711805338884743,-0.15340465148850047,0.528770506918779,1.2589708364452579,2.1132057064008922,2.8365846736972737,3.701083119395594,4.394698602357594,5.034119332573733,5.729552855694525,6.462293967803102,7.145560783064049,7.95653641800408,8.634727617850054,9.19711540963808,9.691156362431283,10.050527998198362,10.229821626766785,10.269010191160024,10.16038135075841,9.846368613507936,9.395909841511722,8.854910925308234,8.22067560513773,7.45418823473832,6.818937806713367,6.128087123593479,5.452631350804115,4.818790996510563,4.131327126520099,3.249745204502708,2.496886540688669,1.600376369154718,0.8032390184462285,0.05724200267082254,-0.5983667738522978,-1.1608168674423756,-1.5375861896543885,-1.8169018972927788,-1.9937985546886734,-2.2590352793666164,-2.4533027180654274,-2.539812954027276,-2.5941137706750985,-2.5270871737138196,-2.53863723252024,-2.492963370389434,-2.4749244423508405,-2.4474626753508804,-2.321232731625199,-2.1371722394876604,-1.957791307401905,-1.7439569425422807,-1.5206995214408001,-1.3517980582599145,-1.2036721242615978,-0.928696655997398,-0.7560742222216994,-0.6664323198185147,-0.6529796088658,-0.4686549033242706,-0.31092401790883084,-0.32713055584790784,-0.2647909005816573,-0.25517677654262316,-0.08342335974255036,-0.06344832520420543,0
0,-0.10814784636204695,-0.13892744457158693,-0.3133865378309293,-0.3669471810915465,-0.46950080806589695,-0.49006963189519187,-0.6520999370116733,-0.8663922576386434,-0.8937103527167193,-0.9890721361109168,-1.1745008955025393,-1.45599670595849,-1.6154240506556063,-1.7584411141728478,-1.9905157956248574,-2.2067194840416904,-2.383081453351454,-2.5665217724716367,-2.692044325030223,-2.7356569180542363,-2.779656738149459,-2.814840276366214,-2.791759922966397,-2.8480331140926514,-2.7869412150172397,-2.696791900694705,-2.5009940332770935,-2.2671186038021047,-2.1115904363545215,-1.8620367107522067,-1.5408967981981756,-1.0281344940474142,-0.4499143903036628,0.16269657393734446,0.8291905357994891,1.617480552672549,2.2788523914039334,3.078898154451526,3.7064345467674973,4.276366490114986,4.914364187711495,5.59956543954386,6.246609837608954,7.020201279437029,7.671451323631056,8.217650425695473,8.710609110870422,9.077557375819895,9.263847702520282,9.307816763929413,9.200521624657199,8.886914479296546,8.444752562665746,7.921783737106712,7.314076924209966,6.583601590321357,5.980310076105036,5.33074390772449,4.705169615081276,4.131327126520083,3.5023695355159497,2.6790501096868606,1.9855276848641734,1.1536344911650465,0.4200133275273767,-0.25325354327383537,-0.8641547321194715,-1.3966313772540833,-1.732649741376249,-1.9856302533352457,-2.1397195703982415,-2.3913058633961586,-2.587413897318395,-2.6913890989320177,-2.7698073802618977,-2.733118461930967,-2.760443747665454,-2.740486307752653,-2.748012453769872,-2.7367863220997357,-2.6191660962480956,-2.4379779648631326,-2.2622135815419036,-2.0459997762378497,-1.821778150132916,-1.6567040474462154,-1.492297541308224,-1.19236263709866,-0.9983177545478767,-0.8952869203339433,-0.8623649352954056,-0.659131416522465,-0.4750705286208629,-0.45233778772408545,-0.36303614564313,-0.32261220458200685,-0.135614373423186,-0.08965974537759745,0
0,-0.12360409635899264,-0.1747781795068117,-0.3646757019125457,-0.43556921133103765,-0.5616416281788356,-0.6009707117907487,-0.7797305118643031,-1.0121739457045253,-1.0494769373113877,-1.1641437818097837,-1.3622855056837502,-1.6623170555739637,-1.8342658318555967,-1.976616883645913,-2.208988005941903,-2.4181825759560533,-2.579814790486867,-2.7506636779062985,-2.8709879154310816,-2.8954738850448436,-2.9174414667085236,-2.931577286796539,-2.9037202613835436,-2.9482901490394724,-2.875665515000946,-2.7807586431096536,-2.5997819448602955,-2.393883062270843,-2.2876040239518645,-2.074682737405919,-1.81349449144301,-1.3592267566496485,-0.8549761481622465,-0.32579199372495743,0.2621958157083899,0.9603356171036301,1.5395588692458873,2.2648219606201128,2.826580183753442,3.3084450412019435,3.8884667375611643,4.526756942428337,5.134756457465994,5.856242401396925,6.483718453804097,7.00800678768374,7.495954826515169,7.867213642098591,8.061380208316743,8.110770608389476,8.004835710904205,7.693371421148459,7.262641890916918,6.76478553952784,6.181757871639232,5.49966553633383,4.929664529568296,4.320499608092065,3.746268716975609,3.249745204502671,2.67905010968686,1.9255747073625984,1.3106353300698317,0.5658960049066307,-0.08961995318885643,-0.6774213194237011,-1.2126019553625729,-1.6808699913727123,-1.9490250370011097,-2.1554965926161445,-2.2529103593518416,-2.4698752945899507,-2.644038715999367,-2.74665404326605,-2.834279770086576,-2.8094969566302748,-2.8424646442380728,-2.849061739384931,-2.8779851586434733,-2.8902484548821223,-2.7808914540083793,-2.6168178805825706,-2.4582429117303035,-2.2511071357989003,-2.0302957214914668,-1.8678908330156445,-1.693602068740719,-1.375298798700846,-1.1691309741431286,-1.0471150105329194,-1.005611729883906,-0.7842684132254436,-0.5837076553388649,-0.5409720619647156,-0.42741905935843666,-0.3703489554331176,-0.16855102308503228,-0.10496448914352066,0
0,-0.1079577188798842,-0.15329323150376256,-0.3425983001695696,-0.4203511498185823,-0.5513440701047899,-0.6063954202744978,-0.7947548298515017,-1.0426668193217576,-1.1023591319356545,-1.236935129224218,-1.4604645503629945,-1.7791009138346414,-1.9690408840360012,-2.1247956070757534,-2.367451468416938,-2.584168251623526,-2.735298355235029,-2.907270681302225,-3.0408651346406916,-3.065853029610324,-3.066164120936821,-3.060513377703581,-3.0150369416724816,-3.027804399289595,-2.9412465487130315,-2.834120421780979,-2.645676016849378,-2.4449141480085554,-2.367708696588745,-2.18503278012319,-1.9693737026923193,-1.562468763195181,-1.1287753130489726,-0.6774349590317349,-0.16608337901016504,0.4526465486301352,0.9370997495355199,1.5785525086797996,2.074455030966437,2.4956779480148406,3.0111264851502737,3.5926817595591136,4.141954808895885,4.8108137010870236,5.41404144002723,5.919648807371328,6.390472565651781,6.761213450882396,6.9641724792180675,7.016714844514394,6.909915843312742,6.605966087467271,6.199650080165432,5.720427160324294,5.161197691318781,4.529600119200383,4.0127273209799235,3.452095673007308,2.9386479585828913,2.4968865406886542,1.98552768486414,1.3106353300698241,0.7891031635252332,0.12429533614702151,-0.4522114276511568,-0.9596998847816626,-1.4200939359409797,-1.835314346182693,-2.0497276129899764,-2.2189249301989697,-2.2805536038043686,-2.4852328174349205,-2.659837618344764,-2.7731747671808447,-2.8764308248376653,-2.884472426807936,-2.939373473065996,-2.971499953550341,-3.0239961472354393,-3.0418106951573063,-2.9263065759770956,-2.7683487966993505,-2.6230375445983207,-2.4108974838184545,-2.183944040663031,-2.009233914822744,-1.8185358550226545,-1.4796183966265093,-1.246100126285742,-1.1024190049108908,-1.0355707449057132,-0.7967732415034888,-0.5834928897963105,-0.522995944565954,-0.4034150435466327,-0.3392559726945928,-0.1425427815458007,-0.0874396390091459,0
0,-0.09046567427382715,-0.128219314489012,-0.3141338193073126,-0.3882064085270186,-0.5157807849651317,-0.5754442999627284,-0.7668023170561254,-1.0266904507058023,-1.1069113102122698,-1.2633500272227391,-1.5048373184526784,-1.838061205596424,-2.030981051089362,-2.194628835046192,-2.448671471266718,-2.6627459231333193,-2.8075341277318215,-2.9687416863815437,-3.1013043300853442,-3.1254928763785985,-3.1109380708066805,-3.090083850544769,-3.0374194291194527,-3.036147282722527,-2.9461521340624026,-2.8365598555002,-2.6641620716569494,-2.4979756638732735,-2.467714727129121,-2.33022853609662,-2.183658340638784,-1.8536550550111974,-1.50875481164413,-1.1478684187532644,-0.7280492994573692,-0.20341403661961274,0.19961043020651326,0.7498731334929728,1.1769126295192112,1.541553962054606,2.003847845076411,2.52978637009026,3.0392631533086902,3.6581122291654022,4.228807696907522,4.714412885122905,5.182491368148277,5.556208313347368,5.762567773434401,5.819684458663021,5.715852940088618,5.413371575205311,5.015930774365471,4.55846932914619,4.030077681252656,3.4464517523983806,2.965445804026888,2.4541686767095796,1.9901438964253537,1.6003763691546802,1.1536344911650613,0.5658960049066489,0.12429533614699284,-0.44694705103695664,-0.9333819354387726,-1.3492658633590797,-1.7171593543094625,-2.052685790436619,-2.1944430517294906,-2.311979037192833,-2.323507097943849,-2.4897470706557483,-2.643851553358243,-2.7575909188880297,-2.8638260927617822,-2.885538755958284,-2.9477367781334025,-2.9963139579543734,-3.0609569495541478,-3.0826169047476646,-2.971550895932867,-2.829891901689635,-2.694507144672593,-2.4876723407169616,-2.254643779514241,-2.0761191334537568,-1.8844548069698381,-1.5320535736239904,-1.282289698126357,-1.1171022691352166,-1.0305433436266376,-0.7783775182172106,-0.5607214312562674,-0.4936742959454469,-0.3742539940847327,-0.3118829631698767,-0.11893190177257623,-0.07192462618949916,0
0,-0.07125057414239334,-0.1084463904949338,-0.2847713441471735,-0.36377466451520196,-0.4921702169293653,-0.5593542596179403,-0.7625549521296244,-1.0254258456419103,-1.120172168887076,-1.2915465011660017,-1.535647299907886,-1.8742993667105143,-2.0662294901652722,-2.222181405030787,-2.4793953860983424,-2.690300094354011,-2.8261352533979807,-2.979313411492205,-3.109319332852255,-3.1377232256349235,-3.109518364479026,-3.0741643066289193,-3.0126198254057672,-2.9848693017863646,-2.8909499427398084,-2.7842572193234263,-2.6258160137337163,-2.4967445400792565,-2.507542311849742,-2.411161929362987,-2.329462775324602,-2.067436547361504,-1.8053452096768434,-1.5393766939902034,-1.2124194268305233,-0.7777925033411849,-0.4526026649890767,0.018791652623065404,0.37922669564764394,0.6852676880482185,1.0936560640294608,1.5766635140025436,2.048152527575011,2.616490378256896,3.1540611885272636,3.6211959773111766,4.080690548263648,4.453214675163093,4.660219736791185,4.720739635977293,4.6214968850258735,4.323734922007068,3.9387992822362152,3.4992276183575712,3.001480771239243,2.467543849803555,2.0231779012154485,1.5513001816883132,1.1385985962082381,0.8032390184462568,0.42001332752738163,-0.08961995318882389,-0.45221142765116895,-0.9333819354387438,-1.3274386704439114,-1.647273480152186,-1.9311555134106861,-2.198628517407949,-2.2720981552805166,-2.3441924706509654,-2.311177067312969,-2.4354593236536393,-2.573172964917434,-2.683929790981191,-2.795559631952633,-2.844151602178055,-2.9150332322273966,-2.9789982711810934,-3.0548329985634677,-3.0736774130578564,-2.968906145986116,-2.838880109740218,-2.714162575761742,-2.513138534559877,-2.281780868273399,-2.1157755970840224,-1.9294979787986841,-1.5756917761415772,-1.3256872177142478,-1.1480217195080387,-1.04768974523588,-0.7904636101132985,-0.5614703569152156,-0.485185257204365,-0.36203663804706315,-0.2917377477378372,-0.10577056703492786,-0.05772488872286551,0
0,-0.07126558256282159,-0.12081541033989932,-0.2915508370267366,-0.37528545913682915,-0.5009951965133915,-0.581784429723442,-0.794254723282233,-1.0638298114401443,-1.179537133253758,-1.3572030979341985,-1.6095278791638306,-1.944161773516981,-2.12841626484581,-2.2740916177248054,-2.5145002854226695,-2.7185384312933154,-2.836641883617519,-2.9683484563041045,-3.0711386578625057,-3.073841790488849,-3.023909470069136,-2.9571645842282215,-2.8849463873264902,-2.841864190338098,-2.7339075878592185,-2.6123262117744335,-2.4627445483210777,-2.371826065732375,-2.421994031155116,-2.3743564245508546,-2.3654925926649724,-2.1814351543261816,-2.015950237148701,-1.854803883717061,-1.6225902347266155,-1.2788436032873294,-1.0357821148192219,-0.6509019173391569,-0.3636528417788379,-0.11758110396115029,0.24153242108608028,0.6763948064021189,1.106044751856724,1.6315609244502,2.1364831485993734,2.566008973579617,3.0106079027555666,3.386457206005958,3.5903249294324104,3.6532758524167517,3.560547135027335,3.2605036298489014,2.8921714556569684,2.4909172583689125,2.0248693003576053,1.531160531787582,1.1253262089159146,0.6988695652208574,0.33444144232684947,0.0572420026708376,-0.2532535432738081,-0.6774213194236812,-0.9596998847816541,-1.3492658633590573,-1.647273480152178,-1.8620223268083704,-2.0490443854466913,-2.237761685671068,-2.2354650924783637,-2.254346122362361,-2.178233074070111,-2.2619004302936574,-2.387033471313183,-2.508875368199727,-2.633784235881886,-2.696565965911827,-2.775827288197199,-2.868998953059486,-2.9624548208657324,-3.0084582707735645,-2.935156537541784,-2.8325767367636927,-2.7329146837451255,-2.544767708546578,-2.3379700028537087,-2.1906569244448058,-2.0162202240192615,-1.6709267234701164,-1.4143524347226561,-1.2311227766464494,-1.1096532766440177,-0.8418828868917972,-0.6030470031450715,-0.5108101685458555,-0.38649211710002324,-0.30686390349846243,-0.12287983559643711,-0.06138150001457992,0
0,-0.08461661825922327,-0.16122498860382456,-0.3320704877270954,-0.4339322288949247,-0.5619685208505555,-0.6665545125218248,-0.8890341917833804,-1.1596076454652644,-1.286691610329814,-1.4600504413877606,-1.7075094812169151,-2.0231721842614987,-2.198200149710118,-2.3154614724824705,-2.528409685150916,-2.710841968789119,-2.8026698292815015,-2.9098279527951965,-2.989858780528356,-2.9798661190056146,-2.9075186123431402,-2.822886456383507,-2.743368955864575,-2.6811458465984654,-2.5748157093376047,-2.4504963341779,-2.3129741718830408,-2.260175669835086,-2.345376469451297,-2.3514521564926087,-2.4126502966953463,-2.3014416928024155,-2.2046807603262923,-2.1393623306086336,-1.9878498099616777,-1.7356249441187932,-1.5682377329223487,-1.2592352879365316,-1.0180209219339227,-0.814106269586426,-0.4893106991809915,-0.08838786522885972,0.2966377416182043,0.7740148177085863,1.2502580912941832,1.6524021273968599,2.0826309171519126,2.460456927859852,2.6555510364741606,2.7199895892427244,2.636500731724931,2.3376498330793645,1.98573814485216,1.6128852284567028,1.1722183952596996,0.7255275160097606,0.36089360727292197,-0.0326847643763365,-0.3624651071036074,-0.5983667738522768,-0.8641547321194312,-1.21260195536254,-1.420093935940938,-1.71715935430939,-1.9311555134106435,-2.0490443854466966,-2.1673619647465343,-2.283696958975063,-2.2102076807952433,-2.172996412477929,-2.0601149279027453,-2.1018033116170614,-2.2134975250501943,-2.3356438975426106,-2.4615524763400005,-2.5413476618560567,-2.626944468132747,-2.7366121212343724,-2.8491595184416223,-2.909770336213999,-2.862583001287938,-2.789342319748461,-2.7180123805908303,-2.55611375795572,-2.3818595051215388,-2.2696146182986365,-2.109149475155798,-1.7860706677202973,-1.5349829393503944,-1.3573564505772007,-1.22263773584336,-0.9502314516991998,-0.701108322706934,-0.5837748308760381,-0.4557542512729653,-0.35278463654167674,-0.1673187793935562,-0.077075722401477,0
0,-0.1100830157095668,-0.2202377948484499,-0.40441283290736485,-0.5246042319364884,-0.6628442515210989,-0.7951178264757056,-1.0278733993791505,-1.3011100791246564,-1.4372575876466462,-1.6051323234854484,-1.8397612927845397,-2.1302605002473953,-2.2790374955559667,-2.3656179863062037,-2.543978151129446,-2.6951022070685045,-2.757983821897277,-2.8266289037337016,-2.878567811018734,-2.8494287112281924,-2.7570228211969825,-2.6577342803995774,-2.5823100142730637,-2.5088060910558205,-2.4080805651541866,-2.287744994153026,-2.1697322189201724,-2.1551858890728,-2.2866110595957996,-2.342222029897778,-2.4643262460770194,-2.4203772119947513,-2.396738248631113,-2.4093323794106234,-2.3228883246869767,-2.14855484199607,-2.034741858717738,-1.7891608329232522,-1.5786751478502317,-1.4085807102899657,-1.1032225063563006,-0.7270116142238706,-0.364677225360127,0.06493568033371462,0.5185510436751967,0.8925812999464925,1.3034544867101963,1.680219882963033,1.8833859749441064,1.9496779992319109,1.8595931232497422,1.5640492353634987,1.2328424907218933,0.8880064433075174,0.467739733418181,0.06757153041383054,-0.27747039170338267,-0.6474270117120339,-0.9567716583639061,-1.1608168674423402,-1.3966313772540142,-1.6808699913726504,-1.835314346182677,-2.0526857904365876,-2.198628517407924,-2.2377616856710523,-2.283696958975053,-2.331958889605394,-2.19578694769995,-2.1069031805905514,-1.9500184674393306,-1.9528368418212618,-2.0448028246704495,-2.1637847030659034,-2.2857536533665708,-2.3755552121826424,-2.4560326396361183,-2.5798121731801396,-2.706491110464126,-2.7868295029038053,-2.7677638555916415,-2.734609230450644,-2.6932526026379424,-2.5650017978655204,-2.429416108585335,-2.353722425145255,-2.2216871314315494,-1.9255856853288151,-1.688944987450723,-1.518071960430702,-1.3753075795087446,-1.0976212360907545,-0.8396393385238273,-0.695535525880652,-0.5561490078855412,-0.4312428213182133,-0.2304563605876239,-0.10566583006919064,0
0,-0.12590936354172427,-0.268093448575689,-0.4636897231092707,-0.6074177103515124,-0.7618811801617156,-0.926313983654797,-1.1797561224812652,-1.4581773238583615,-1.611148780798864,-1.7861326558047996,-2.015670148696898,-2.2893886046852,-2.4162324803730475,-2.473814300105871,-2.622421736108014,-2.7387939246882413,-2.7621853082851078,-2.779521941781105,-2.7853790579930227,-2.7282500662330036,-2.596146526269996,-2.460035828229497,-2.371213819802237,-2.2617412855624153,-2.1405625923485303,-2.016094672324873,-1.91046358443363,-1.9114011360352716,-2.061538870352609,-2.1548821896480583,-2.3319287498200763,-2.3482270169605597,-2.393363092959255,-2.478937828930785,-2.456673717647335,-2.3509177382916118,-2.2883853515983756,-2.109921197219272,-1.942088961255717,-1.8029028763698498,-1.5315612203137239,-1.1898371662983251,-0.8488681762302712,-0.4655317068410074,-0.049207053824958144,0.2997816401764806,0.6908272345678249,1.0497470921043985,1.2439316565155198,1.3104970610102753,1.2312183890991029,0.9565844848629196,0.644027927284259,0.3202853493324716,-0.0656298120857988,-0.4209507324882231,-0.7479572268694082,-1.0856899518607084,-1.3615140275884168,-1.537586189654389,-1.732649741376218,-1.9490250370010673,-2.0497276129899,-2.1944430517294564,-2.2720981552804886,-2.235465092478343,-2.2102076807952207,-2.195786947699936,-2.001303910924006,-1.8725171526167914,-1.6955374203205156,-1.679007741200323,-1.7600674594383816,-1.8853962959163963,-2.027414136437132,-2.1512337424350267,-2.2447851258348694,-2.4041198754510615,-2.565197093541771,-2.6736974647467724,-2.7019104592203878,-2.722419994335557,-2.7233641959650887,-2.634327614825068,-2.5341865788096425,-2.493808812539476,-2.3856797544893937,-2.108069128006512,-1.8773211545341006,-1.7005297044129404,-1.5408301789414645,-1.254342342889246,-0.9770535960127744,-0.8014731522296725,-0.6452334643381397,-0.49459420984688585,-0.2816764465769776,-0.12494382897732403,0
0,-0.15117213593845125,-0.3354522572048399,-0.5509716161704871,-0.7223452099014992,-0.8879506384446343,-1.0766643141418304,-1.3385464532313944,-1.6075445538262108,-1.770491380288679,-1.9464211254743218,-2.1716502659969663,-2.427108327330831,-2.5292748891918575,-2.552991968758327,-2.6685539553986524,-2.75134749355524,-2.724983659843097,-2.689835277343752,-2.645753133443308,-2.554707570197437,-2.397832732264612,-2.239295034726687,-2.1497555501615317,-2.0311530095132393,-1.90786155327635,-1.7835857203959746,-1.6982520096062175,-1.736680459155039,-1.9119903917953038,-2.0316364630149164,-2.2475685362567384,-2.316816246445097,-2.4160853424330915,-2.5493361903365597,-2.568371022580155,-2.5106682414576937,-2.4819981390125316,-2.350048434576188,-2.2102041029793393,-2.0801690306803313,-1.8209221762963086,-1.4962556553673858,-1.1648326568168006,-0.8133994748294304,-0.4291489376858178,-0.10076268199295557,0.273889703028003,0.6200823902667263,0.812712686925851,0.8807349595925651,0.8044456014642095,0.5423924440659749,0.24589483840965398,-0.05638038106057237,-0.4128843884381265,-0.7397397749892934,-1.0600827111242401,-1.3839853558655013,-1.6495169585541467,-1.8169018972927364,-1.9856302533351986,-2.1554965926161405,-2.2189249301989253,-2.31197903719279,-2.344192470650964,-2.254346122362335,-2.172996412477909,-2.1069031805905296,-1.8725171526167725,-1.7180877921447217,-1.5184316439755292,-1.4651572314948287,-1.5283739177610114,-1.6540527421928377,-1.7977585232492757,-1.929563428286388,-2.022925613284774,-2.202126589766929,-2.3811781643877885,-2.5178011364066406,-2.5925863983245203,-2.663622937917918,-2.7124920424536008,-2.6572109004748725,-2.5921864642324244,-2.5894516209882124,-2.5080220496574386,-2.2540437810308993,-2.0322913027785123,-1.8606186534752664,-1.695343062845632,-1.4181468889222857,-1.1362090941094676,-0.9376344582783619,-0.7692758576184199,-0.5888116878974058,-0.35535862374907945,-0.15572223827952983,0
0,-0.1614562465296362,-0.37855901304022666,-0.6081830227181914,-0.8070685069214325,-0.9900638917815403,-1.2045678954400827,-1.4753697540672628,-1.736708309669547,-1.8994761047466509,-2.0707736942781922,-2.2863651197287362,-2.5130773567192777,-2.5964002065582266,-2.588651798582352,-2.66924367289849,-2.726890015736409,-2.6589571108263246,-2.5722117223992553,-2.4896991805366944,-2.376403136026911,-2.203647767226339,-2.033860301595576,-1.9440291281329267,-1.80752862574915,-1.6671282093163575,-1.5335189450932296,-1.453985888270881,-1.515290815667836,-1.715754791961546,-1.8583628910236838,-2.0919018328591403,-2.2035303671011186,-2.337448344390479,-2.506375626404371,-2.563465293735605,-2.5535885662749815,-2.5573927750173273,-2.4806080303304903,-2.3661203981959815,-2.245764040625095,-2.0012208245407916,-1.6932456211808395,-1.376701862165495,-1.0720734877044122,-0.7283350269945091,-0.42139145046854953,-0.06978406823452082,0.2637186922584578,0.4647657458194902,0.5325399059262352,0.4464369959508147,0.19693761050282882,-0.07840095742505207,-0.3583025448358422,-0.6782844296546321,-0.9621613080631175,-1.2716969260291526,-1.5828259739281323,-1.8357527510170617,-1.9937985546886288,-2.139719570398194,-2.252910359351804,-2.2805536038043193,-2.3235070979437937,-2.3111770673129453,-2.1782330740701226,-2.060114927902735,-1.9500184674393293,-1.6955374203204934,-1.5184316439755123,-1.2955110261401275,-1.2189522931900547,-1.2782586934321685,-1.4125417662084507,-1.5726560076105893,-1.718992182611989,-1.811427174335755,-1.9995537163294712,-2.186493239782921,-2.339772033240001,-2.4508897577606583,-2.571871557389932,-2.662138911752429,-2.6339984264356087,-2.6042780699178474,-2.63732931384595,-2.577576901865429,-2.356272405309983,-2.147003799457417,-1.9834438734737136,-1.820252812436182,-1.5507888668551064,-1.264198869471968,-1.041151975776469,-0.8560901640140821,-0.6478131477989185,-0.40207086297162936,-0.1708035821118492,0
0,-0.1846479820215193,-0.4298944621378514,-0.6770482059053852,-0.8918856150106554,-1.0765443626708402,-1.3067760322489377,-1.562947402381806,-1.8059283540328963,-1.9670525875460168,-2.1218895500746844,-2.327328381921832,-2.5231558229759035,-2.5822182539337346,-2.547760990786655,-2.587238837384993,-2.6163793038554295,-2.5200596358918217,-2.395496841235703,-2.2853680021809217,-2.1580544005076985,-1.9806060787262056,-1.8151975676331935,-1.7384405023902076,-1.6161553910141238,-1.4960561812214044,-1.378184236301563,-1.330746239660479,-1.4239361673668915,-1.6506933218263444,-1.8320263987145613,-2.084711530916911,-2.2346923895851267,-2.409308341070429,-2.613832278129053,-2.706646088943775,-2.732886046720629,-2.748485600258266,-2.7076253418559952,-2.610458420132716,-2.4918396999070827,-2.2576849060470767,-1.964217354275538,-1.6558902359188954,-1.3790286892840806,-1.0622195404591468,-0.7772874070940791,-0.45275171573009515,-0.13454440727271771,0.06999286427330834,0.135868229639789,0.04451257693452696,-0.18885701179565706,-0.43975754671295286,-0.6981952906810792,-0.9960647137425096,-1.2561166162888455,-1.5594425312529754,-1.8580405985566901,-2.1022439445723937,-2.259035279366599,-2.391305863396139,-2.469875294589895,-2.4852328174348797,-2.489747070655724,-2.4354593236535997,-2.2619004302936534,-2.1018033116170383,-1.9528368418212814,-1.6790077412003501,-1.4651572314948287,-1.2189522931900556,-1.1101971305654033,-1.137872522829429,-1.255637300636191,-1.3929027227614987,-1.519250165510715,-1.5938804655285868,-1.7695119599566618,-1.9509491815665916,-2.110646460772749,-2.2456004568395223,-2.4034677068093484,-2.5208192142024273,-2.5193893851394553,-2.5276925279430995,-2.590143579339626,-2.558042404988191,-2.373458974561071,-2.1801929730071987,-2.0387317633496855,-1.8829618104551715,-1.6362167014667757,-1.3684731731549504,-1.131749193868883,-0.943947816154072,-0.7174887526057343,-0.4573895928481395,-0.19764978220815144,0
0,-0.1914384199299164,-0.44766284361943287,-0.694747026569687,-0.9170248384988275,-1.1092272879518323,-1.348199947550406,-1.5947339722228269,-1.8143881277370484,-1.9661121651837188,-2.1072854151712237,-2.2830883690891457,-2.453585021108039,-2.5002929515469385,-2.4561487216530633,-2.4816478046207613,-2.4929095080372297,-2.3926638443989567,-2.252087341949082,-2.136294692886539,-2.0199065979193245,-1.858507530648753,-1.7249466442003365,-1.672963765798985,-1.5647455577180616,-1.4649683866647705,-1.362600200997687,-1.3494939870522638,-1.4723963027856122,-1.702735278369317,-1.9006581485432812,-2.1637238076801646,-2.333846771593529,-2.522465040668874,-2.73594124457856,-2.8392169150025843,-2.8823602391656413,-2.8952825926661228,-2.87658403834108,-2.781118092168418,-2.6529563429589285,-2.4128001057468342,-2.1192691670607626,-1.8116863533269587,-1.5570477136519234,-1.2623212752941584,-0.9973985756452732,-0.6959621261725121,-0.40141072131851746,-0.2139757836710758,-0.14995206025414315,-0.22714095718965815,-0.43846777992452596,-0.6712464256751054,-0.9101656922048014,-1.1893211644587207,-1.4287534847691585,-1.7320102711529604,-2.0332178047425984,-2.286124215738605,-2.4533027180653755,-2.5874138973183065,-2.644038715999296,-2.659837618344719,-2.643851553358238,-2.5731729649174238,-2.3870334713131607,-2.2134975250501827,-2.0448028246704504,-1.760067459438418,-1.5283739177610252,-1.2782586934322024,-1.1378725228294226,-1.1331062377156658,-1.2347751703453111,-1.3487443935744714,-1.4571701979426601,-1.502757850480941,-1.6417928204739998,-1.8002916909754385,-1.942619141001682,-2.081327236872934,-2.253309611293817,-2.3717650140508018,-2.38546826038072,-2.403815634724718,-2.479266883776694,-2.463120919906827,-2.308426528255445,-2.147450675984568,-2.0223327743087562,-1.8808479012448622,-1.660724222294126,-1.4081861448938342,-1.1650252310055313,-0.9689175516179123,-0.7349372871095949,-0.4769770170069827,-0.2076582010072844,0
0,-0.20044849596074835,-0.4640106825348708,-0.6979181344958367,-0.9184035149515986,-1.1130138823909141,-1.3502881641337983,-1.5839438903775915,-1.7783639017140578,-1.929899239263013,-2.0661440910450763,-2.222039691890068,-2.3720886620527724,-2.4141720648467495,-2.3782011063541266,-2.395628034637112,-2.405841386489801,-2.3127344613478695,-2.1717282232505557,-2.0639240249663557,-1.96078732538073,-1.820936882310553,-1.7259271372654639,-1.7136758351133297,-1.6279042743766272,-1.5467343243310228,-1.4581031463083474,-1.4599956135796897,-1.5983924572862316,-1.8201356094336043,-2.0179802773261257,-2.2732022158058722,-2.445010306351644,-2.6322587943741573,-2.8302214696409114,-2.9300421261581677,-2.9693778610844235,-2.969868377205979,-2.951760630443137,-2.842199590366909,-2.6877991125921445,-2.432415537577199,-2.11987288074082,-1.8032611206124112,-1.5654304437187019,-1.291560288169982,-1.0476568733209644,-0.773020959936406,-0.49863582983475635,-0.32117446367240193,-0.2608986973123471,-0.3332100662545664,-0.5275275190555366,-0.7367662712410774,-0.9544504222830964,-1.2147145508015937,-1.4393400992462488,-1.753179392811845,-2.076127000539837,-2.3456071696626863,-2.53981295402723,-2.6913890989319715,-2.746654043266022,-2.7731747671808114,-2.7575909188879977,-2.6839297909811584,-2.5088753681996843,-2.335643897542599,-2.163784703065871,-1.8853962959164225,-1.654052742192841,-1.4125417662084685,-1.2556373006362211,-1.2347751703453498,-1.320514151143095,-1.411221744964551,-1.4933320665250733,-1.4960584633940257,-1.5933427521864936,-1.7252592543612497,-1.849643584887894,-1.982611767445885,-2.1526667299524544,-2.2636062223948334,-2.2759172348799845,-2.2984238228290086,-2.3700967124010055,-2.3606378302874154,-2.2311938514646625,-2.092365061103641,-1.97500775813406,-1.8393714789616755,-1.6470107710133073,-1.4127228331941273,-1.1717633960359966,-0.9705792354356886,-0.7379495462540693,-0.4927617014116368,-0.21881975441092358,0
0,-0.22176649570916235,-0.4992163160610915,-0.7222087316912329,-0.951139012391024,-1.147347360848974,-1.3933464600897045,-1.6104433803356966,-1.7788995884263388,-1.9378235176197296,-2.060635098302745,-2.204253804115918,-2.321232619210505,-2.3505787311939415,-2.316332182474251,-2.31552481376929,-2.318920450968232,-2.2276201317530075,-2.091961202775891,-1.9900007498475691,-1.9064565310522767,-1.789760620610877,-1.728593763205671,-1.755555918535107,-1.6955541702709929,-1.6326328234702459,-1.5634378915610931,-1.5884897770578223,-1.7491789735421082,-1.9544602364821977,-2.150743216473976,-2.3838225967633817,-2.557972546980527,-2.740844872714011,-2.92090910249669,-3.0084728009630943,-3.0410942018736766,-3.0250956560999027,-2.996978758156396,-2.8666390029681024,-2.667267912999772,-2.390233049967249,-2.0540096674356,-1.7304197262334027,-1.5013521823956575,-1.2508182916013324,-1.0191716166349667,-0.7657843526706483,-0.506640704103945,-0.33919396899725973,-0.2824822240654477,-0.3511546126590371,-0.5344400035462048,-0.7283862799904256,-0.9335331278611544,-1.1719025808629262,-1.3891383091502563,-1.712539201713163,-2.060143357562094,-2.353453562447888,-2.5941137706750994,-2.76980738026187,-2.8342797700865225,-2.876430824837667,-2.863826092761756,-2.795559631952639,-2.633784235881865,-2.4615524763399788,-2.2857536533665495,-2.0274141364371503,-1.797758523249292,-1.5726560076105767,-1.3929027227614939,-1.3487443935744712,-1.4112217449645659,-1.4774637357785219,-1.5269177874426663,-1.487876166703447,-1.5446112916738401,-1.64984381301602,-1.750985903227648,-1.8796428313695328,-2.0420018971993468,-2.1503458576787406,-2.167540836372223,-2.2053530156491683,-2.2804641986519605,-2.285729284957393,-2.196169379860456,-2.073954662524521,-1.9757472369405502,-1.8393215110009884,-1.6775552657497084,-1.4651941912179232,-1.2163241830209393,-1.0112406418389561,-0.7668767703153382,-0.5320081865162997,-0.24317351953621014,0
0,-0.251156447357655,-0.5517196406983288,-0.775588041009412,-1.026638601119002,-1.239636072324473,-1.5013321879462427,-1.708085256573648,-1.8499786217271432,-2.002719601905448,-2.1069661949008807,-2.216459052018844,-2.285870532717977,-2.286713908084731,-2.2322846403821477,-2.2124794165849733,-2.200711725896046,-2.117187683903421,-1.993878690314549,-1.9004002451920743,-1.8353620034099725,-1.7428665845756188,-1.7141383914318362,-1.7760910588337202,-1.7464523593955381,-1.712611366499511,-1.6664714112986734,-1.7107648136226339,-1.8895526695223377,-2.081855837626529,-2.2701566393813555,-2.4671009282243976,-2.6281668817627772,-2.7903245957324496,-2.9503885011936926,-3.004798332811695,-3.0189451802311784,-2.967415156068748,-2.9258521413972107,-2.766728317155043,-2.529166593203769,-2.2209795977108038,-1.864689991145149,-1.523259699844813,-1.291105652982192,-1.0519270491293653,-0.8336692198748846,-0.6013085241588032,-0.3539723930079692,-0.18755290839906374,-0.13513538842785067,-0.21187327046997192,-0.3867961789585348,-0.5664315823344951,-0.7578934981333112,-0.9881162251627208,-1.209528171633391,-1.553174485388803,-1.9214051563470287,-2.2485957761591826,-2.5270871737138374,-2.73311846193098,-2.8094969566302437,-2.8844724268078896,-2.8855387559582337,-2.8441516021780706,-2.6965659659117964,-2.541347661856077,-2.3755552121826793,-2.151233742435063,-1.9295634282864123,-1.718992182611971,-1.5192501655107231,-1.4571701979426386,-1.4933320665250713,-1.5269177874426627,-1.5425285905326986,-1.4668954441064432,-1.4861905776113562,-1.563418965439034,-1.641415846311707,-1.7597272583018144,-1.9066017524547032,-2.0038870575675785,-2.0345068983845334,-2.088016798689096,-2.186063054522281,-2.2207855002422305,-2.184831038405223,-2.1014925664559114,-2.027943089990098,-1.904417560959445,-1.7740717966250352,-1.5793677547628648,-1.317237470929767,-1.0950325788738402,-0.826752426730743,-0.5901941062532374,-0.2766954390641391,0
0,-0.2876119136874232,-0.6186855300707118,-0.8535645259450669,-1.1263029677720122,-1.357692447770416,-1.625114727599043,-1.8182394821911079,-1.933202184302487,-2.071332308290374,-2.1600409599535726,-2.235385554185042,-2.258438957899421,-2.2325518156084003,-2.1572304429526463,-2.1097230852778788,-2.079018572565509,-1.9953464437241275,-1.8740546256358992,-1.7757672349125855,-1.707858840770989,-1.6269477108779662,-1.6159075501302156,-1.7044358807634057,-1.7070383006420466,-1.709189424821928,-1.7017869278999187,-1.7743739808917802,-1.9675141385155084,-2.159598601910407,-2.3496704417659275,-2.534049443329691,-2.6982635224134426,-2.850513098183446,-2.994889601277887,-3.03391793984018,-3.036859496815572,-2.960577547733609,-2.911761983058758,-2.7377266085094285,-2.479222604842215,-2.151448768380429,-1.7813721746606517,-1.4216971092126758,-1.1861772966638757,-0.9519695917284865,-0.7349566667609795,-0.5151065299450015,-0.28970045332656674,-0.13472431283520744,-0.08899617278076861,-0.16511573176899372,-0.32283060156276183,-0.49501781959205887,-0.6855729541408608,-0.9137896099891812,-1.1415770411182464,-1.505941472237461,-1.8897849576778862,-2.239344402115808,-2.5386372325202626,-2.760443747665438,-2.84246464423806,-2.939373473065984,-2.9477367781333923,-2.9150332322274157,-2.7758272881972106,-2.62694446813275,-2.456032639636132,-2.244785125834874,-2.0229256132847726,-1.8114271743357964,-1.5938804655286058,-1.502757850480954,-1.4960584633940388,-1.487876166703408,-1.4668954441064448,-1.3612423815985741,-1.3575681059996856,-1.4174362942883232,-1.4926850520439423,-1.6137959424094341,-1.7561974317238902,-1.8529773051860223,-1.902668137212402,-1.98166946262751,-2.102423988457709,-2.1644793727372753,-2.1786611093198816,-2.1330878651253156,-2.0787430854222713,-1.9729642383837054,-1.8719795106581498,-1.6964652634033672,-1.4305347863604136,-1.1904374487879643,-0.901476917737144,-0.6554852806810472,-0.3139382038416369,0
0,-0.31445207667439196,-0.6618986685429361,-0.9121085358727444,-1.1977304390596848,-1.4369719559170686,-1.7051615258358928,-1.8722562863210128,-1.9578855953571634,-2.0790426323586035,-2.1446245094601926,-2.1946893020891447,-2.1776767643148807,-2.1336141494527534,-2.0538682551960927,-1.9819093365104903,-1.9405294259006438,-1.8651444190709565,-1.7649572629039751,-1.6835214775058138,-1.632500571735408,-1.5870167467737926,-1.6056890448754304,-1.7173533414724924,-1.7554129166716157,-1.7941195177627414,-1.8278061246066981,-1.9387157308727978,-2.1453077164141643,-2.3285078538275132,-2.501587815519035,-2.6528985085498262,-2.8043139030027184,-2.938184813858109,-3.046106759711167,-3.060233039920318,-3.0396570576216217,-2.93350905955864,-2.8564222298117388,-2.656388960997497,-2.360048097032239,-2.0037743674115784,-1.6154157794457693,-1.2414451231224108,-0.9939893770320856,-0.7537651083928308,-0.5237368756462633,-0.30789001254234244,-0.10233043116823964,0.04217912000655578,0.08153915636504515,0.005886589666938212,-0.1400882676623199,-0.3147995104196293,-0.5185240453393803,-0.7521449876911395,-0.9933095145721762,-1.372334154238863,-1.7758104520558322,-2.1564250285024875,-2.492963370389446,-2.7404863077526334,-2.8490617393848936,-2.9714999535503273,-2.996313957954362,-2.9789982711810956,-2.868998953059508,-2.7366121212343493,-2.579812173180128,-2.4041198754510633,-2.2021265897669515,-1.9995537163294734,-1.769511959956672,-1.6417928204740309,-1.5933427521865116,-1.544611291673829,-1.4861905776113329,-1.3575681059996543,-1.3210521848172376,-1.3430747953416444,-1.3970367253757612,-1.4983036257935338,-1.6161218620781013,-1.7005768274346753,-1.7554686776179063,-1.8526497068674128,-1.9745254651947766,-2.0519743461573725,-2.105751037580207,-2.0862702542012075,-2.0550999350714934,-1.9654891221480335,-1.8951957566020692,-1.7486681425568638,-1.485742329350892,-1.2406347541605285,-0.942799761310898,-0.6891316426858564,-0.33667535634846624,0
0,-0.31596910758062857,-0.6601285969088437,-0.9136145085046103,-1.198337417408554,-1.4440684698862243,-1.7069203027791904,-1.8601314559503217,-1.9311553119055134,-2.038371860228269,-2.0999726258498996,-2.1219346858985113,-2.0738473069518175,-2.022525778098646,-1.9448512216791944,-1.8713124901718245,-1.8241581485687188,-1.7707572568185532,-1.6951026114336178,-1.6348599732828142,-1.610102416444104,-1.597046880804787,-1.6504628057318065,-1.7796539243259184,-1.845039840087203,-1.9071643960722753,-1.966958245522762,-2.1053311256752334,-2.3194954792207665,-2.497607098517707,-2.6562304287036387,-2.7745073347495097,-2.910179755352372,-3.0239116064370877,-3.1099359986297355,-3.105716627585148,-3.0668262183944095,-2.932169069180487,-2.831553336098135,-2.6050249175593727,-2.2789270599556795,-1.8978876283148676,-1.4940149692013103,-1.1033647561883062,-0.8408182135557001,-0.6015829277286837,-0.3703829768583434,-0.15874573795809147,0.04056789620065058,0.18579055350360302,0.2184542691305051,0.13116312537684052,-0.01543483120563672,-0.19349405317622073,-0.3989473154831192,-0.630954557678315,-0.8871699047818697,-1.2831668062625252,-1.7029907717172925,-2.110303119614303,-2.4749244423508623,-2.748012453769879,-2.8779851586434466,-3.0239961472354344,-3.060956949554149,-3.0548329985634677,-2.962454820865753,-2.8491595184416276,-2.706491110464147,-2.565197093541823,-2.3811781643878365,-2.1864932397829246,-1.9509491815666373,-1.800291690975485,-1.7252592543612606,-1.6498438130160307,-1.5634189654390338,-1.4174362942883414,-1.343074795341669,-1.3286084593951153,-1.3503008143911155,-1.4258907467455495,-1.5154156409541226,-1.5727512175644272,-1.6286981457186676,-1.7210113084138374,-1.8361347719220873,-1.9171756432863398,-1.9976728140164461,-2.0046052909324983,-1.9759525284258255,-1.8984795182011542,-1.8448184467886837,-1.7165785167598249,-1.4644498065998224,-1.2177433705833447,-0.9267583408387556,-0.6777923416059235,-0.33448701830538136,0
0,-0.3096344878948659,-0.6371212254693008,-0.891474623720713,-1.1615905639238573,-1.4072226321686874,-1.6603453351489599,-1.8013239089464315,-1.8639092606092948,-1.9686979609676076,-2.0359298473471497,-2.046258336524788,-1.98540962958533,-1.9336533895725248,-1.8780935457638692,-1.809678390484309,-1.767829953092582,-1.7338052763002105,-1.677451645453617,-1.6332971296606933,-1.6217192893862395,-1.6362808892052003,-1.7064646018150285,-1.8369661472097336,-1.9264921919154527,-2.0084373436177785,-2.0870070684655455,-2.244102885509357,-2.45470692385171,-2.617584168322419,-2.753130433127671,-2.8468391042333097,-2.962649272710226,-3.060535337108734,-3.11632435004501,-3.1107638877943597,-3.063893259148216,-2.919859626433132,-2.7929662062599343,-2.5474810610554917,-2.1950215928425605,-1.793621044354918,-1.3785920432710856,-0.9804091640270413,-0.7080202890065087,-0.4722586390587352,-0.2441659818058661,-0.035327406006808657,0.15120834417823065,0.28652420822159097,0.31165654404994775,0.22449575456886162,0.08279539701694769,-0.0961849749256547,-0.2992310167962322,-0.5273980377710087,-0.7968482707938498,-1.1994928043637427,-1.630280276649405,-2.058235209661537,-2.4474626753509057,-2.736786322099746,-2.8902484548820926,-3.041810695157278,-3.0826169047476473,-3.073677413057859,-3.0084582707736,-2.9097703362140326,-2.7868295029038257,-2.6736974647468057,-2.5178011364066846,-2.3397720332400027,-2.110646460772775,-1.9426191410016882,-1.8496435848878825,-1.750985903227627,-1.641415846311679,-1.492685052043951,-1.3970367253757758,-1.3503008143910766,-1.350780739507568,-1.4039539517599868,-1.467255187653163,-1.4995394972756995,-1.5433046129472905,-1.6249954849546002,-1.7141792893320418,-1.7932505683762254,-1.8843796010679639,-1.9041913865797773,-1.8707868562429004,-1.7972543814430706,-1.7560948289883287,-1.6450365903614108,-1.4092947058976075,-1.1662301736187815,-0.8950774511373337,-0.6501464618991688,-0.32688387713583433,0
0,-0.2999953464939532,-0.6106126286814502,-0.8572737581186701,-1.1081696869003643,-1.3491415684482944,-1.587151145109898,-1.719060101822082,-1.7754516854928315,-1.8772496978973174,-1.9572870397031576,-1.966469706473346,-1.905989879216673,-1.8704059335281096,-1.8460182316664133,-1.7988677138910418,-1.7729312223668394,-1.761705707073646,-1.7192397941643942,-1.6833106289774311,-1.687355334088905,-1.7253528352859069,-1.8125625237835419,-1.9397167921495055,-2.039079384907853,-2.1219923006121952,-2.2055131152162852,-2.3594663103444677,-2.5470920421424763,-2.6745159387464614,-2.768556491831937,-2.819105728455379,-2.9080584855238776,-2.9804530687334023,-3.0032062590814035,-2.9873978104777166,-2.9331591047637486,-2.7922670626630364,-2.653023340543329,-2.3948271589771646,-2.015721975905017,-1.5981282283523457,-1.1767201731512955,-0.7867746772226478,-0.5126943611852365,-0.2850846948106755,-0.06135795371428504,0.13353157136871288,0.30045761713693314,0.4226879973000738,0.44121994328305053,0.357437311874831,0.22846605412652363,0.05953001010272181,-0.13841398230193774,-0.35636209343062797,-0.6290588570306973,-1.0247921619236051,-1.4628835482045974,-1.9078001063552041,-2.321232731625224,-2.6191660962480956,-2.7808914540083465,-2.926306575977059,-2.971550895932835,-2.9689061459861086,-2.9351565375417907,-2.8625830012879145,-2.767763855591637,-2.7019104592203935,-2.59258639832455,-2.4508897577606805,-2.2456004568395764,-2.0813272368729407,-1.982611767445881,-1.8796428313695106,-1.7597272583017882,-1.6137959424094641,-1.4983036257935416,-1.4258907467455575,-1.4039539517599957,-1.4427209433324877,-1.4846828591864298,-1.4897142003072985,-1.5133775706110164,-1.5697075910767637,-1.6253430242664162,-1.686445852088584,-1.7747374751228535,-1.795144758569413,-1.7482030965410766,-1.6766185120827457,-1.6437589212564205,-1.5452322905808256,-1.3295056113424146,-1.0947459075389103,-0.8477877610453108,-0.6152297042313455,-0.3135895909389763,0
0,-0.30144846486986604,-0.6003944538332651,-0.8412466178146868,-1.0732824338387275,-1.3010621353292595,-1.523564783741204,-1.642497375033093,-1.6903571673029443,-1.789980842765957,-1.8741596864336065,-1.8857181721180405,-1.8268754547302515,-1.8017686819748833,-1.7991537910443498,-1.767949979739821,-1.76142814597753,-1.7769649046002047,-1.7595721787151302,-1.7391034952868227,-1.7634684357401638,-1.8293616901872387,-1.9383533137376396,-2.0697498072858855,-2.183303703538775,-2.2704754928056334,-2.3549756408050695,-2.4943222586168736,-2.6454741601576326,-2.7250427959291703,-2.7754941460277287,-2.777454573537947,-2.8282445388665605,-2.8712717571269977,-2.865840116107153,-2.836121682160551,-2.7635312220683397,-2.6150922670019208,-2.456428699847802,-2.1921752802009236,-1.798931606000254,-1.3795167038528249,-0.9619415449056311,-0.5848754158097339,-0.30772168945891465,-0.09172148415914798,0.12030391929814845,0.29645863435079406,0.4438582854128359,0.5528707446746103,0.5646787763798007,0.48526296036568467,0.3716696239516554,0.2199810845168732,0.03504364574550844,-0.16826361429312522,-0.44392033288139787,-0.8275453848309918,-1.2628619084258914,-1.7112426398531415,-2.1371722394876715,-2.437977964863098,-2.6168178805825084,-2.7683487966993168,-2.829891901689634,-2.838880109740213,-2.8325767367636643,-2.7893423197484184,-2.7346092304506184,-2.7224199943355534,-2.663622937917961,-2.571871557389977,-2.4034677068093773,-2.2533096112938136,-2.1526667299524433,-2.042001897199329,-1.9066017524546848,-1.756197431723911,-1.6161218620781397,-1.515415640954119,-1.4672551876531874,-1.484682859186458,-1.4965126051434805,-1.4720811389157125,-1.4730520594805374,-1.508843218045158,-1.53744841983503,-1.5839420941698656,-1.6663128625270816,-1.6809524285604718,-1.6268054856102383,-1.5544333370022865,-1.5310441013822307,-1.446870648809597,-1.2506713968472782,-1.0328171830879125,-0.8096229752533657,-0.5896921373251416,-0.3063628179310427,0
0,-0.3040698966672004,-0.5945610788186613,-0.8321322252865232,-1.049411635182089,-1.2718123681843403,-1.4790282516937188,-1.5898983853667101,-1.634424701838426,-1.7244418476618184,-1.808079794604374,-1.8145067106604587,-1.7569868095957872,-1.7352804067940253,-1.7412557242703444,-1.7145877805712615,-1.7140004919621532,-1.751764933973521,-1.758236731563257,-1.7585450022357756,-1.803750379479445,-1.8965637342934272,-2.0168877750861887,-2.1475356218656385,-2.271047498414724,-2.356847287164083,-2.447193132947632,-2.585745564462033,-2.71056254522998,-2.7491895095190286,-2.755557398250489,-2.721263473893937,-2.7450315045498246,-2.760393911765908,-2.728439423599809,-2.687010233278962,-2.604239759333844,-2.44332527019101,-2.2673350086363175,-1.998662328507382,-1.6110648416271665,-1.203054478633737,-0.8100873185884807,-0.4556387591770752,-0.19226738676215244,0.006488852241648161,0.20741287389525237,0.3737859422454141,0.49635956007809606,0.5816340033845119,0.5893738191478107,0.5266998019499675,0.43314146420679595,0.28963021236925957,0.11896178492561434,-0.0627328446512198,-0.32369050391965454,-0.684844641311261,-1.09617937247382,-1.536100155658076,-1.9577913074019162,-2.2622135815418685,-2.458242911730252,-2.6230375445983056,-2.694507144672562,-2.7141625757617107,-2.7329146837451197,-2.7180123805908205,-2.6932526026379318,-2.7233641959650674,-2.712492042453615,-2.6621389117524554,-2.5208192142024286,-2.3717650140507898,-2.263606222394825,-2.150345857678728,-2.003887057567633,-1.8529773051860388,-1.7005768274346804,-1.5727512175644536,-1.4995394972757319,-1.4897142003073265,-1.4720811389157253,-1.4225959824750438,-1.4127458220304288,-1.4370027442199649,-1.449984185265867,-1.4875650298035399,-1.5640482463917562,-1.5801281890775,-1.522486291592682,-1.4580106266546788,-1.439179913115278,-1.3654622134326135,-1.1884761026755861,-0.9805014791262074,-0.7784253272883795,-0.5671006635290909,-0.2998548734885512,0
0,-0.2943087232865419,-0.568369563629298,-0.7937765118346999,-1.0003257070420775,-1.2131381899975602,-1.4063351988896868,-1.5141198610084448,-1.5620916993507168,-1.6521907615549845,-1.7396627494822918,-1.7507673889707573,-1.7055085737412101,-1.7016143456442643,-1.716153738551149,-1.696688244956025,-1.7011791890960457,-1.746511302880139,-1.7720616295684273,-1.7880526184817658,-1.842424503354189,-1.9363117553256186,-2.052679780302244,-2.165162893058742,-2.273977038608936,-2.35232915890526,-2.4408809793359287,-2.5616223957093176,-2.65847104548928,-2.671283600143406,-2.6472957754667,-2.5749290828095424,-2.5659040467588423,-2.554909331784163,-2.5088405307588593,-2.460952586613818,-2.3741355528002144,-2.2198615896818548,-2.036940990796246,-1.7718594812691995,-1.3992617996725623,-1.0227316100304604,-0.6670014156847276,-0.3573684566365947,-0.12184505247133501,0.05100524863721039,0.23108154297345537,0.37113298121815336,0.47776262753032,0.5623827573689261,0.5661301665030015,0.4980679870873027,0.41792697275717117,0.3012511988596764,0.15401720302791366,0.0018274091324598817,-0.22999631567295203,-0.5481084148678962,-0.9251665609978827,-1.3364212195245437,-1.7439569425422723,-2.0459997762378204,-2.251107135798885,-2.410897483818419,-2.4876723407169368,-2.5131385345598685,-2.5447677085465474,-2.5561137579556816,-2.565001797865478,-2.634327614825041,-2.6572109004748627,-2.6339984264356198,-2.5193893851394478,-2.3854682603806894,-2.275917234879985,-2.167540836372242,-2.034506898384569,-1.9026681372124106,-1.755468677617899,-1.6286981457186882,-1.5433046129473058,-1.5133775706110324,-1.473052059480552,-1.412745822030446,-1.3942958907386018,-1.4042752275547161,-1.3994737844098821,-1.4138826489143423,-1.4726086007107348,-1.4782898850176902,-1.412484842373439,-1.3446790807551612,-1.3235432575796966,-1.253688482266945,-1.0932714338969625,-0.9003031161110034,-0.7151790083091631,-0.5228464608314216,-0.27922529806399926,0
0,-0.27108057364076094,-0.5130878669496586,-0.722330501356634,-0.9098015721103213,-1.1086097974078122,-1.2823741561816926,-1.379991746504017,-1.438658345502511,-1.5344025541634896,-1.627605556951011,-1.6576532789153586,-1.6387030263070594,-1.6592770580829332,-1.7018501460735518,-1.6965039050229316,-1.710209144815428,-1.7653235773484803,-1.8076987902791932,-1.844736053738629,-1.910261705251936,-2.0124582385771634,-2.113877700019127,-2.203245745234804,-2.298193805300732,-2.35984430906103,-2.442583654467547,-2.5510357620140374,-2.6104309935919496,-2.58836924775384,-2.5319216118139325,-2.4279349097868406,-2.380053353903969,-2.3340953825015918,-2.261935851441078,-2.2132058952110736,-2.1337835017386713,-1.987845394342971,-1.803010903064565,-1.5388512790250597,-1.177143050819599,-0.8259821573456733,-0.5167429561022149,-0.25107797277298605,-0.052895435773428374,0.08611170373223523,0.24232404710774524,0.37224672288710664,0.4635690791434914,0.5340893945830908,0.5346084517220813,0.4766513131838312,0.4106774122374197,0.3065403848399639,0.18610692903525974,0.07077042358081856,-0.12482588754195381,-0.4011703444250498,-0.7342239728801586,-1.1225018775806983,-1.5206995214407812,-1.8217781501328953,-2.0302957214914295,-2.183944040663002,-2.254643779514218,-2.2817808682733856,-2.3379700028536945,-2.381859505121545,-2.4294161085853183,-2.5341865788096145,-2.5921864642323946,-2.6042780699178567,-2.527692527943109,-2.4038156347247086,-2.2984238228289833,-2.2053530156491523,-2.088016798689093,-1.981669462627496,-1.8526497068674292,-1.7210113084138412,-1.6249954849546244,-1.5697075910767986,-1.508843218045193,-1.437002744219988,-1.404275227554711,-1.3923325163209792,-1.3494947828967336,-1.3308890226650811,-1.355841649033238,-1.3355996421438339,-1.256180775958414,-1.1785238370030466,-1.1454214395640232,-1.0836108930149138,-0.9438979229894506,-0.7702237874933504,-0.6125703065288938,-0.4443289071674044,-0.2424700565419696,0
0,-0.236020221399456,-0.44198408041504844,-0.6269316362431594,-0.8005559683369433,-0.9837012471270642,-1.1339894395373848,-1.2243475331278484,-1.2903318482121975,-1.388386756151435,-1.4890858494152697,-1.5308127121858595,-1.540089837968539,-1.5902454179410384,-1.6534107518457253,-1.6773578598408256,-1.703815897785772,-1.7687765955643437,-1.8332107919555571,-1.89822737254543,-1.9881336937931364,-2.1007024455459584,-2.2052136324813096,-2.274837762154533,-2.34998600606922,-2.4115529973814405,-2.4984604447139587,-2.5942695353107292,-2.6250476163755194,-2.569954337352837,-2.479311486947241,-2.344135514412653,-2.2625624319549558,-2.1810186743905895,-2.089212802228621,-2.029352970905417,-1.9556401106432442,-1.8220983059855524,-1.6347478743193498,-1.3663385086010265,-1.0158086691909238,-0.6868783068598273,-0.41115291420821853,-0.19023852927674156,-0.02448055181746719,0.09430032242111364,0.23656066535939657,0.34965166422128396,0.4236245979395512,0.48073576460989564,0.4802022281915865,0.43282243975366086,0.38360700468835446,0.2985379882767144,0.19491217341256384,0.10119307173456629,-0.06132367882767606,-0.2945343056654943,-0.5968189474337717,-0.9649236261973243,-1.3517980582599103,-1.6567040474462127,-1.8678908330156523,-2.0092339148227225,-2.0761191334537097,-2.1157755970839838,-2.190656924444808,-2.269614618298582,-2.3537224251452264,-2.4938088125394717,-2.5894516209881475,-2.637329313845938,-2.5901435793396206,-2.479266883776674,-2.370096712400967,-2.2804641986519503,-2.18606305452229,-2.1024239884577196,-1.9745254651948163,-1.836134771922094,-1.7141792893320704,-1.6253430242664608,-1.5374484198350575,-1.4499841852659023,-1.3994737844098841,-1.349494782896698,-1.2736124850522959,-1.2169192100538109,-1.2059491148689807,-1.1665745174556397,-1.0732420089193377,-0.9885767922838592,-0.946620721134423,-0.8896641136237333,-0.7739073363692948,-0.6224410663790507,-0.48720800354112864,-0.3514677877461779,-0.19425185750019705,0
0,-0.19848361940553527,-0.3646993131625668,-0.5267881689407714,-0.6850730614072473,-0.8545624425208761,-0.9856931356995828,-1.073056168934873,-1.153393550673481,-1.2599370555814522,-1.3659392126488035,-1.4255677672135556,-1.4642106040785035,-1.5378801351376366,-1.6298286354188243,-1.681051841194898,-1.727333689219218,-1.7987138704105279,-1.8719949878011695,-1.9483833049543333,-2.0369453991394404,-2.1467332175394382,-2.2390177081167244,-2.283248524371065,-2.332288284498526,-2.381736889150335,-2.4625146506177416,-2.5405175251746166,-2.5459155777671514,-2.4715588141053906,-2.357407548404058,-2.202716693725258,-2.095611732996385,-2.0010522061865497,-1.899122434373252,-1.8367576699930535,-1.7656596109034486,-1.6489310304267875,-1.47025902767449,-1.2154063709790668,-0.8910507640213885,-0.592695901072291,-0.3513429603966352,-0.16565503140150847,-0.023977697608626312,0.08153622872153367,0.20183235119190374,0.2947732827618337,0.355725833662214,0.4059078667033298,0.4040939544021162,0.3613618342093742,0.32279689883586904,0.25988101786243817,0.1795200504385584,0.1016342932241376,-0.035895570638558506,-0.23506252133418987,-0.5061957253534732,-0.8442228575465693,-1.2036721242615858,-1.4922975413082216,-1.6936020687407423,-1.8185358550226642,-1.884454806969798,-1.9294979787986561,-2.0162202240192566,-2.10914947515576,-2.2216871314315236,-2.385679754489393,-2.5080220496574337,-2.5775769018654184,-2.5580424049881874,-2.4631209199068156,-2.3606378302874065,-2.285729284957391,-2.2207855002422625,-2.1644793727372975,-2.0519743461573547,-1.9171756432863416,-1.7932505683762507,-1.686445852088601,-1.5839420941698497,-1.487565029803533,-1.4138826489143568,-1.3308890226650625,-1.2169192100538146,-1.1291823686768296,-1.0837762493849938,-1.0220669848837318,-0.9184310723291108,-0.8229327161112521,-0.7654960986953172,-0.7092773478058761,-0.6131636830095555,-0.4803980744950062,-0.36775262403039816,-0.2591696386632354,-0.14731114808151038,0
0,-0.1565055458646067,-0.28359090237719314,-0.4190151669357106,-0.5638910724007015,-0.7210679454711414,-0.8392095620875542,-0.9321863248877187,-1.0328319848715788,-1.150692084275019,-1.264773329592877,-1.347574732010863,-1.4199176629639207,-1.5222849836661387,-1.6437624251177962,-1.7251916573896073,-1.7884128535769772,-1.8658717240921476,-1.9425896648653098,-2.0183122888852405,-2.0959587882062594,-2.1810013587082477,-2.2366937970720597,-2.23301881771518,-2.2311744322104565,-2.2435898389799998,-2.2989230905911913,-2.34546258803069,-2.3135604807660415,-2.2059386962757617,-2.0701824717454853,-1.9028332010889197,-1.7715366010318705,-1.6539687534980696,-1.5449688457542705,-1.4867111745837347,-1.430399663971664,-1.334372327519585,-1.1714983400774408,-0.93762515548115,-0.6487273386163026,-0.39046064936308433,-0.18897273821245694,-0.042672197105250415,0.07028073248565421,0.15578532021419816,0.258415822827714,0.3431562188169367,0.39218768833560513,0.4191890378391281,0.4149620646479856,0.39044126185773337,0.3613315562002545,0.30746771912352083,0.24511745349908823,0.18820213714090278,0.08078652135605405,-0.07946833701176653,-0.3108125259810399,-0.6070862447950509,-0.9286966559974033,-1.1923626370986933,-1.37529879870086,-1.4796183966265555,-1.5320535736239818,-1.5756917761415363,-1.670926723470084,-1.7860706677202751,-1.9255856853287998,-2.108069128006517,-2.2540437810308944,-2.3562724053099737,-2.3734589745610615,-2.3084265282554868,-2.23119385146465,-2.1961693798604753,-2.1848310384052243,-2.178661109319879,-2.1057510375801933,-1.9976728140164561,-1.8843796010679679,-1.7747374751228584,-1.66631286252705,-1.5640482463917693,-1.4726086007107457,-1.3558416490332452,-1.2059491148689938,-1.0837762493850125,-1.0012962082910912,-0.9127824188387514,-0.7960751907178575,-0.6856020040366662,-0.6051477189410858,-0.5401768035978863,-0.45628455005990376,-0.3400002604688812,-0.24600914122846698,-0.16651771353763117,-0.09762790500777635,0
0,-0.12884769067895124,-0.22910454918175543,-0.34161822065803304,-0.4739235316328128,-0.6085941396702031,-0.7126751700199244,-0.8099046235953679,-0.9236563468210031,-1.0510917788018272,-1.1649659530894676,-1.259941789480818,-1.3557946666048457,-1.475205270437461,-1.6088470078733514,-1.7139731441065211,-1.7875922390887382,-1.8631222671025205,-1.9457164179388156,-2.0183861452190506,-2.0815871038516156,-2.1417721655463198,-2.1723997749468644,-2.1309189022241473,-2.0911476353890404,-2.0899071872794215,-2.1219474865159986,-2.134360375983912,-2.087919995263202,-1.9713064864438021,-1.829345069076213,-1.6600037721705858,-1.5186602970013494,-1.3963995856095175,-1.2962323457262335,-1.2419882187380462,-1.2045738159782455,-1.1374179628390664,-0.9857307178778774,-0.7685541676923554,-0.5120803406509001,-0.2854989447233537,-0.11321820625635108,-0.008140776336420559,0.08324369146695933,0.16110823879598118,0.24585829922607647,0.31400182003580873,0.3626115890541359,0.3868284233286731,0.381072071144924,0.35371325176103474,0.32052211960334415,0.2840990901068354,0.24058855869585477,0.19157245010528126,0.10737418479258223,-0.011237375569555353,-0.21205234050780486,-0.47253413532582145,-0.7560742222217245,-0.9983177545478993,-1.1691309741431135,-1.2461001262857805,-1.2822896981263285,-1.3256872177142194,-1.4143524347225993,-1.534982939350337,-1.6889449874506846,-1.877321154534101,-2.0322913027785083,-2.147003799457392,-2.1801929730072183,-2.1474506759845875,-2.0923650611036355,-2.073954662524498,-2.1014925664558963,-2.1330878651253022,-2.086270254201172,-2.0046052909324885,-1.9041913865797748,-1.795144758569391,-1.680952428560461,-1.580128189077525,-1.4782898850177306,-1.335599642143831,-1.166574517455628,-1.0220669848837236,-0.9127824188387503,-0.8078018247677837,-0.6873549093469788,-0.5635987049751379,-0.46743575468457144,-0.3951776470319604,-0.3244307621717202,-0.23369412246068316,-0.15526041893589812,-0.10107875471464763,-0.06182617926412837,0
0,-0.09940365887788884,-0.1763917415876895,-0.26862585988140447,-0.38375865551487287,-0.5030422930304534,-0.5904610911301539,-0.6927313111466453,-0.8191969864471736,-0.941068670101354,-1.047048663094762,-1.1406860557757388,-1.24432338396138,-1.36742742604263,-1.509621730177975,-1.6246639705082182,-1.7040912545907279,-1.783110364736331,-1.8705974430015193,-1.955424669152546,-2.02583266193561,-2.0845298531483474,-2.094958554625377,-2.0346980770446152,-1.9725896734526511,-1.9554486172000853,-1.9822473877530573,-1.9797834921033088,-1.913441011688613,-1.7897262960112097,-1.6452602713213624,-1.4878703650656677,-1.342197832949965,-1.2158359961908407,-1.124458600150905,-1.0859053452319045,-1.0712118637578634,-1.0267602513499032,-0.891406922875114,-0.6825511844962315,-0.4491524749804086,-0.24473264915890333,-0.10425859232199315,-0.026177028996374443,0.04187694883272459,0.1100635886156268,0.18051569501299453,0.24646073847045313,0.2876220918742771,0.29373953818163817,0.2860411086434323,0.2724147990067683,0.2436028768514913,0.20844431890730283,0.17676390588927518,0.13789229466975966,0.07905979451536521,-0.011168187959819682,-0.17669792708953388,-0.40951894834248537,-0.6664323198185369,-0.8952869203339315,-1.047115010532897,-1.1024190049108735,-1.1171022691352248,-1.1480217195080487,-1.2311227766464117,-1.3573564505771956,-1.5180719604306887,-1.7005297044129137,-1.8606186534752407,-1.9834438734737008,-2.0387317633496878,-2.0223327743087505,-1.9750077581340677,-1.9757472369405427,-2.027943089990091,-2.0787430854222446,-2.055099935071465,-1.975952528425798,-1.8707868562429162,-1.7482030965410784,-1.6268054856102439,-1.5224862915927106,-1.4124848423734675,-1.25618077595839,-1.0732420089193306,-0.918431072329093,-0.7960751907178487,-0.687354909346974,-0.5684133399757767,-0.4458063692703365,-0.3327263845134578,-0.2533430354042595,-0.19859041702586414,-0.12613956599400308,-0.06921788200699995,-0.036016532710507,-0.025194234779442215,0
0,-0.07542602652422513,-0.1310736510608418,-0.2029241731809677,-0.29799845723839197,-0.3844361368849357,-0.45481033166811813,-0.5535964831241678,-0.6867363781203598,-0.8150302383829091,-0.9178214434688066,-1.0215338864359083,-1.1367882576433825,-1.2670192493241235,-1.411102410932925,-1.535017679101413,-1.6165919163361107,-1.6860825765934015,-1.7747715447916306,-1.8560758935893775,-1.923625176711603,-1.9726569618393799,-1.9675274938957554,-1.8899046953867158,-1.815448367933968,-1.8023134565561696,-1.8248509400355755,-1.8094266963286674,-1.7387269791127977,-1.6166829864735333,-1.481254237374061,-1.3439323804800203,-1.2096466675934494,-1.0970739381744012,-1.0295082329354548,-1.0075636303709765,-1.0133455408886969,-0.9941192131062878,-0.865755713055586,-0.6719815462574115,-0.46087437429320466,-0.27785551040164935,-0.15622975025120792,-0.1041585846675016,-0.04549376979190386,0.017376292732562273,0.07530259944017502,0.13031167715279057,0.16825733053646136,0.16692408119255714,0.1583522218711358,0.14891929038849502,0.11982540738570119,0.09478662769733825,0.07324919186303828,0.038906973032997755,-0.009089353437877081,-0.07131537292008854,-0.21459807019061783,-0.42200809329312783,-0.6529796088657813,-0.8623649352953694,-1.0056117298838978,-1.0355707449056981,-1.030543343626654,-1.0476897452358729,-1.1096532766439937,-1.2226377358433564,-1.3753075795087657,-1.540830178941461,-1.6953430628456123,-1.8202528124361699,-1.8829618104551493,-1.8808479012448684,-1.839371478961679,-1.8393215110009888,-1.904417560959457,-1.9729642383837012,-1.9654891221480366,-1.8984795182011316,-1.7972543814430724,-1.6766185120827606,-1.5544333370023034,-1.4580106266546862,-1.3446790807551627,-1.1785238370030506,-0.9885767922838242,-0.8229327161112456,-0.6856020040366683,-0.563598704975129,-0.4458063692703317,-0.31369823979196476,-0.19197730320916215,-0.11290576202461056,-0.07395515696287468,-0.03503975846593549,0.002574705700368971,0.014518918958108893,0.00372665385541148,0
0,-0.036431540389675894,-0.06176353335205375,-0.10985342819790354,-0.1790561816949677,-0.24353871706088687,-0.29844497307232876,-0.4010565484122608,-0.5484648451033898,-0.6829769072326989,-0.8008637497685546,-0.9186261613800911,-1.0541830949195048,-1.1986908937147593,-1.3502877764723473,-1.4879101474237943,-1.5731886838998335,-1.6392814145552954,-1.7201695562689745,-1.7937504006476654,-1.8531670867771999,-1.8887538284200718,-1.8571446934322964,-1.7515880741682146,-1.6480501908976368,-1.6071869139808939,-1.6046108792837868,-1.5658316325152604,-1.4758592926285827,-1.3489172008510932,-1.205094837123719,-1.0774214354104203,-0.9476420750912518,-0.8388747713769246,-0.7812744500017652,-0.764331338016631,-0.7823353614067339,-0.7788215953587266,-0.6655373245702109,-0.48596527583423804,-0.30095874274273743,-0.13478914684388396,-0.03769468290770905,-0.00654068935758173,0.034213451101211725,0.08914018606894827,0.1368450694410012,0.19017460875872882,0.22649823398111804,0.22184774155413498,0.21321322026727615,0.20481230096364736,0.17352250962637067,0.14738210349586903,0.13317000742746818,0.1065827762813956,0.07750782881838494,0.037378113793808586,-0.07892367010454694,-0.2663029987997802,-0.46865490332427867,-0.6591314165225054,-0.7842684132254336,-0.7967732415034723,-0.7783775182172131,-0.7904636101133099,-0.8418828868918073,-0.9502314516991919,-1.0976212360907394,-1.2543423428892226,-1.4181468889222641,-1.5507888668551106,-1.6362167014667772,-1.6607242222941465,-1.6470107710132917,-1.6775552657496944,-1.774071796625044,-1.8719795106581762,-1.895195756602083,-1.8448184467887132,-1.756094828988344,-1.6437589212564312,-1.53104410138223,-1.4391799131152492,-1.3235432575796775,-1.1454214395640074,-0.9466207211344343,-0.7654960986953308,-0.6051477189410722,-0.46743575468456977,-0.33272638451344505,-0.19197730320917034,-0.05308217859713255,0.032553606784744976,0.05804179265968642,0.07613678201922627,0.08963168410748498,0.0810954591704601,0.041863228122905057,0
0,-0.00741772392620973,-0.010545729521984456,-0.04559359674636706,-0.09377965785696897,-0.14248630830787212,-0.1851098243577874,-0.2857032464404916,-0.4387656663415625,-0.57296092895027,-0.6995915463966385,-0.8265824534945745,-0.970830507191729,-1.1164537362855114,-1.264166666521411,-1.3971043971736448,-1.4807370453327038,-1.5388756682625617,-1.607377032661482,-1.6692294962445822,-1.7142499089162522,-1.7319598646303815,-1.6729515921198492,-1.5490546124929605,-1.4301369125323848,-1.3699329910512879,-1.353338004700487,-1.302282905949218,-1.1967531047172728,-1.077065507797568,-0.9405726795136657,-0.8323956367449817,-0.7088098404461336,-0.6079564349080528,-0.558708991148962,-0.5523033984676335,-0.5737138434834731,-0.5814700201094898,-0.48240810941446777,-0.32518263415163673,-0.1688559392412024,-0.028590489307857656,0.042579451462471454,0.0593842346597185,0.08841336781143959,0.13573782862114128,0.17855361318923776,0.23571714707526528,0.2734710115403144,0.27021912250060554,0.26037645704721596,0.2499748134763671,0.21590147816282823,0.18461837280885834,0.1705159920431515,0.1500351983681677,0.13131841827640514,0.1062185756919316,0.01799982689483224,-0.13961975002642335,-0.31092401790881696,-0.47507052862084864,-0.5837076553388664,-0.5834928897963008,-0.5607214312562825,-0.5614703569152153,-0.6030470031450348,-0.7011083227069005,-0.839639338523801,-0.9770535960127542,-1.1362090941094518,-1.2641988694719728,-1.3684731731549455,-1.4081861448938118,-1.4127228331941375,-1.465194191217958,-1.579367754762872,-1.696465263403374,-1.7486681425568846,-1.7165785167598657,-1.6450365903614237,-1.545232290580838,-1.4468706488096206,-1.3654622134326009,-1.2536884822669503,-1.0836108930149573,-0.8896641136237229,-0.7092773478058911,-0.5401768035978991,-0.3951776470319898,-0.2533430354042537,-0.11290576202457359,0.03255360678478628,0.11850092674557162,0.13357737624759053,0.1388328574696735,0.1357121263773165,0.12006626031000303,0.06466762768255156,0
0,0.002016422145193511,0.0065697081029845745,-0.028654716899261176,-0.0662442924277767,-0.10186110404103388,-0.13662127269439364,-0.22393032192686022,-0.36309256288095826,-0.4812913790342789,-0.5943833209474142,-0.7106416013674028,-0.8443714669945573,-0.9749505516470796,-1.101920329354892,-1.2202242674415729,-1.2910842563998894,-1.331985026052353,-1.3841225345404649,-1.4256152373286937,-1.4538145181891793,-1.459633251309968,-1.3957642551973017,-1.275278643225829,-1.1708191925287292,-1.1209098002340248,-1.1051125409204616,-1.06308584438725,-0.9742256469254751,-0.881405778665276,-0.7682798536699861,-0.6899091885989771,-0.5931462261955033,-0.517375206775793,-0.4840416803424739,-0.48724744707652135,-0.5151692019907801,-0.5391449773115077,-0.4585294466691173,-0.33656407973056873,-0.2153436733898297,-0.10325873979185328,-0.05057527102529515,-0.044530684044922615,-0.01582200640247252,0.029272688460672346,0.06927199055982705,0.12135092458395619,0.1565640332568828,0.15709225819280848,0.14838993884191037,0.13559629532550793,0.10174408142889906,0.0731286374620862,0.058143582722961114,0.036899211043635215,0.01528318289977811,0.0008669468621482823,-0.06735420896788731,-0.1941640210131228,-0.32713055584792144,-0.4523377877240923,-0.540972061964721,-0.5229959445659585,-0.49367429594547,-0.4851852572043579,-0.5108101685458568,-0.5837748308760369,-0.6955355258806676,-0.8014731522296719,-0.9376344582783721,-1.0411519757764456,-1.1317491938689,-1.165025231005518,-1.1717633960360025,-1.2163241830209464,-1.3172374709298134,-1.430534786360453,-1.4857423293509513,-1.4644498065998672,-1.4092947058975878,-1.329505611342427,-1.250671396847332,-1.1884761026756223,-1.0932714338970282,-0.9438979229894997,-0.7739073363693111,-0.6131636830095447,-0.45628455005991,-0.3244307621717165,-0.19859041702585667,-0.07395515696285222,0.058041792659710725,0.13357737624759386,0.1425109199781855,0.13839167810768502,0.1309761617286486,0.12076411643551704,0.06614870608812622,0
0,0.010520125156259134,0.01847940112487507,-0.016230276631708427,-0.04345579043319679,-0.07708768389077962,-0.09904757074705255,-0.17008732350128436,-0.284563473231617,-0.36669960128265866,-0.4606648546682219,-0.5523245388530708,-0.6705525814076467,-0.7872554776040462,-0.8974371176125674,-1.0013094281012171,-1.0604977687147457,-1.0942139697233813,-1.1320886689891154,-1.16895690388368,-1.1975128481546915,-1.2056257384088034,-1.1492312883848945,-1.0484795293894593,-0.9649053415787765,-0.9226310685604526,-0.9170505014822005,-0.8867528038738846,-0.800566759713233,-0.7227997033482507,-0.6199059618467747,-0.5566964688100388,-0.4699700978642908,-0.3999547384933204,-0.3686564369933971,-0.3752709802980165,-0.4015981177876912,-0.4280835447132225,-0.3680495849171813,-0.27002117061949865,-0.1768108707421764,-0.0863685726603835,-0.049574357984797354,-0.04074441051986756,-0.014669884861937233,0.02718622318487116,0.0641323748002474,0.1099302863881377,0.12986815662272633,0.12349964381883187,0.11591532785178657,0.11267107625329514,0.09426892802029906,0.06810398917766657,0.05013243313841822,0.028036220819779585,0.006494155280382265,-0.01018540576082264,-0.06029635720348934,-0.16216391486035822,-0.2647909005816783,-0.3630361456431147,-0.4274190593584305,-0.40341504354662244,-0.3742539940847071,-0.3620366380470567,-0.38649211710002096,-0.4557542512729934,-0.5561490078855547,-0.6452334643381321,-0.7692758576184515,-0.8560901640140748,-0.943947816154084,-0.9689175516179462,-0.970579235435683,-1.0112406418389521,-1.0950325788738764,-1.1904374487880156,-1.2406347541605691,-1.2177433705833292,-1.1662301736187644,-1.0947459075389274,-1.032817183087913,-0.9805014791262149,-0.9003031161110211,-0.7702237874933514,-0.6224410663790656,-0.48039807449499644,-0.3400002604688871,-0.23369412246065457,-0.12613956599397325,-0.03503975846591747,0.07613678201924919,0.13883285746967972,0.13839167810765465,0.13681854824955747,0.12361665194513664,0.11900511209283168,0.06642059310185841,0
0,0.011373222091779158,0.023535959154843474,-0.006309546252772569,-0.02022175410631913,-0.04063551289413515,-0.054019160998447315,-0.1047924766539924,-0.19342938045872513,-0.2561302778548632,-0.33021016001260345,-0.40876253923431416,-0.5120084207279435,-0.6124126295192738,-0.707918212142667,-0.7919056432871515,-0.8393825128221927,-0.8567502657946333,-0.8765836411182752,-0.8954600979439523,-0.9080361690907027,-0.911438928250777,-0.8640312105377632,-0.7845977780349146,-0.7256123984005803,-0.6958273840835278,-0.6911146528854308,-0.6689417119261073,-0.6016005499573616,-0.5502325634559184,-0.47351727781567554,-0.43017520071102544,-0.3630927612189992,-0.3175038669982734,-0.297910588205922,-0.3143457796942519,-0.33945608853341375,-0.37167482335023594,-0.32679429168930424,-0.2577337254395638,-0.18655397452401432,-0.11618248097659897,-0.08619734971862222,-0.07708452857401714,-0.05181103002481924,-0.019389583991788847,0.004899780963018987,0.03573668197888461,0.04978286515483292,0.05004888329394396,0.04405936256083868,0.037699219522202586,0.024357678719504897,0.009658434001913515,-0.001134228610550331,-0.01825432888210148,-0.04200213999222183,-0.0576083357392479,-0.09870111856929092,-0.1774737841299368,-0.25517677654260396,-0.32261220458201917,-0.37034895543310814,-0.33925597269458146,-0.3118829631698675,-0.29173774773785643,-0.30686390349844767,-0.352784636541672,-0.43124282131820474,-0.4945942098469182,-0.5888116878974039,-0.6478131477988981,-0.7174887526057236,-0.7349372871095797,-0.7379495462540047,-0.7668767703153327,-0.8267524267307819,-0.9014769177371919,-0.9427997613109503,-0.9267583408387633,-0.8950774511373151,-0.8477877610453188,-0.8096229752533757,-0.7784253272883913,-0.7151790083091668,-0.6125703065289075,-0.4872080035410948,-0.3677526240303617,-0.24600914122844994,-0.15526041893588235,-0.0692178820069824,0.0025747057003809846,0.08963168410744417,0.1357121263773005,0.1309761617285917,0.12361665194511698,0.1057568120116361,0.1037511694143521,0.05647105347621027,0
0,0.024509804012310704,0.045442522771560315,0.030440437910443537,0.023645689354925035,0.00508290923412003,-0.009365893397524314,-0.052143320814741295,-0.12004858454166507,-0.1634980019475048,-0.21985407367853513,-0.27651160556801424,-0.3557808249872163,-0.4355932314417647,-0.5074326567600261,-0.5728109149911262,-0.6054574366395699,-0.6171340043515762,-0.6297048022548256,-0.6449862774124863,-0.6610011337641933,-0.6653483172775242,-0.6292672932825156,-0.5622005123542718,-0.5062748351929596,-0.4684807897924481,-0.45366313564362226,-0.43312585001819687,-0.3794940796581041,-0.3370358739264678,-0.2738001241644127,-0.23519813301746526,-0.17908259632330287,-0.13440069982088929,-0.11356471796334308,-0.12374117075097506,-0.14549842701239388,-0.17116599376272063,-0.1392331623873065,-0.08505054772031946,-0.027491510619131125,0.028224305917782973,0.049418448157894077,0.05028887820185778,0.05934528966588067,0.07400136504550252,0.09160637516372584,0.11653902150225491,0.12605159694555756,0.12431843859062025,0.1207841645023083,0.11877455020857548,0.10940245115656239,0.09439180000068792,0.08528196083082444,0.0807502364483617,0.07267914165007658,0.06766516608558815,0.03951528805136942,-0.021705722798896054,-0.08342335974256003,-0.13561437342320445,-0.16855102308500294,-0.14254278154577213,-0.11893190177257666,-0.10577056703491193,-0.12287983559639189,-0.1673187793935079,-0.23045636058760038,-0.28167644657694707,-0.35535862374901195,-0.40207086297160877,-0.4573895928481081,-0.47697701700694783,-0.49276170141158393,-0.5320081865162807,-0.5901941062532465,-0.6554852806810809,-0.6891316426858904,-0.6777923416059273,-0.6501464618991516,-0.6152297042313637,-0.5896921373251512,-0.5671006635290836,-0.522846460831415,-0.4443289071674113,-0.35146778774614484,-0.2591696386632026,-0.16651771353761777,-0.10107875471465112,-0.03601653271050921,0.01451891895812883,0.0810954591704677,0.12006626031002818,0.1207641164355046,0.11900511209287498,0.10375116941438765,0.0973949178318965,0.05376908894708443,0
0,0.01623659050610328,0.0311796743105584,0.024660962844647267,0.0240646588107662,0.013723228636929447,0.004499012669797881,-0.021239322717091655,-0.06145333680698232,-0.08834350902212318,-0.12182759377241933,-0.1544763331175401,-0.19808498452423004,-0.23938736445393596,-0.2772781304101625,-0.30783161983470775,-0.32260667730416986,-0.3238987428152371,-0.3242467002899465,-0.32720592636884993,-0.32837629574343796,-0.32603309465203845,-0.30136448384489933,-0.262189281792353,-0.22934954104258998,-0.20502808007677403,-0.19457207637087,-0.18372164954691136,-0.1582971860412093,-0.1456073333839366,-0.12011643250643554,-0.10623432105113002,-0.07988348997435056,-0.06363943177762584,-0.05824806768957996,-0.07164043891513613,-0.08707995963337564,-0.10531234603983589,-0.09114094893901549,-0.06390174257676563,-0.03339258338161219,-0.004069079725518374,0.005048281255725391,0.0036439869762359815,0.004040719589859879,0.007762065984668657,0.012863885507285582,0.025898898244007446,0.03481010205446226,0.04023249290490204,0.03812638228518138,0.031133577375312842,0.022295882880322335,0.014625485617348813,0.013151374607600547,0.01455881032801466,0.014146824481128185,0.013495079110846634,0.0006845006266560366,-0.03096264043094718,-0.06344832520419072,-0.0896597453775917,-0.10496448914350087,-0.0874396390091476,-0.07192462618948722,-0.05772488872285264,-0.061381500014554814,-0.0770757224014447,-0.105665830069164,-0.12494382897731876,-0.1557222382794761,-0.17080358211187194,-0.19764978220813362,-0.20765820100725596,-0.21881975441089632,-0.24317351953620228,-0.27669543906414973,-0.3139382038416559,-0.3366753563484736,-0.3344870183053829,-0.3268838771358601,-0.3135895909389912,-0.30636281793106057,-0.29985487348854273,-0.27922529806399116,-0.24247005654198733,-0.19425185750022028,-0.14731114808151363,-0.09762790500777802,-0.06182617926413226,-0.025194234779450146,0.0037266538553875762,0.041863228122901275,0.06466762768259074,0.06614870608814848,0.06642059310187792,0.05647105347622227,0.05376908894706801,0.0290296844484308,0
0,0,0,0,0,0,0,0,0,0,0,0,0,0,0,0,0,0,0,0,0,0,0,0,0,0,0,0,0,0,0,0,0,0,0,0,0,0,0,0,0,0,0,0,0,0,0,0,0,0,0,0,0,0,0,0,0,0,0,0,0,0,0,0,0,0,0,0,0,0,0,0,0,0,0,0,0,0,0,0,0,0,0,0,0,0,0,0,0,0,0,0,0,0,0,0,0,0,0,0
