0,0,0,0,0,0,0,0,0,0,0,0,0,0,0,0,0,0,0,0,0,0,0,0,0,0,0,0,0,0,0,0,0,0,0,0,0,0,0,0,0,0,0,0,0,0,0,0,0,0,0,0,0,0,0,0,0,0,0,0,0,0,0,0,0,0,0,0,0,0,0,0,0,0,0,0,0,0,0,0,0,0,0,0,0,0,0,0,0,0,0,0,0,0,0,0,0,0,0,0
0,0.0000000000000000000000000000000000000000000000000000000000000000000000000000000001756413822982073,0.0000000000000000000000000000000000000000000000000000000000000000000000000000000771492761967749,0.000000000000000000000000000000000000000000000000000000000000000000000000000026211948007598203,0.000000000000000000000000000000000000000000000000000000000000000000000000007169410486957418,0.0000000000000000000000000000000000000000000000000000000000000000000000016222749126059642,0.0000000000000000000000000000000000000000000000000000000000000000000003097150479146405,0.00000000000000000000000000000000000000000000000000000000000000000005062900430882895,0.00000000000000000000000000000000000000000000000000000000000000000716753195889055,0.0000000000000000000000000000000000000000000000000000000000000008866468908979903,0.00000000000000000000000000000000000000000000000000000000000009652307211889665,0.000000000000000000000000000000000000000000000000000000000009300170813077406,0.0000000000000000000000000000000000000000000000000000000007967593466979981,0.00000000000000000000000000000000000000000000000000000006091775837706355,0.000000000000000000000000000000000000000000000000000004168861612058131,0.0000000000000000000000000000000000000000000000000002559437199280934,0.00000000000000000000000000000000000000000000000001412138589143497,0.000000000000000000000000000000000000000000000000701052062091367,0.00000000000000000000000000000000000000000000003133994146655978,0.000000000000000000000000000000000000000000001262028984001018,0.00000000000000000000000000000000000000000004577552015556613,0.0000000000000000000000000000000000000000014948045466647374,0.000000000000000000000000000000000000000043907755309302145,0.000000000000000000000000000000000000001158622309877896,0.000000000000000000000000000000000000027417970704871055,0.0000000000000000000000000000000000005805878801016179,0.000000000000000000000000000000000010971484753324317,0.00000000000000000000000000000000018441988833166486,0.0000000000000000000000000000000027466161502538825,0.00000000000000000000000000000003607623038984579,0.000000000000000000000000000000415616648748069,0.0000000000000000000000000000041724820687837925,0.000000000000000000000000000036223597632645034,0.00000000000000000000000000026948618257764757,0.0000000000000000000000000016996330257159027,0.000000000000000000000000008972942099639404,0.00000000000000000000000003907167675219625,0.00000000000000000000000013802258087373275,0.00000000000000000000000038897755527533226,0.0000000000000000000000008640156596524227,0.0000000000000000000000015185414364875613,0.0000000000000000000000021909659593075995,0.0000000000000000000000027796022061727536,0.0000000000000000000000032864748573958392,0.000000000000000000000003742255889018163,0.000000000000000000000004159191927978966,0.000000000000000000000004530418290457711,0.0000000000000000000000048411205446754906,0.0000000000000000000000050758988522404574,0.000000000000000000000005222184488176801,0.000000000000000000000005271876440298231,0.00000000000000000000000522218084989746,0.000000000000000000000005075867663410137,0.000000000000000000000004840894726120181,0.000000000000000000000004529043330774532,0.000000000000000000000004152265103023897,0.00000000000000000000000371397517240239,0.0000000000000000000000031953726656189364,0.0000000000000000000000025560287842032076,0.000000000000000000000001791640084300879,0.000000000000000000000001027186986754412,0.00000000000000000000000046468978464570295,0.0000000000000000000000001654041333057876,0.000000000000000000000000046920389096829473,0.000000000000000000000000010790960136397918,0.0000000000000000000000000020461171440202605,0.00000000000000000000000000032467333226659495,0.00000000000000000000000000004366745609839546,0.000000000000000000000000000005032243368756536,0.0000000000000000000000000000005014421178858033,0.000000000000000000000000000000043539145138890024,0.0000000000000000000000000000000033156211485311496,0.0000000000000000000000000000000002226718353132047,0.000000000000000000000000000000000013249505811725428,0.0000000000000000000000000000000000007012419590528842,0.00000000000000000000000000000000000003312011980263856,0.0000000000000000000000000000000000000013997412617974268,0.00000000000000000000000000000000000000005305059837157742,0.0000000000000000000000000000000000000000018062236246383396,0.00000000000000000000000000000000000000000005531642875376354,0.0000000000000000000000000000000000000000000015251769724520527,0.00000000000000000000000000000000000000000000003787703790181396,0.0000000000000000000000000000000000000000000000008473294519565996,0.000000000000000000000000000000000000000000000000017068729738849175,0.00000000000000000000000000000000000000000000000000030937709414625173,0.000000000000000000000000000000000000000000000000000005039403753487076,0.0000000000000000000000000000000000000000000000000000000736413945800811,0.0000000000000000000000000000000000000000000000000000000009632084190050064,0.000000000000000000000000000000000000000000000000000000000011243403498952483,0.00000000000000000000000000000000000000000000000000000000000011669457512368452,0.0000000000000000000000000000000000000000000000000000000000000010719681796391432,0.000000000000000000000000000000000000000000000000000000000000000008665858902830794,0.00000000000000000000000000000000000000000000000000000000000000000006121408152793071,0.0000000000000000000000000000000000000000000000000000000000000000000003744755866645389,0.0000000000000000000000000000000000000000000000000000000000000000000000019615268274197214,0.000000000000000000000000000000000000000000000000000000000000000000000000008668845227035264,0.00000000000000000000000000000000000000000000000000000000000000000000000000003169454791377361,0.00000000000000000000000000000000000000000000000000000000000000000000000000000009328763589162113,0.00000000000000000000000000000000000000000000000000000000000000000000000000000000021238585753481222,0
0,0.0000000000000000000000000000000000000000000000000000000000000000000000000000000771492761967749,0.00000000000000000000000000000000000000000000000000000000000000000000000000002690176679770852,0.000000000000000000000000000000000000000000000000000000000000000000000000007556920682148249,0.0000000000000000000000000000000000000000000000000000000000000000000000017574460918660408,0.00000000000000000000000000000000000000000000000000000000000000000000034510389896560266,0.00000000000000000000000000000000000000000000000000000000000000000005807242084274181,0.000000000000000000000000000000000000000000000000000000000000000008470264312228786,0.0000000000000000000000000000000000000000000000000000000000000010805162092644726,0.00000000000000000000000000000000000000000000000000000000000012141889670272515,0.000000000000000000000000000000000000000000000000000000000012088407711834352,0.0000000000000000000000000000000000000000000000000000000010712891748505423,0.00000000000000000000000000000000000000000000000000000008482739233679887,0.000000000000000000000000000000000000000000000000000006019633106182979,0.00000000000000000000000000000000000000000000000000038374739601167455,0.00000000000000000000000000000000000000000000000002201708161721981,0.000000000000000000000000000000000000000000000001138406760822874,0.00000000000000000000000000000000000000000000005309453392865366,0.000000000000000000000000000000000000000000002234748178679367,0.00000000000000000000000000000000000000000008489366366904687,0.00000000000000000000000000000000000000000290981917325763,0.00000000000000000000000000000000000000008993170305378018,0.0000000000000000000000000000000000000025035794291147783,0.00000000000000000000000000000000000006268808419188885,0.0000000000000000000000000000000000014092075661118275,0.000000000000000000000000000000000028374393240345473,0.0000000000000000000000000000000005102939697396294,0.000000000000000000000000000000008169547479604193,0.00000000000000000000000000000011596594359758365,0.0000000000000000000000000000014527113919458426,0.00000000000000000000000000001597155274941573,0.00000000000000000000000000015311447292596816,0.0000000000000000000000000012702068813135219,0.000000000000000000000000009037066402535069,0.00000000000000000000000005456368939706523,0.00000000000000000000000027616698143056554,0.0000000000000000000000011553854350240004,0.0000000000000000000000039345598715920515,0.000000000000000000000010745410813077479,0.000000000000000000000023313239288726082,0.000000000000000000000040442617060453936,0.00000000000000000000005816279993488584,0.00000000000000000000007383903908092826,0.00000000000000000000008738533230157092,0.00000000000000000000009953700214641741,0.00000000000000000000011062144601736782,0.00000000000000000000012047599116896017,0.00000000000000000000012871889610855073,0.00000000000000000000013494599800925534,0.00000000000000000000013882552561755105,0.00000000000000000000014014329628382466,0.00000000000000000000013882539308320786,0.00000000000000000000013494491254727662,0.00000000000000000000012871139003032378,0.00000000000000000000012043231309231467,0.00000000000000000000011041095047811105,0.00000000000000000000009871364185756781,0.00000000000000000000008483774908734434,0.00000000000000000000006780658822614092,0.00000000000000000000004767910272555797,0.00000000000000000000002769652974570092,0.000000000000000000000012829542079398219,0.000000000000000000000004712959958290171,0.000000000000000000000001386976657365447,0.0000000000000000000000003320251461730786,0.00000000000000000000000006567144214711528,0.000000000000000000000000010885612275541149,0.0000000000000000000000000015309806222650994,0.00000000000000000000000000018463879996156628,0.000000000000000000000000000019267395688600616,0.0000000000000000000000000000017530442334275872,0.00000000000000000000000000000013997733232441724,0.000000000000000000000000000000009863258406470934,0.00000000000000000000000000000000061620241243506845,0.00000000000000000000000000000000003426876090018627,0.000000000000000000000000000000000001702182707333812,0.00000000000000000000000000000000000007572997815137902,0.000000000000000000000000000000000000003024749421397074,0.00000000000000000000000000000000000000010866274203381694,0.0000000000000000000000000000000000000000035161639726378975,0.00000000000000000000000000000000000000000010259113002505968,0.0000000000000000000000000000000000000000000027007926608256867,0.00000000000000000000000000000000000000000000006417084159446856,0.000000000000000000000000000000000000000000000001375967545933437,0.00000000000000000000000000000000000000000000000002661283419246737,0.0000000000000000000000000000000000000000000000000004638692508791507,0.000000000000000000000000000000000000000000000000000007276746984216392,0.00000000000000000000000000000000000000000000000000000010254606799885109,0.000000000000000000000000000000000000000000000000000000001295101942079744,0.00000000000000000000000000000000000000000000000000000000001461435054934376,0.00000000000000000000000000000000000000000000000000000000000014679418427410507,0.0000000000000000000000000000000000000000000000000000000000000013063666075081688,0.00000000000000000000000000000000000000000000000000000000000000001024097078067745,0.00000000000000000000000000000000000000000000000000000000000000000007021400081884981,0.00000000000000000000000000000000000000000000000000000000000000000000041726561386194634,0.000000000000000000000000000000000000000000000000000000000000000000000002124971278401508,0.000000000000000000000000000000000000000000000000000000000000000000000000009137421800983318,0.00000000000000000000000000000000000000000000000000000000000000000000000000003252871114533762,0.00000000000000000000000000000000000000000000000000000000000000000000000000000009328776348893696,0
0,0.000000000000000000000000000000000000000000000000000000000000000000000000000026211948007598203,0.000000000000000000000000000000000000000000000000000000000000000000000000007556920682148249,0.0000000000000000000000000000000000000000000000000000000000000000000000018049304807808678,0.00000000000000000000000000000000000000000000000000000000000000000000036426935255891264,0.00000000000000000000000000000000000000000000000000000000000000000006304787093119067,0.000000000000000000000000000000000000000000000000000000000000000009466244167148083,0.0000000000000000000000000000000000000000000000000000000000000012441294076885863,0.00000000000000000000000000000000000000000000000000000000000014416837638299537,0.000000000000000000000000000000000000000000000000000000000014815726499649273,0.000000000000000000000000000000000000000000000000000000001356683321565056,0.0000000000000000000000000000000000000000000000000000001111228543032132,0.000000000000000000000000000000000000000000000000000008166636367022063,0.00000000000000000000000000000000000000000000000000053984773756993996,0.000000000000000000000000000000000000000000000000032160680345104676,0.0000000000000000000000000000000000000000000000017291567474169574,0.00000000000000000000000000000000000000000000008399239765099893,0.0000000000000000000000000000000000000000000036881621845472406,0.00000000000000000000000000000000000000000014643643828946106,0.000000000000000000000000000000000000000005256601837099445,0.00000000000000000000000000000000000000017051836120360794,0.0000000000000000000000000000000000000049944298456025496,0.00000000000000000000000000000000000013192571380704467,0.0000000000000000000000000000000000031377359302038895,0.00000000000000000000000000000000006706338600874256,0.0000000000000000000000000000000012849469665026912,0.000000000000000000000000000000022006701544394703,0.0000000000000000000000000000003357382903982697,0.000000000000000000000000000004544284139773546,0.00000000000000000000000000005431124487451245,0.0000000000000000000000000005699889718834092,0.000000000000000000000000005218951050077764,0.000000000000000000000000041376639320229045,0.00000000000000000000000028154575599202125,0.0000000000000000000000016274448342426008,0.00000000000000000000000789754839013987,0.000000000000000000000031749169263749185,0.00000000000000000000010425371440064867,0.00000000000000000000027602345691900846,0.0000000000000000000005852170112201104,0.0000000000000000000010023093003845375,0.0000000000000000000014365672123978297,0.00000000000000000000182474339457826,0.000000000000000000002161501683013081,0.0000000000000000000024629503946507812,0.000000000000000000002737125557165956,0.0000000000000000000029804840043417625,0.000000000000000000003183904525170402,0.0000000000000000000033375354569352393,0.000000000000000000003433236227258041,0.000000000000000000003465741266147065,0.000000000000000000003433231744657238,0.000000000000000000003337500376979091,0.000000000000000000003183672842377903,0.000000000000000000002979195625907504,0.0000000000000000000027311862692929135,0.00000000000000000000244069322828058,0.00000000000000000000209534646424058,0.0000000000000000000016735384488193121,0.0000000000000000000011807100086171293,0.0000000000000000000006947384546955863,0.0000000000000000000003293598074394104,0.0000000000000000000001248185111600609,0.000000000000000000000038098495628145215,0.000000000000000000000009492002893484989,0.000000000000000000000001958260515892731,0.00000000000000000000000033906637952923157,0.000000000000000000000000049862654328619963,0.0000000000000000000000000062925441981509155,0.000000000000000000000000000687523683231992,0.00000000000000000000000000006553236729786652,0.000000000000000000000000000005484678538529429,0.0000000000000000000000000000004053093165999549,0.000000000000000000000000000000026572061673940994,0.0000000000000000000000000000000015517714555226686,0.00000000000000000000000000000000008100098617588619,0.000000000000000000000000000000000003790315095019737,0.00000000000000000000000000000000000015938068907226089,0.000000000000000000000000000000000000006034396296638734,0.0000000000000000000000000000000000000002060420933810656,0.00000000000000000000000000000000000000000635217896352399,0.00000000000000000000000000000000000000000017696858199083781,0.000000000000000000000000000000000000000000004457418475340725,0.00000000000000000000000000000000000000000000010151662570123085,0.0000000000000000000000000000000000000000000000020900327985709685,0.000000000000000000000000000000000000000000000000038874385265747546,0.0000000000000000000000000000000000000000000000000006525704825140202,0.00000000000000000000000000000000000000000000000000000987223892190586,0.00000000000000000000000000000000000000000000000000000013433549048190683,0.0000000000000000000000000000000000000000000000000000000016401349737148366,0.000000000000000000000000000000000000000000000000000000000017911695554366457,0.00000000000000000000000000000000000000000000000000000000000017429921298080295,0.0000000000000000000000000000000000000000000000000000000000000015041867984826495,0.000000000000000000000000000000000000000000000000000000000000000011445214321320657,0.00000000000000000000000000000000000000000000000000000000000000000007623000533293028,0.00000000000000000000000000000000000000000000000000000000000000000000044044005601471297,0.0000000000000000000000000000000000000000000000000000000000000000000000021823917794535708,0.000000000000000000000000000000000000000000000000000000000000000000000000009137441897739878,0.00000000000000000000000000000000000000000000000000000000000000000000000000003169466015021815,0
0,0.000000000000000000000000000000000000000000000000000000000000000000000000007169410486957418,0.0000000000000000000000000000000000000000000000000000000000000000000000017574460918660408,0.00000000000000000000000000000000000000000000000000000000000000000000036426935255891264,0.00000000000000000000000000000000000000000000000000000000000000000006479845398173017,0.000000000000000000000000000000000000000000000000000000000000000010006897836123586,0.000000000000000000000000000000000000000000000000000000000000001353839751346213,0.0000000000000000000000000000000000000000000000000000000000001616310501217291,0.000000000000000000000000000000000000000000000000000000000017128785465410702,0.0000000000000000000000000000000000000000000000000000000016190169386692224,0.00000000000000000000000000000000000000000000000000000013702288685560932,0.000000000000000000000000000000000000000000000000000010416625076637434,0.0000000000000000000000000000000000000000000000000007131144392899963,0.00000000000000000000000000000000000000000000000004405178981335718,0.0000000000000000000000000000000000000000000000024592885788392585,0.00000000000000000000000000000000000000000000012421756042837555,0.00000000000000000000000000000000000000000000568070052916161,0.0000000000000000000000000000000000000000002353026502815949,0.000000000000000000000000000000000000000008828123307704139,0.00000000000000000000000000000000000000029991014803579638,0.000000000000000000000000000000000000009219652592624111,0.0000000000000000000000000000000000002562187891285284,0.00000000000000000000000000000000000642837233784828,0.0000000000000000000000000000000001453602889476887,0.0000000000000000000000000000000029562133970414135,0.00000000000000000000000000000005393571178555149,0.0000000000000000000000000000008801751027512059,0.000000000000000000000000000012802285200247384,0.00000000000000000000000000016529064435299428,0.0000000000000000000000000018852751277777582,0.00000000000000000000000001889092097960074,0.0000000000000000000000001652267998426799,0.000000000000000000000001252001585685871,0.000000000000000000000008148200151922222,0.000000000000000000000045093866424225727,0.00000000000000000000020982177390577284,0.000000000000000000000810658774179021,0.0000000000000000000025674796252727994,0.000000000000000000006592903241260637,0.000000000000000000013666370451439483,0.00000000000000000002311525145337109,0.00000000000000000003301150241431839,0.00000000000000000004194823993890396,0.00000000000000000004973495397715891,0.0000000000000000000566926402129236,0.00000000000000000006300218467823222,0.00000000000000000006859271025307246,0.00000000000000000007326218672565114,0.00000000000000000007678763297333154,0.00000000000000000007898341153190306,0.00000000000000000007972916485275406,0.00000000000000000007898327077421157,0.00000000000000000007678658030646612,0.00000000000000000007325554703864088,0.00000000000000000006855742714356883,0.00000000000000000006284660874167476,0.00000000000000000005613408223185231,0.00000000000000000004813985553171626,0.00000000000000000003842769661928179,0.00000000000000000002720696917006027,0.000000000000000000016211586871914367,0.000000000000000000007861837207181374,0.0000000000000000000030723599216384627,0.0000000000000000000009723811798300235,0.00000000000000000000025210079310496656,0.00000000000000000000005424583729795818,0.000000000000000000000009810756105576574,0.0000000000000000000000015085014020826649,0.0000000000000000000000001991848834164982,0.000000000000000000000000022783309157138278,0.000000000000000000000000002274526607169386,0.00000000000000000000000000019947589890841225,0.000000000000000000000000000015453783643582586,0.0000000000000000000000000000010626867973460498,0.00000000000000000000000000000006513110990244805,0.0000000000000000000000000000000035703695659153636,0.0000000000000000000000000000000001755819516379057,0.000000000000000000000000000000000007765772921759979,0.00000000000000000000000000000000000030955530344240135,0.000000000000000000000000000000000000011139877699103645,0.00000000000000000000000000000000000000036240264445419077,0.000000000000000000000000000000000000000010668399605472687,0.0000000000000000000000000000000000000000002843709667779099,0.0000000000000000000000000000000000000000000068657054502434,0.0000000000000000000000000000000000000000000001501373484146293,0.000000000000000000000000000000000000000000000002972594322230717,0.00000000000000000000000000000000000000000000000005324861256570119,0.0000000000000000000000000000000000000000000000000008620271601788299,0.000000000000000000000000000000000000000000000000000012592278196697097,0.00000000000000000000000000000000000000000000000000000016564742166774802,0.000000000000000000000000000000000000000000000000000000001957294240304767,0.00000000000000000000000000000000000000000000000000000000002070825190909598,0.00000000000000000000000000000000000000000000000000000000000019541274961496502,0.000000000000000000000000000000000000000000000000000000000000001636838275011892,0.000000000000000000000000000000000000000000000000000000000000000012098948866283407,0.0000000000000000000000000000000000000000000000000000000000000000000783468987609601,0.0000000000000000000000000000000000000000000000000000000000000000000004404414437698042,0.000000000000000000000000000000000000000000000000000000000000000000000002124982584791697,0.000000000000000000000000000000000000000000000000000000000000000000000000008668902503245657,0
0,0.0000000000000000000000000000000000000000000000000000000000000000000000016222749126059642,0.00000000000000000000000000000000000000000000000000000000000000000000034510389896560266,0.00000000000000000000000000000000000000000000000000000000000000000006304787093119067,0.000000000000000000000000000000000000000000000000000000000000000010006897836123586,0.0000000000000000000000000000000000000000000000000000000000000013924984043243402,0.00000000000000000000000000000000000000000000000000000000000017113228869611198,0.000000000000000000000000000000000000000000000000000000000018684713517702088,0.000000000000000000000000000000000000000000000000000000001821207977439971,0.00000000000000000000000000000000000000000000000000000015909985388544541,0.00000000000000000000000000000000000000000000000000001249739448336243,0.0000000000000000000000000000000000000000000000000008850022986444526,0.00000000000000000000000000000000000000000000000005661755250260803,0.0000000000000000000000000000000000000000000000032775185557492165,0.00000000000000000000000000000000000000000000017189079012599246,0.00000000000000000000000000000000000000000000817402203563983,0.0000000000000000000000000000000000000000003526184974802081,0.000000000000000000000000000000000000000013801516137498781,0.0000000000000000000000000000000000000004900361856703072,0.000000000000000000000000000000000000015776090763324753,0.0000000000000000000000000000000000004601435335047348,0.000000000000000000000000000000000012145691428263806,0.0000000000000000000000000000000002897025883746025,0.000000000000000000000000000000006232976378839124,0.0000000000000000000000000000001206972811451335,0.0000000000000000000000000000020980881177432456,0.000000000000000000000000000032639258720919587,0.0000000000000000000000000004527838364365635,0.000000000000000000000000005577873996883507,0.00000000000000000000000006072701087239503,0.0000000000000000000000005810498333972772,0.000000000000000000000004854826074898527,0.00000000000000000000003516005975007111,0.00000000000000000000021885371793798606,0.0000000000000000000011595528220484952,0.000000000000000000005173312134551449,0.000000000000000000019210589541991637,0.00000000000000000005869751818265079,0.00000000000000000014624346635758931,0.0000000000000000002965207235753985,0.000000000000000000495400540582456,0.0000000000000000007048384738599671,0.0000000000000000008958696392450984,0.0000000000000000010631071354470858,0.0000000000000000012123203513129814,0.000000000000000001347231889972991,0.0000000000000000014665422141653045,0.0000000000000000015661098997622089,0.0000000000000000016412561074630614,0.0000000000000000016880524204457882,0.0000000000000000017039446953670605,0.0000000000000000016880483202905141,0.0000000000000000016412268040872998,0.000000000000000001565933401620584,0.000000000000000001465646108750113,0.0000000000000000013434530726008611,0.000000000000000001199323332835953,0.0000000000000000010274426350985688,0.0000000000000000008198280857268643,0.0000000000000000005825913006675156,0.0000000000000000003514635250017251,0.00000000000000000017427355038294705,0.00000000000000000007020191283935464,0.00000000000000000002303301783412814,0.0000000000000000000062135710648505514,0.0000000000000000000013944947604689769,0.00000000000000000000026344737675175415,0.00000000000000000000004235516293330215,0.000000000000000000000005851652624655312,0.000000000000000000000000700674566218483,0.00000000000000000000000007325643104571361,0.000000000000000000000000006730775921860211,0.0000000000000000000000000005465098884105642,0.000000000000000000000000000039404048014159265,0.0000000000000000000000000000025334011580565365,0.00000000000000000000000000000014576266249344798,0.00000000000000000000000000000000752841847460477,0.00000000000000000000000000000000034995531144040943,0.000000000000000000000000000000000014673311013416235,0.0000000000000000000000000000000000005559549283188631,0.000000000000000000000000000000000000019062574614144342,0.0000000000000000000000000000000000000005921645168171779,0.00000000000000000000000000000000000000001667899208971612,0.00000000000000000000000000000000000000000042616131264021295,0.00000000000000000000000000000000000000000000987934567524364,0.0000000000000000000000000000000000000000000002077620699851276,0.0000000000000000000000000000000000000000000000039616690098285434,0.00000000000000000000000000000000000000000000000006843870964136135,0.0000000000000000000000000000000000000000000000000010698215011932747,0.000000000000000000000000000000000000000000000000000015107801804150481,0.00000000000000000000000000000000000000000000000000000019233807908199257,0.000000000000000000000000000000000000000000000000000000002201748305985703,0.00000000000000000000000000000000000000000000000000000000002258948089663762,0.0000000000000000000000000000000000000000000000000000000000002069009992338421,0.0000000000000000000000000000000000000000000000000000000000000016835862939431563,0.00000000000000000000000000000000000000000000000000000000000000001209900019106362,0.00000000000000000000000000000000000000000000000000000000000000000007623056632924162,0.0000000000000000000000000000000000000000000000000000000000000000000004172695637348851,0.0000000000000000000000000000000000000000000000000000000000000000000000019615477446653705,0
0,0.0000000000000000000000000000000000000000000000000000000000000000000003097150479146405,0.00000000000000000000000000000000000000000000000000000000000000000005807242084274181,0.000000000000000000000000000000000000000000000000000000000000000009466244167148083,0.000000000000000000000000000000000000000000000000000000000000001353839751346213,0.00000000000000000000000000000000000000000000000000000000000017113228869611198,0.000000000000000000000000000000000000000000000000000000000019233841800457964,0.0000000000000000000000000000000000000000000000000000000019314860475250183,0.00000000000000000000000000000000000000000000000000000017400015331004096,0.00000000000000000000000000000000000000000000000000001410805551297027,0.0000000000000000000000000000000000000000000000000010323023040383411,0.00000000000000000000000000000000000000000000000006831326027935548,0.0000000000000000000000000000000000000000000000040954321072899225,0.0000000000000000000000000000000000000000000002227168567628292,0.000000000000000000000000000000000000000000010996826643912475,0.000000000000000000000000000000000000000000493284345127588,0.00000000000000000000000000000000000000002010753385153219,0.000000000000000000000000000000000000000744791135259861,0.00000000000000000000000000000000000002505976642680798,0.000000000000000000000000000000000000765437230313993,0.000000000000000000000000000000000021204321369248495,0.0000000000000000000000000000000005320821016416787,0.00000000000000000000000000000001207503528381594,0.00000000000000000000000000000024735437219363204,0.000000000000000000000000000004563272864987499,0.00000000000000000000000000007561130332472408,0.0000000000000000000000000011217173162725058,0.000000000000000000000000014845072674041637,0.00000000000000000000000017452396732384133,0.000000000000000000000001813832672434688,0.000000000000000000000016572622488501874,0.00000000000000000000013227123188204083,0.0000000000000000000009154854862539176,0.0000000000000000000054494016594209936,0.00000000000000000002763836754101252,0.00000000000000000011822295096127088,0.00000000000000000042195827287378785,0.0000000000000000012440552887943748,0.000000000000000003008426408821187,0.000000000000000005968961185458907,0.000000000000000009852233920491404,0.000000000000000013962305269055286,0.000000000000000017748008002310137,0.00000000000000002107913812191938,0.000000000000000024047984083040665,0.0000000000000000267243047004093,0.00000000000000002908628931357654,0.0000000000000000310555097981646,0.00000000000000003254111310058382,0.000000000000000033466084569280455,0.00000000000000003378018310264842,0.00000000000000003346597388289665,0.00000000000000003254035717414406,0.000000000000000031051163012193785,0.00000000000000002906520909741954,0.00000000000000002663931003650152,0.000000000000000023767968521721796,0.000000000000000020340766328830006,0.000000000000000016226605874625177,0.000000000000000011575837962068683,0.000000000000000007069036050259975,0.0000000000000000035824938784723035,0.0000000000000000014870242811362118,0.0000000000000000005056834957047751,0.0000000000000000001419427115506547,0.00000000000000000003322828698338579,0.000000000000000000006558150353601328,0.0000000000000000000011026021976253495,0.00000000000000000000015940243878092954,0.000000000000000000000019981588755257915,0.0000000000000000000000021877906363834725,0.00000000000000000000000021057334055978576,0.000000000000000000000000017916253740113685,0.0000000000000000000000000013540871658686328,0.00000000000000000000000000009129220342617916,0.0000000000000000000000000000055105559018844156,0.0000000000000000000000000000002987452179444208,0.000000000000000000000000000000014585597926345394,0.0000000000000000000000000000000006427799440598072,0.00000000000000000000000000000000002561830052187292,0.0000000000000000000000000000000000009248537723575401,0.00000000000000000000000000000000000003028126627020196,0.0000000000000000000000000000000000000009000395072859198,0.00000000000000000000000000000000000000002430037360673886,0.0000000000000000000000000000000000000000005961779930755081,0.00000000000000000000000000000000000000000001329132196020107,0.0000000000000000000000000000000000000000000002691993970856379,0.0000000000000000000000000000000000000000000000049503870800453345,0.00000000000000000000000000000000000000000000000008257742086009716,0.0000000000000000000000000000000000000000000000000012478968415644847,0.00000000000000000000000000000000000000000000000000001705505791224453,0.00000000000000000000000000000000000000000000000000000021035304895425745,0.0000000000000000000000000000000000000000000000000000000023350861191703373,0.00000000000000000000000000000000000000000000000000000000002325351534495137,0.0000000000000000000000000000000000000000000000000000000000002069021365953297,0.000000000000000000000000000000000000000000000000000000000000001636854153313852,0.00000000000000000000000000000000000000000000000000000000000000001144536019753193,0.0000000000000000000000000000000000000000000000000000000000000000000702150365560789,0.0000000000000000000000000000000000000000000000000000000000000000000003744815116972452,0
0,0.00000000000000000000000000000000000000000000000000000000000000000005062900430882897,0.000000000000000000000000000000000000000000000000000000000000000008470264312228786,0.0000000000000000000000000000000000000000000000000000000000000012441294076885863,0.0000000000000000000000000000000000000000000000000000000000001616310501217291,0.000000000000000000000000000000000000000000000000000000000018684713517702088,0.0000000000000000000000000000000000000000000000000000000019314860475250183,0.00000000000000000000000000000000000000000000000000000017926764518517934,0.00000000000000000000000000000000000000000000000000001498880196084097,0.000000000000000000000000000000000000000000000000001132071659952509,0.00000000000000000000000000000000000000000000000007740802667023846,0.000000000000000000000000000000000000000000000004800328220371716,0.00000000000000000000000000000000000000000000027034809036850263,0.000000000000000000000000000000000000000000013841442046433024,0.0000000000000000000000000000000000000000006446731190106091,0.00000000000000000000000000000000000000002732486740680085,0.0000000000000000000000000000000000000010540685656297631,0.00000000000000000000000000000000000003699813084330942,0.0000000000000000000000000000000000011810712071679644,0.00000000000000000000000000000000003426257061342648,0.0000000000000000000000000000000009022937178407915,0.000000000000000000000000000000021541024465204717,0.0000000000000000000000000000004654193292432209,0.000000000000000000000000000009082492760475446,0.00000000000000000000000000015970304177144638,0.0000000000000000000000000025232541674160325,0.000000000000000000000000035706731121173706,0.0000000000000000000000004508893302913816,0.00000000000000000000000505909164280433,0.00000000000000000000005019296425275603,0.0000000000000000000004378908966386536,0.000000000000000000003338044498384281,0.000000000000000000022075208596649346,0.00000000000000000012563196389521048,0.0000000000000000006098165087644736,0.0000000000000000025005365420504287,0.000000000000000008577912004470926,0.000000000000000024406441861076086,0.00000000000000005730428421324709,0.00000000000000011129808127263043,0.00000000000000018151811210032578,0.0000000000000002561842740476457,0.0000000000000003256181943999141,0.0000000000000003870490497361415,0.0000000000000004417602806332377,0.0000000000000004909356047391945,0.0000000000000005342398200952263,0.0000000000000005703035158136449,0.0000000000000005974974050858771,0.0000000000000006144254344260501,0.0000000000000006201732272335047,0.0000000000000006144226683528636,0.0000000000000005974793563882162,0.0000000000000005702044656027555,0.0000000000000005337811570328723,0.0000000000000004891679851743562,0.0000000000000004361834086117191,0.0000000000000003729174684613582,0.00000000000000029746906799734357,0.00000000000000021307386161725212,0.0000000000000001316942747847221,0.00000000000000006818766884223683,0.00000000000000002915515781067608,0.0000000000000000102748605862843,0.000000000000000003001039982803544,0.0000000000000000007329169748815404,0.00000000000000000015115341375032247,0.000000000000000000026581345216081288,0.0000000000000000000040219959588356545,0.0000000000000000000005278817234808391,0.00000000000000000000006053309559214142,0.000000000000000000000006103375511115841,0.0000000000000000000000005441146152483923,0.00000000000000000000000004309968255205071,0.0000000000000000000000000030463030469062736,0.0000000000000000000000000001928417103041226,0.000000000000000000000000000010968780944496398,0.0000000000000000000000000000005621534073334771,0.00000000000000000000000000000002602117636160647,0.0000000000000000000000000000000010900659531217479,0.0000000000000000000000000000000000413965436819074,0.0000000000000000000000000000000000014271028591301034,0.000000000000000000000000000000000000044708530113003123,0.0000000000000000000000000000000000000012738190444355678,0.00000000000000000000000000000000000000003302345235440266,0.0000000000000000000000000000000000000000007791608456338506,0.00000000000000000000000000000000000000000001672976926520281,0.00000000000000000000000000000000000000000000032677673349893037,0.000000000000000000000000000000000000000000000005802515761608555,0.00000000000000000000000000000000000000000000000009357234541203636,0.0000000000000000000000000000000000000000000000000013685172193634948,0.00000000000000000000000000000000000000000000000000001811994769891033,0.00000000000000000000000000000000000000000000000000000021672277982299294,0.0000000000000000000000000000000000000000000000000000000023351023362997667,0.000000000000000000000000000000000000000000000000000000000022589760950767624,0.00000000000000000000000000000000000000000000000000000000000019541597743865984,0.0000000000000000000000000000000000000000000000000000000000000015042160500407784,0.000000000000000000000000000000000000000000000000000000000000000010241188988967393,0.00000000000000000000000000000000000000000000000000000000000000000006121544101623105,0
