0,0,0,0,0,0,0,0,0,0,0,0,0,0,0,0,0,0,0,0,0,0,0,0,0,0,0,0,0,0,0,0,0,0,0,0,0,0,0,0,0,0,0,0,0,0,0,0,0,0,0,0,0,0,0,0,0,0,0,0,0,0,0,0,0,0,0,0,0,0,0,0,0,0,0,0,0,0,0,0,0,0,0,0,0,0,0,0,0,0,0,0,0,0,0,0,0,0,0,0
0,-0.06580556943644315,-0.11936723778380522,-0.1649853757922758,-0.20218939961633636,-0.2445303207855512,-0.2791632225338063,-0.30196792469825007,-0.32761101527629394,-0.3584157349449636,-0.38915404065732506,-0.41639704365919705,-0.45847118032733297,-0.5065160106040626,-0.5480484107103971,-0.5730604647992709,-0.5860570849506404,-0.6077122622013186,-0.6262842070654179,-0.6388707265366981,-0.6619023720472622,-0.7080407835949944,-0.7612808441420384,-0.8173630409724523,-0.8789787888441392,-0.9200058657514297,-0.937657018749124,-0.9582806503933161,-0.9843089245722185,-1.015274072245352,-1.0398330337891903,-1.0497464016353117,-1.0444623053311075,-1.0366322021098564,-1.0348138772230813,-1.0313353405276682,-1.018000365056286,-1.0047376185932901,-0.9972725956945431,-0.9984778726357394,-1.0103626331048507,-1.025197441441664,-1.0481979641654062,-1.0656110089310928,-1.0702657113583625,-1.0912766000507967,-1.1349340996067052,-1.173558707607307,-1.1881244064440646,-1.1787945317807054,-1.1787858211035585,-1.1864207713638897,-1.16926247180751,-1.1284765499382179,-1.0823395808612974,-1.0556454080933213,-1.0427081173755322,-1.0165306684947866,-0.9845304859024148,-0.9599765846342151,-0.9392250136084339,-0.9291969113617002,-0.9307741230713937,-0.9428996821881533,-0.9604441074932185,-0.9719452045806762,-0.9791630276405404,-0.9907417081734803,-1.004586849646507,-1.0069614734572174,-0.9947185235685183,-0.9735815509946997,-0.9562998481498831,-0.9444310838950561,-0.9325204849623786,-0.8925913967529806,-0.8309159619463728,-0.775744520386696,-0.7241636616915655,-0.678951204284968,-0.6534007819919919,-0.6336193585043043,-0.6091435202283686,-0.5858383928644982,-0.5736366612242313,-0.5490262198363299,-0.5044514484843332,-0.44964766157567376,-0.40000832717497337,-0.367218937838315,-0.33166991879774,-0.29629992790102094,-0.26814780068598976,-0.24396229520169155,-0.20970495569653377,-0.17263790152720457,-0.1440274833893443,-0.10512674438427046,-0.05669134411271252,0
0,-0.11936723778382845,-0.23406981191319373,-0.32547318802312847,-0.3961354650597307,-0.4649631853421619,-0.5343537916579552,-0.5894191010321008,-0.6369483685393661,-0.6894022046767565,-0.7393317788144522,-0.7962491567119915,-0.8833035490841453,-0.9794030900363939,-1.0578889967543943,-1.1060463110679353,-1.1281574094953557,-1.1636100432254661,-1.199242059099969,-1.2261991420411955,-1.2819642544067125,-1.3712825855207917,-1.4610580412193201,-1.571920450877414,-1.701276553895975,-1.7933323302171422,-1.8346526909999081,-1.874024705713445,-1.940796562911309,-2.0132013200405448,-2.06413673998032,-2.0820529507676837,-2.0804191064881192,-2.0683533721535197,-2.073285653730724,-2.075783672285481,-2.0600128001494293,-2.031368767926979,-2.017000476108881,-2.019110785702074,-2.037948085900553,-2.073818668378392,-2.1273581421528536,-2.1567602946293314,-2.1596282149608763,-2.199641179403471,-2.2810580399223883,-2.3596672854381424,-2.3923763224458754,-2.3724840435957577,-2.3708003811180443,-2.3879445568340607,-2.3519970779169093,-2.270208797123396,-2.184069947955613,-2.134770666243078,-2.1156595180206588,-2.069132707164521,-1.9971265297631762,-1.9427652657742227,-1.9071521318653766,-1.8890410777156332,-1.8926851078084868,-1.9181689265993092,-1.9401983698558836,-1.952815442329174,-1.9578298271348313,-1.977858563091625,-1.9982499336056987,-2.003007280587089,-1.9734477642778416,-1.9192870003217604,-1.868954035420207,-1.8464204966457753,-1.8151871867831337,-1.7251366690164112,-1.59570133061102,-1.487717982282599,-1.3992150232793537,-1.3092919931232352,-1.2477922774154355,-1.2093159339760642,-1.1646084043110383,-1.1258343601642804,-1.1036859924253644,-1.0563618093403349,-0.9749874758156329,-0.8673344703373583,-0.7684844136905905,-0.7013254980971817,-0.6423898518277601,-0.5807672660767772,-0.5283234352692895,-0.4733578682796918,-0.4044256478060551,-0.34356840265253524,-0.287506914036118,-0.2096306412417931,-0.1052663441762306,0
0,-0.16498537579229527,-0.3254731880230912,-0.46102002220058147,-0.5456772880517912,-0.6347130954303135,-0.7295674245133476,-0.8054632451865661,-0.8715368947727311,-0.9302378675006627,-0.9974167322555293,-1.0789792082072585,-1.2057194236921787,-1.342787392604012,-1.4605348787692791,-1.539307609099507,-1.580993687981981,-1.6416557045817137,-1.7028127979668135,-1.7702594914217875,-1.8790032259422706,-2.0309120277892867,-2.1835996556121517,-2.3605662845481112,-2.5702503194144777,-2.7273781202487806,-2.8053064267330154,-2.887046154406478,-2.9914891224005884,-3.107063735785007,-3.191290390335182,-3.2247025669029203,-3.214083966061235,-3.1926696976763203,-3.1903661472001423,-3.186239575008811,-3.1604838092520073,-3.122936166099325,-3.089602714162948,-3.0664540741295596,-3.0700391806074343,-3.0959144570359287,-3.1575586045424053,-3.20210752460742,-3.207556314593111,-3.2475929362129254,-3.3505590320844703,-3.449155587835404,-3.4874259063391806,-3.463282000298303,-3.4625995678381516,-3.482108466874504,-3.4380416308212682,-3.33501799752753,-3.22630024603944,-3.171477571566552,-3.1431719553556845,-3.074345060450805,-2.987096822923059,-2.933503157317735,-2.9051287883101606,-2.903957434220162,-2.921579991277832,-2.9554667465026103,-2.990507739535913,-3.013615861799473,-3.029241381938028,-3.062040067416767,-3.0979911420159385,-3.098555800620242,-3.0467930882992125,-2.957095167154171,-2.8770216641365214,-2.819831182056838,-2.757766894751046,-2.6042157619704325,-2.395943622306532,-2.2247698894341763,-2.0757615062346084,-1.9216762981723214,-1.8045564338714986,-1.7225600592848145,-1.6510977129741584,-1.5851626618781887,-1.542342289537931,-1.46454002499439,-1.3424770654863214,-1.1894342844488701,-1.0435878340816467,-0.9471816342245731,-0.8655654066605177,-0.7916810356528341,-0.718150905123689,-0.6419556301266549,-0.5485058736624456,-0.4694128506469629,-0.40430670141617203,-0.29038665406412184,-0.14596594627955628,0
0,-0.20218939961636573,-0.39613546505978403,-0.5456772880518219,-0.6478470689791803,-0.752702694488092,-0.8637133392878147,-0.9503411610422703,-1.0275276516048333,-1.1051030177896455,-1.1927488855598467,-1.3047317752030463,-1.4701364208845558,-1.653315523460395,-1.82152697149374,-1.9472051630518925,-2.014634518924401,-2.098083432037905,-2.1879627307388034,-2.2855165553349064,-2.4407250185712,-2.6436145110426357,-2.8466098802372213,-3.09633395733201,-3.377174708332052,-3.5891206633848944,-3.7002937954993036,-3.8118863503053073,-3.964270472374639,-4.121263354203361,-4.228778071555488,-4.271280792319909,-4.26674481911623,-4.233968651358132,-4.218857893889227,-4.198750928018118,-4.159389236958841,-4.098034579814804,-4.047098699624566,-4.001861476878786,-3.976066175114698,-3.989413086716307,-4.052868285199652,-4.086559069765896,-4.078066064153834,-4.117881738992664,-4.23243409988429,-4.347886987709411,-4.388987598159814,-4.352235416381532,-4.350650964381855,-4.384080732487178,-4.338855762961093,-4.217661863324327,-4.0933126523038394,-4.034268812187416,-4.013091858195986,-3.9498806628031193,-3.855341363000053,-3.8087668772083862,-3.803518393763605,-3.8170121816343587,-3.8461491439314965,-3.899917052285843,-3.94846990791311,-3.9916110228964943,-4.021831302492239,-4.067764023967483,-4.104394305055744,-4.102645237136029,-4.034590684373031,-3.9117550835383375,-3.7904686962468204,-3.706864551039494,-3.612662585877745,-3.40681098501934,-3.1311270126648933,-2.893720665415066,-2.697827254207682,-2.4944552458807143,-2.3300415092410067,-2.215431258831555,-2.1139699520909914,-2.0262059833296586,-1.9603611451071128,-1.837740663250636,-1.6654667773335525,-1.4604587991054359,-1.271049307104082,-1.1382630069092987,-1.0315287583216228,-0.9342805511403873,-0.8447663274088614,-0.7557403260543094,-0.644526072362413,-0.5530519680965459,-0.4750877396845746,-0.35192032471912116,-0.17836686312407027,0
0,-0.24453032078554465,-0.46496318534220277,-0.634713095430306,-0.7527026944880861,-0.8783813623165261,-1.0000946698492335,-1.0896235294508592,-1.182521619206131,-1.2676976752752098,-1.3666908846133996,-1.4946624316225061,-1.68331653688666,-1.8968228052756237,-2.099161181928087,-2.2511120400914386,-2.3295954903076352,-2.4335260417486033,-2.552402277571998,-2.6879517415657745,-2.8884889586873856,-3.14869218399642,-3.4148693147177105,-3.7269646253383044,-4.0688336127936005,-4.34247359315244,-4.501739551350838,-4.659970008340834,-4.847648694936098,-5.0472320208669155,-5.193356685176304,-5.2582293321865,-5.253378357062975,-5.212718311392372,-5.18586585590191,-5.149058071181232,-5.098084428240667,-5.019894132638406,-4.93995966007905,-4.851922073603589,-4.786466755279339,-4.765879467781212,-4.814852357056822,-4.842842783293397,-4.8250552284508545,-4.842654402929108,-4.949146018916245,-5.060817958303262,-5.093713239338774,-5.05282371240646,-5.053242999827706,-5.091877249624594,-5.054299538861708,-4.9359443428195675,-4.817745674090098,-4.775911663317373,-4.7586258396530345,-4.6963793106432865,-4.612241805678797,-4.594609958803102,-4.62485600789204,-4.67518779228633,-4.72840104477637,-4.7961270234232,-4.85547217153168,-4.914594087911643,-4.956515299531789,-5.0115532811071475,-5.051909390590814,-5.035144297952857,-4.935969812018518,-4.776459893879504,-4.626429328526223,-4.50060116484873,-4.361551560256594,-4.096795121609382,-3.762523023459393,-3.4667903002693774,-3.2120892796134086,-2.9533802084375163,-2.7432793395444404,-2.5869970784083463,-2.4550436010481933,-2.347260892215675,-2.2731723734264864,-2.124390562595359,-1.915154977811626,-1.675762537898756,-1.4583905111279962,-1.3052735359012406,-1.1824742754240143,-1.0746714062598381,-0.9677072435812533,-0.8730278935812329,-0.750616469095627,-0.6428863380632016,-0.5533940461027673,-0.4139511040152009,-0.21628112068693606,0
0,-0.2791632225338404,-0.5343537916579576,-0.7295674245133594,-0.8637133392878523,-1.0000946698492037,-1.1282892455270233,-1.2243890619196325,-1.3246818115219519,-1.4073577468344085,-1.5080504667995123,-1.6520543671870853,-1.8650772366658153,-2.1046241260317107,-2.334902912211132,-2.5075827207855337,-2.5961699872312263,-2.7205977226093054,-2.861133663573734,-3.015168471612425,-3.248149489163941,-3.550779004626976,-3.862965348767656,-4.226266659337519,-4.619270028865784,-4.952058721999576,-5.160055293021791,-5.360126992071052,-5.594065132626959,-5.837718192127888,-6.0095407811318875,-6.082928217842624,-6.078502164433786,-6.034558551621867,-6.001703760987299,-5.958144224824382,-5.896881302733218,-5.791945652551713,-5.678604502953223,-5.553533138699954,-5.446082712921657,-5.3950882138399034,-5.419026848702878,-5.41771210378132,-5.374295956628065,-5.367345899291662,-5.459279227847585,-5.563464866405995,-5.584223819172651,-5.534998310395073,-5.534666076361829,-5.581556618203905,-5.5579830264472125,-5.447295232125832,-5.342650693152368,-5.323170984933261,-5.3279262683045605,-5.291019353565279,-5.227920991633245,-5.237089662264637,-5.306946627965056,-5.390095887540484,-5.471794420323545,-5.561531844040068,-5.628263461034706,-5.693349019883183,-5.741772905553671,-5.802010956583191,-5.8462303977679,-5.825515871558175,-5.703651533972769,-5.503187420929244,-5.31222596400328,-5.148265643307108,-4.963776880552807,-4.642993191244169,-4.260425399209798,-3.918444560585278,-3.621361828666549,-3.321898458740011,-3.078742156821103,-2.9019883429876074,-2.7472021796439066,-2.619577561595841,-2.537024203106214,-2.366813332444579,-2.1276639953430863,-1.8584600829293705,-1.6134452322058923,-1.438513267413041,-1.3073532998004995,-1.1976954785630232,-1.0802574207188123,-0.9772118190656692,-0.8481305839587289,-0.7335514176544937,-0.632177337028908,-0.47285027071261576,-0.24608862801698186,0
0,-0.30196792469829004,-0.5894191010321139,-0.8054632451865792,-0.9503411610422932,-1.0896235294508534,-1.224389061919643,-1.3243559401914191,-1.4300221439180458,-1.5127150885457574,-1.622272296341841,-1.7909023808691584,-2.02618760635263,-2.291863177200261,-2.547668300562288,-2.7449983657596015,-2.855125530473465,-3.0036615531948883,-3.1630926726382964,-3.328495869389655,-3.5881430561961447,-3.9326015769464027,-4.287061957069865,-4.692933952615767,-5.118238877243671,-5.487692241401443,-5.72678229945225,-5.95359987719035,-6.215252566913342,-6.48708768831806,-6.672976536693529,-6.744792199328546,-6.731188593211413,-6.67012925305343,-6.621527420863405,-6.558689410919359,-6.482153831333124,-6.3444501878283965,-6.195599909214274,-6.026693183428459,-5.868969152153632,-5.769477656046188,-5.753582653824558,-5.7151113948864545,-5.6498046596194555,-5.617111668914875,-5.68500956191754,-5.767306701378712,-5.764081927711288,-5.7015093360954126,-5.701380291166832,-5.762329880007868,-5.7622781206278555,-5.671874337376017,-5.588807639147366,-5.593169870636694,-5.617465369450381,-5.61538225310165,-5.589533229574804,-5.645806791348187,-5.764873265158811,-5.888473520991034,-6.001072684898239,-6.119361312695436,-6.199110466721199,-6.28167946245058,-6.3444392732899235,-6.421635012882898,-6.476011674515243,-6.460514902013024,-6.329080223326871,-6.104350288495087,-5.8889655732313075,-5.700873536841714,-5.48892985559786,-5.136401765390676,-4.724556741474432,-4.345143978293652,-4.010919120203779,-3.672782216078645,-3.4048229681710867,-3.216474150038583,-3.042487004611134,-2.889018328759397,-2.7847217367900714,-2.5885692129321862,-2.321445292148166,-2.0212506738318745,-1.7478741551839725,-1.5405510095360344,-1.3933554500842207,-1.278206648335737,-1.1509321530682295,-1.0422034826913502,-0.9076642009165253,-0.7943051216046547,-0.6854940381409871,-0.5130975634740021,-0.2628019668051104,0
0,-0.32761101527628833,-0.6369483685393932,-0.8715368947727228,-1.0275276516048695,-1.1825216192061567,-1.3246818115219807,-1.4300221439180612,-1.5485709688103284,-1.639684487728638,-1.7611179484450992,-1.9456227699972937,-2.196281372772955,-2.4765802032023703,-2.753876026963904,-2.967933548969185,-3.0906027389838235,-3.2538280381347033,-3.4240168590753526,-3.5991416022981575,-3.869362277966692,-4.227513833653141,-4.613841649751442,-5.04971948509135,-5.492172072097883,-5.880996351706284,-6.141242450154727,-6.3916740412228075,-6.6727355035390215,-6.964464642663449,-7.168426890894911,-7.254459206120234,-7.242398401364268,-7.184010513478702,-7.126153426246046,-7.049659684510767,-6.951700246265547,-6.788921114639532,-6.608127194084028,-6.41132589035771,-6.224522254137274,-6.094017301354489,-6.03569025736797,-5.962575832868159,-5.8738588373949785,-5.810706125698218,-5.853283974118778,-5.91372680203719,-5.8870453192839385,-5.818858409812095,-5.818930826333621,-5.884590862821753,-5.907380300034812,-5.836647497166687,-5.776985772513543,-5.808924809325143,-5.85511048496267,-5.88624190031251,-5.90276931572871,-5.991332237977113,-6.142804368689708,-6.2947972205216125,-6.4366092414399825,-6.577511344091114,-6.677111654836114,-6.770291476583896,-6.841476684288127,-6.916284819693529,-6.968519573294017,-6.940345023590893,-6.793028384813334,-6.550677183000743,-6.318365773320019,-6.10626443837862,-5.876219881430026,-5.508643013678931,-5.082318362809088,-4.675036031782978,-4.311947353471819,-3.961756972587239,-3.6838750235931474,-3.485960894708853,-3.2984974761250117,-3.1266738503498677,-3.008039304941019,-2.7943714914290885,-2.5039937135847907,-2.1859229525946375,-1.8917679319222571,-1.6634396612626752,-1.5001604890281564,-1.3751305283631843,-1.2336711788655517,-1.118973741558752,-0.9810218898284073,-0.8561138384920215,-0.7383934941281718,-0.5517064144810732,-0.2854332735444098,0
0,-0.3584157349449807,-0.6894022046767736,-0.9302378675006878,-1.1051030177897028,-1.26769767527525,-1.4073577468344134,-1.512715088545775,-1.6396844877286423,-1.7375149314098377,-1.8620186205798999,-2.0683326115758365,-2.339864914366792,-2.647088118293908,-2.956018788441592,-3.199269459551059,-3.342353188775692,-3.5198624502343625,-3.720518298572067,-3.9199588074656515,-4.203669423612516,-4.5696900311305,-4.977758153263561,-5.449001286381733,-5.912956026887915,-6.32023381165994,-6.599062943325148,-6.855377584981279,-7.143673051284948,-7.443893827071601,-7.648878605854714,-7.727468100889374,-7.706365308430698,-7.635632273454448,-7.5614280941732614,-7.464474064050792,-7.34354242023083,-7.146133521981214,-6.933310772442125,-6.711454025057814,-6.496550498273137,-6.339908157542634,-6.244215831976336,-6.124463246496268,-6.00353950296654,-5.913210240012916,-5.926884134246712,-5.964838749048835,-5.918931702526287,-5.842753065437432,-5.840121321141087,-5.910836792292136,-5.950503570674386,-5.898478249650527,-5.864307012828068,-5.9234198674729415,-6.002957192436986,-6.081127726464174,-6.13548949577377,-6.253219945878353,-6.436159732199981,-6.616239785945347,-6.7904784144323385,-6.964514044490409,-7.086329941527,-7.1983587811435985,-7.284288291649054,-7.37213087359149,-7.434535933670496,-7.413656015444243,-7.264059398880029,-7.014571198957195,-6.7767951724941184,-6.558270628123953,-6.3102462090114155,-5.9289437517376875,-5.485229289029609,-5.045221113096325,-4.662668148397823,-4.307210830453843,-4.018623011629174,-3.7983665806077735,-3.579835659606898,-3.3914145325534473,-3.251333496114933,-3.0072555859899777,-2.6817838611418012,-2.332162578710876,-2.01193245462821,-1.7541473237969072,-1.5801102580364703,-1.4431990897628084,-1.2888204779794135,-1.171325018068155,-1.037156891313677,-0.9089146001064597,-0.7760470176652116,-0.5886729137692865,-0.30932494898179386,0
0,-0.389154040657317,-0.7393317788144533,-0.9974167322555315,-1.1927488855598691,-1.3666908846134433,-1.5080504667995254,-1.622272296341843,-1.7611179484451478,-1.8620186205799423,-1.995590296422294,-2.2298147211891473,-2.5215391434942145,-2.8474450899235486,-3.1890027154918315,-3.4641244869525987,-3.636899481166262,-3.8367699424462676,-4.069221093877838,-4.298316669619415,-4.598483806321325,-4.977324014371004,-5.414218137802521,-5.90441853170492,-6.37651728350321,-6.798006400171925,-7.094197507893096,-7.356978906071982,-7.6417087988486285,-7.939601261359643,-8.135518846832795,-8.196433687405907,-8.151146136408963,-8.067303726324814,-7.965203026759243,-7.839647193903491,-7.690896444197971,-7.469477152925208,-7.220397539385676,-6.9674562138705864,-6.722504679801189,-6.530964455537854,-6.390000477736815,-6.239734984540595,-6.097411345296596,-5.973894240448078,-5.953914844244933,-5.9631211275576765,-5.892331879325037,-5.812262648493386,-5.806542930385463,-5.8737761171672505,-5.931818080107498,-5.903626316815718,-5.901448348025148,-5.994281695448806,-6.099378766297827,-6.210533991413328,-6.312324218260322,-6.467822097343572,-6.684204458918267,-6.899072759551717,-7.112649394483781,-7.314949289249639,-7.468076441189677,-7.607027779023805,-7.719752426964683,-7.819913484025985,-7.903515557403819,-7.899437072133666,-7.757074181108211,-7.5086880762143835,-7.275363032253036,-7.050623199246836,-6.787376602432442,-6.39557906041811,-5.947971653739953,-5.490756342742766,-5.082517004326292,-4.716670939438572,-4.4137183787341545,-4.166193445867839,-3.916259307421065,-3.7054563852213707,-3.5351870808220425,-3.2570252706103786,-2.893532188445614,-2.5214697880744454,-2.175908971006483,-1.884730836108722,-1.6940809862137691,-1.5489999445452085,-1.3792290272013583,-1.2493177821131736,-1.114788566758817,-0.97777448966953,-0.8283160916595118,-0.6281146879808145,-0.3358569692457208,0
0,-0.4163970436591966,-0.7962491567120099,-1.078979208207292,-1.3047317752030778,-1.4946624316225317,-1.6520543671871208,-1.7909023808691769,-1.9456227699973372,-2.0683326115758995,-2.229814721189145,-2.50432728325611,-2.819544092338194,-3.168404849937429,-3.5433811613763284,-3.8496924338674674,-4.057333012560068,-4.270190242063807,-4.512624556072218,-4.7415753050358616,-5.043428566927182,-5.422405879389669,-5.86519918093964,-6.349813879905289,-6.8009112688316256,-7.201506620072047,-7.488065207720169,-7.734278559500094,-8.004536816933406,-8.278057879398988,-8.442152322057463,-8.481473259219216,-8.425609767959104,-8.332055460251548,-8.196302480849344,-8.04059720297817,-7.857402270711959,-7.607921740543625,-7.3323435281231175,-7.066354230670374,-6.79834690734471,-6.5904690603183775,-6.417252331693839,-6.232332940504817,-6.062918454482857,-5.9156466343028375,-5.863145653774401,-5.849026358026716,-5.763907457497052,-5.68409082624531,-5.674001695064012,-5.733853527320968,-5.801167374400597,-5.790651814112099,-5.816737391409762,-5.932962772735505,-6.069870353311931,-6.21979490149353,-6.3586776309742445,-6.537487502800168,-6.782988754974633,-7.017815538376924,-7.26278551713952,-7.496926108613626,-7.687127209233542,-7.8544664685201555,-7.999043403147319,-8.107102831728428,-8.196608686331919,-8.209311985180243,-8.094333911154672,-7.867712690623128,-7.646558992122152,-7.435454396818123,-7.180609685678729,-6.81111995711647,-6.389580019097844,-5.941613804883512,-5.5311201957075635,-5.168731236070397,-4.867140400402894,-4.624306465354738,-4.366361016585901,-4.145336635211584,-3.9408929180472136,-3.6303545653185627,-3.230631797256911,-2.8347789901004132,-2.4630926609879347,-2.126986754211784,-1.9034607624662268,-1.7340370452497322,-1.5451467562850805,-1.3872461725961278,-1.236931867964492,-1.0841277081940626,-0.9060673549454537,-0.682103037583329,-0.3633620310003757,0
0,-0.45847118032738354,-0.88330354908416,-1.2057194236922053,-1.4701364208846028,-1.6833165368866445,-1.8650772366658777,-2.026187606352717,-2.1962813727729893,-2.3398649143668386,-2.521539143494252,-2.8195440923381954,-3.146380102212261,-3.5156764486695424,-3.908835646423908,-4.230745937501081,-4.473954592610806,-4.6993006504136545,-4.949664307244465,-5.184769560685971,-5.494724886518998,-5.882816722831113,-6.33739829272154,-6.814704965718043,-7.244201794793009,-7.629442345283164,-7.913312520831828,-8.146774619630932,-8.388465019450763,-8.632434813407285,-8.768479372723114,-8.792496877666515,-8.718160608626215,-8.605062955738283,-8.431326071642017,-8.237136765488662,-8.012247848196214,-7.734290460677459,-7.430442951169253,-7.139946512337554,-6.845184842303783,-6.610813679355081,-6.402661186307833,-6.185974193966668,-5.989814264870414,-5.803347044379481,-5.704906359892763,-5.6596035063604075,-5.560057138199127,-5.482076183063551,-5.468662161680107,-5.51927878272418,-5.593327319683674,-5.6066694591189306,-5.67445949981803,-5.829571649816355,-5.999069207299099,-6.185476652954193,-6.364607710090319,-6.576672973846583,-6.855245485220941,-7.122550498237141,-7.401925570871855,-7.669812320833315,-7.9060395515274715,-8.109237602439572,-8.289741845118893,-8.416894200707493,-8.51929817040899,-8.541981268581534,-8.451392598978497,-8.253093966999598,-8.05805368763591,-7.857315822161719,-7.605597603103889,-7.2540560472503826,-6.858835262209912,-6.420419658881689,-6.0026878845005225,-5.634850397985827,-5.329545694491545,-5.0853673702967335,-4.822143620584861,-4.590011723483086,-4.349382055337942,-4.020045845041361,-3.596893866113669,-3.179982829678351,-2.7910186899615734,-2.4235927610250405,-2.1720496144082797,-1.9777610268699821,-1.7701886137823966,-1.5863968118337106,-1.4129238025216668,-1.2371971745027142,-1.0219590271944754,-0.7603716586501765,-0.40194326829204446,0
0,-0.5065160106040716,-0.9794030900364185,-1.3427873926040201,-1.653315523460436,-1.8968228052756342,-2.104624126031722,-2.291863177200248,-2.4765802032023947,-2.647088118293941,-2.847445089923562,-3.1684048499374313,-3.515676448669535,-3.908741839452254,-4.321051428242432,-4.656381254771887,-4.930796395909387,-5.160763509705345,-5.414320343510272,-5.647430873298881,-5.944059934408476,-6.305561501831209,-6.745123046003487,-7.194703442281051,-7.584472990433865,-7.941216132959529,-8.21534518010813,-8.426185542924994,-8.638498882434705,-8.842037709613203,-8.940108728416337,-8.93461604881183,-8.829712282859022,-8.698775290723779,-8.494636787669327,-8.269138333445678,-8.002209178748101,-7.70380079273102,-7.374189752049577,-7.067212364583158,-6.749696689090074,-6.494897125729461,-6.245161482862696,-5.996992331923847,-5.77083238832865,-5.546410449634439,-5.399943986155988,-5.321050398281317,-5.204199663254104,-5.130923706516949,-5.112422564606295,-5.149716517801619,-5.23502006554623,-5.276854600318304,-5.391719760767002,-5.5871639866483465,-5.79309168805372,-6.015789660927982,-6.241074822112508,-6.478592110341456,-6.784496187189486,-7.075848212629084,-7.386228991846959,-7.679142936863011,-7.961902296792074,-8.196053170486234,-8.406990663948719,-8.55151118727619,-8.679249041781821,-8.723853640599275,-8.663446469386635,-8.501948263987476,-8.334353199643266,-8.154504850469543,-7.913825101675254,-7.592990821283585,-7.24132111260481,-6.832024320903583,-6.4333306026340935,-6.0967666601828885,-5.808399936525795,-5.573082753894125,-5.309009491728075,-5.074132783792147,-4.802072333627021,-4.457591960192852,-4.011281636535946,-3.568142245441136,-3.1530426670488887,-2.7538380268944427,-2.4738562957649384,-2.246610557202141,-2.01937276025856,-1.8066496460997623,-1.6089428052483428,-1.4025943991768142,-1.1431034914794889,-0.8421812993919375,-0.44322163329220415,0
0,-0.5480484107103939,-1.0578889967544531,-1.4605348787692822,-1.8215269714937392,-2.0991611819280664,-2.3349029122111364,-2.5476683005623055,-2.7538760269639013,-2.9560187884415643,-3.1890027154918332,-3.543381161376292,-3.908835646423882,-4.321051428242451,-4.744868686888148,-5.086059546189726,-5.376829418796588,-5.5945154903024985,-5.8420644027116015,-6.066191686930338,-6.331760066368738,-6.65239364632319,-7.057153154501659,-7.459428349330049,-7.7949438746451065,-8.103294795477387,-8.342816958380354,-8.51713719334279,-8.68377083743525,-8.842944125569016,-8.897731501711185,-8.860619658475668,-8.730993347142645,-8.592161107990298,-8.368764187923585,-8.11965382279024,-7.823998728759031,-7.5121521522721935,-7.165144443501604,-6.845449282605171,-6.510515526651111,-6.227873051482275,-5.939610369017254,-5.660415144694242,-5.407617327959859,-5.14982452600504,-4.962115212160102,-4.846863500549914,-4.710360231136764,-4.639418893195933,-4.61800210374708,-4.64694054185696,-4.747098015224755,-4.8213599309454365,-4.976340983619849,-5.2075823075519985,-5.446820866021085,-5.703319838242997,-5.971299916544605,-6.243091507771363,-6.571711338299579,-6.883676850960447,-7.2166462390278125,-7.524703135685239,-7.838981241155073,-8.096688843428195,-8.327101896271358,-8.478174554416649,-8.623491611541928,-8.69313740308974,-8.670386556468387,-8.549916885721757,-8.425476744434405,-8.280096179414409,-8.073314241551756,-7.80250489314416,-7.508824410595726,-7.145793336878582,-6.78405894614323,-6.491803973555393,-6.238192042927514,-6.016864798489679,-5.760887446685286,-5.5367195995346945,-5.2461248826626665,-4.8949658257009725,-4.433855305868934,-3.9694013107233337,-3.5301201275616387,-3.0930219029525015,-2.7754837090947606,-2.512563927603265,-2.2610515927968042,-2.02177358082175,-1.7987501302718358,-1.5582626506658375,-1.2495738144700683,-0.9107898068549227,-0.47982790895065597,0
0,-0.573060464799258,-1.1060463110679468,-1.5393076090995013,-1.9472051630519074,-2.2511120400914404,-2.5075827207855603,-2.7449983657596255,-2.967933548969172,-3.19926945955103,-3.4641244869526027,-3.8496924338674883,-4.230745937501049,-4.65638125477188,-5.086059546189727,-5.428488210205015,-5.736159661981506,-5.952953656287964,-6.1978714574775555,-6.412883268487294,-6.652254715334788,-6.936456738732991,-7.310077811925407,-7.669301156912097,-7.947474678831417,-8.204511128331315,-8.413034908667681,-8.553286623005821,-8.676192326782747,-8.78572791301604,-8.80169716119245,-8.739581488036215,-8.595963895960352,-8.452812220924825,-8.21092722502634,-7.940405017548242,-7.619524556995678,-7.288489181146802,-6.92519315516497,-6.597328143651243,-6.244088593272062,-5.932999715261589,-5.603439947519257,-5.289898336634324,-5.009071018954321,-4.7162112904648845,-4.481786290265835,-4.328726199365267,-4.174578862297133,-4.107898052557726,-4.085196880814746,-4.106302177467504,-4.220140083137017,-4.329950167717405,-4.530728580199022,-4.798682372141547,-5.070294687812007,-5.362359483018277,-5.674427092206533,-5.9815667335262965,-6.334998863326663,-6.663217613986281,-7.017336428332857,-7.346410705330181,-7.686866510839701,-7.964977072285512,-8.215452858802362,-8.371192360543192,-8.52465092384024,-8.613854326670143,-8.626592049677022,-8.552878659419033,-8.468616079590996,-8.355537365253856,-8.1792906687898,-7.961380332502966,-7.7285107425318005,-7.4068514024771135,-7.075170416482952,-6.820803683733033,-6.595878982640361,-6.387920545609618,-6.135506732495809,-5.909872250850106,-5.59722051887465,-5.2409435640469075,-4.77096767153643,-4.289773576185616,-3.828521398019532,-3.3554048993196512,-3.002904375514574,-2.7086165556420725,-2.4385224218288912,-2.1750745910983644,-1.9337549235512606,-1.6677565353130326,-1.3158247837294144,-0.9497006536673361,-0.5007518006008668,0
0,-0.5860570849506394,-1.1281574094953652,-1.5809936879820012,-2.014634518924393,-2.3295954903076446,-2.59616998723124,-2.855125530473427,-3.090602738983786,-3.342353188775646,-3.6368994811662425,-4.057333012560024,-4.473954592610785,-4.930796395909383,-5.3768294187965875,-5.736159661981523,-6.081895343829299,-6.315945158291139,-6.556219845558341,-6.7604497228575795,-6.96899010952664,-7.206500771070252,-7.542598164255075,-7.857876929937939,-8.075687708267564,-8.269282935161609,-8.43561115318887,-8.533350165481385,-8.608807130525916,-8.661676548100031,-8.626868130741709,-8.519631942404033,-8.34021721352718,-8.170591377111414,-7.90139658817005,-7.606740547632262,-7.255377886828293,-6.901353978766726,-6.525163128962011,-6.18929244493888,-5.818110543720174,-5.483858875816515,-5.111816168493015,-4.756515219054476,-4.447508115137932,-4.13043786051252,-3.8570771055550144,-3.6673465932115112,-3.4912726320207748,-3.4200139147079525,-3.3964057932473235,-3.4196227807300126,-3.5526705681744164,-3.698527884235373,-3.9385191757759888,-4.233020830401721,-4.53626140037952,-4.870965447175185,-5.227304086639436,-5.563053579848886,-5.940513113991587,-6.284088097751957,-6.654105877456293,-7.0068335485859174,-7.377937556773903,-7.678935554685423,-7.958368373508322,-8.142480041610016,-8.327423244948731,-8.455061547575138,-8.51344868546358,-8.491273434771669,-8.449287246069611,-8.37629300812444,-8.241116686390347,-8.086787097200755,-7.916771181699293,-7.63885940399305,-7.344161622729605,-7.139193950377691,-6.950574250490207,-6.7607995826524565,-6.516398127447169,-6.27483809905349,-5.9218813541994555,-5.544820475931882,-5.055223953185478,-4.540230601417372,-4.036953289367657,-3.5203654351935914,-3.1303747860788578,-2.809004405194203,-2.521563089077678,-2.2344344362884114,-1.9830590189602086,-1.7060232156973678,-1.333258375022982,-0.9541295147254423,-0.5048974800832624,0
0,-0.6077122622013209,-1.1636100432254974,-1.6416557045817204,-2.098083432037919,-2.433526041748624,-2.720597722609324,-3.0036615531948683,-3.2538280381346696,-3.5198624502343017,-3.8367699424462054,-4.2701902420637765,-4.699300650413646,-5.160763509705367,-5.594515490302526,-5.952953656288005,-6.3159451582911315,-6.550002638344691,-6.7730144891527475,-6.968702193543244,-7.14763850610511,-7.3465854388692025,-7.651788873856151,-7.92781681120705,-8.09232623951844,-8.23036652467414,-8.36228225473318,-8.427082249661279,-8.464884960959672,-8.47440241843704,-8.39366763305584,-8.249811883377527,-8.044140954726938,-7.849238534981817,-7.56338352261672,-7.24968778008122,-6.879822558970663,-6.5184170825455094,-6.137426856256567,-5.7829100250106205,-5.393089407405945,-5.028949296866556,-4.620999147654476,-4.237173441825324,-3.9146491043206653,-3.583846449961845,-3.279536285399071,-3.0522735415298405,-2.857384724526535,-2.779670891906883,-2.755174868994632,-2.783823795651283,-2.9337776952673393,-3.1165344143719715,-3.3892437068547956,-3.7012064000835903,-4.020120776188207,-4.384358901988022,-4.779161136938316,-5.149909279844441,-5.552162598157928,-5.92194653892688,-6.301163008496586,-6.662941836812396,-7.052830996390386,-7.37203224251682,-7.6675082253675,-7.876506533751732,-8.083693164996827,-8.241526239266964,-8.340052190148137,-8.355776774100267,-8.346536839303594,-8.305693177852373,-8.205433415303425,-8.105989838295038,-7.986853802716132,-7.744298104708143,-7.4789116528395745,-7.313834960783971,-7.159415324946962,-6.982530978200577,-6.757103673003657,-6.515212074654644,-6.143657265747646,-5.764299500272199,-5.282804454238303,-4.762591393386683,-4.244097173654554,-3.7100217441668146,-3.2940554893642733,-2.9554314540989353,-2.6531544329438215,-2.342879481435762,-2.072952298892528,-1.7756331019122538,-1.3813156546433887,-0.9795593205772011,-0.5205538192316239,0
0,-0.6262842070654073,-1.199242059099966,-1.7028127979668266,-2.1879627307388616,-2.5524022775720665,-2.861133663573748,-3.163092672638308,-3.4240168590753526,-3.720518298572026,-4.069221093877764,-4.512624556072195,-4.949664307244445,-5.414320343510273,-5.842064402711608,-6.197871457477564,-6.556219845558323,-6.773014489152745,-6.964696440224088,-7.135027504378872,-7.268947948648625,-7.418424305809664,-7.680356165651593,-7.907688023898419,-8.017982693710975,-8.098120437903546,-8.191867599473191,-8.21416203604872,-8.214010365246866,-8.16359138611185,-8.03398157776784,-7.850912470262651,-7.628223356479718,-7.411113717224937,-7.116032897413856,-6.781116582746301,-6.398138849761532,-6.035587234191478,-5.650838670396911,-5.284076184328435,-4.8931166894019595,-4.507912574559145,-4.065726912073027,-3.661936345511324,-3.3208429593814865,-2.9841809416779217,-2.6698962076224864,-2.4252734456693754,-2.226649633707436,-2.1524847426498948,-2.127493600872748,-2.1543893036941006,-2.3070594907501465,-2.5075911704901594,-2.7912577403637266,-3.1130759841292197,-3.451070726440647,-3.8384974203268887,-4.271288367869707,-4.669817614571255,-5.0796446583601345,-5.468319681417974,-5.854810874901419,-6.2192830157614,-6.618310029992198,-6.956321362051166,-7.260142194385146,-7.4890985417295255,-7.7092114385422414,-7.89853559726379,-8.038758350682395,-8.107653866457113,-8.128770966562625,-8.126846528445318,-8.062646595792712,-8.020676009822228,-7.953409761668252,-7.757741055369452,-7.535945852833838,-7.424898062105817,-7.319981007977896,-7.1743237748073145,-6.983160676528938,-6.760481863998541,-6.393849401478769,-6.015953673522796,-5.5395946757919505,-5.014687675982681,-4.487563109012595,-3.939221133144445,-3.489518620568297,-3.118421040051607,-2.803987041113343,-2.4750149931610026,-2.183770713200828,-1.8567227688975427,-1.4330723791474234,-1.005993159501021,-0.5330929630156761,0
0,-0.6388707265367336,-1.2261991420412304,-1.770259491421812,-2.285516555334927,-2.687951741565828,-3.0151684716124323,-3.328495869389671,-3.5991416022981544,-3.919958807465629,-4.2983166696194175,-4.741575305035813,-5.184769560685933,-5.647430873298887,-6.066191686930365,-6.412883268487319,-6.760449722857602,-6.968702193543264,-7.135027504378838,-7.296373126359267,-7.40409424378785,-7.523748726445006,-7.749663376708351,-7.927268501728138,-7.9992250220739605,-8.027699062538735,-8.0894046742724,-8.091603175464291,-8.057576519396145,-7.952241194369326,-7.7803032152611,-7.5530783666099985,-7.299043261461152,-7.051760072499233,-6.734517325541608,-6.377207394616583,-5.976105549209949,-5.602207299169065,-5.204728378769989,-4.814380771328455,-4.409704081370565,-3.9961154798948035,-3.525623089163658,-3.10717519563987,-2.750960897260613,-2.4175713652854363,-2.09663342150874,-1.826120466622893,-1.621351869975842,-1.5469162503692946,-1.5234708585625423,-1.552258154532462,-1.7105943861827462,-1.9389646062437138,-2.22879637216401,-2.5494320677803914,-2.9043233850181442,-3.308679897003582,-3.77293379938609,-4.2039749842105385,-4.6301977006832375,-5.046489997686285,-5.449835445635121,-5.828844885676525,-6.242996559916587,-6.6002042012281565,-6.923361831438982,-7.1791163444286115,-7.425345849897542,-7.650783845595778,-7.828387520902492,-7.9474768325887695,-7.997679060331373,-8.014588189521321,-7.980450700145196,-7.990128838635717,-7.96274023558014,-7.817344796118085,-7.634125978215855,-7.558963937440729,-7.4871232759387425,-7.358523829191619,-7.198982321717447,-6.9883809173978975,-6.631264640606486,-6.259635337935591,-5.788361698111755,-5.260751136254968,-4.721005355968327,-4.164708184435688,-3.6795766253492883,-3.278412542096711,-2.951152589173603,-2.608417765425694,-2.2982800137597406,-1.932207815752004,-1.4797755884318533,-1.0164873264219443,-0.5359500242254313,0
0,-0.6619023720472538,-1.2819642544067382,-1.879003225942242,-2.440725018571195,-2.8884889586873723,-3.2481494891639264,-3.5881430561961416,-3.869362277966719,-4.203669423612505,-4.598483806321339,-5.043428566927161,-5.494724886518975,-5.944059934408479,-6.331760066368721,-6.6522547153348,-6.968990109526614,-7.147638506105091,-7.268947948648621,-7.404094243787824,-7.478920498882562,-7.559427569307355,-7.727902481769389,-7.8446087486418605,-7.8696117047928515,-7.845678718827151,-7.884170998578087,-7.86781381406237,-7.809947240705144,-7.670752508239141,-7.474144769908337,-7.206982048171535,-6.935960874340385,-6.6767844422625275,-6.361066169414061,-6.0015452450050955,-5.606884582179561,-5.229598398701428,-4.840384624623081,-4.443962812668275,-4.038210777136877,-3.616405121155501,-3.1429642609943156,-2.7206539123939057,-2.3648423936169567,-2.0473741817168123,-1.7213782449123962,-1.4378376654758915,-1.2434345247489662,-1.164936958183235,-1.1439535751439769,-1.1812714986654886,-1.3303742717825628,-1.5762105092914345,-1.8713583058626464,-2.179199054848246,-2.5342653674743225,-2.944392276756615,-3.4135243402372972,-3.8556749634178997,-4.283704392071639,-4.708471365080566,-5.106550229777367,-5.491121680321369,-5.895442065210834,-6.253294315471054,-6.571709960533703,-6.836521053944743,-7.096557459824461,-7.353304301277613,-7.550974993264318,-7.700275134191976,-7.768152142620835,-7.802947213315792,-7.7894134659862635,-7.850694306945108,-7.869449346475593,-7.784464194187382,-7.6593728404380474,-7.627365462511518,-7.595499529859871,-7.500370324203398,-7.393008400049848,-7.216205642824833,-6.888346615919359,-6.541498892177964,-6.099785034553851,-5.58207495114493,-5.030107652304938,-4.465542379229743,-3.960025993306391,-3.53980533225571,-3.199394922424262,-2.8291940924027257,-2.4848021435392473,-2.070856790168841,-1.5720925240158508,-1.0595543024566403,-0.5514887363043933,0
0,-0.7080407835949695,-1.3712825855207782,-2.0309120277892996,-2.643614511042645,-3.1486921839964492,-3.55077900462698,-3.9326015769464147,-4.227513833653132,-4.569690031130502,-4.977324014370985,-5.422405879389645,-5.882816722831127,-6.305561501831209,-6.652393646323198,-6.936456738732973,-7.206500771070224,-7.346585438869174,-7.4184243058096975,-7.523748726445048,-7.559427569307372,-7.591739663596056,-7.70865625072718,-7.771412674654959,-7.7531676977335415,-7.675677073861742,-7.686113572989197,-7.6370503471418605,-7.554269676675625,-7.374729500835823,-7.1460415378816,-6.843412971277932,-6.562962842729786,-6.30042546698897,-5.998605068691025,-5.649617986374409,-5.263012875888609,-4.892573567523481,-4.509404921378481,-4.114938000886568,-3.723008609128864,-3.3069298077072755,-2.829505901522943,-2.410365290155753,-2.053334542084275,-1.7565205541255893,-1.4377188440427415,-1.1571035316065659,-0.987683138400067,-0.9191474140496436,-0.9005420584527799,-0.9345610569305175,-1.0624947610329574,-1.3096464721264,-1.5990081049321745,-1.8881005207260606,-2.242460386568442,-2.6520790171249224,-3.1260194523240616,-3.5619288877278645,-3.9748725275904833,-4.397413713742948,-4.789826217908139,-5.168330001589007,-5.558563248952959,-5.90535861785696,-6.210374490215563,-6.477332183891553,-6.7463922241816885,-7.032825045500471,-7.259705735458083,-7.447553558218328,-7.536283426153109,-7.6034168887111395,-7.617067165872431,-7.730639082839456,-7.790475972907982,-7.758910071136341,-7.68489325326201,-7.704017916022738,-7.715606020501427,-7.65623328974913,-7.603339186804369,-7.469358954504789,-7.185922194008926,-6.87518150077778,-6.475442297266854,-5.982161398715847,-5.418547225654339,-4.849555746381315,-4.33001378802314,-3.8979460682697784,-3.541958644851897,-3.129315515683442,-2.7401764029147735,-2.264721130477824,-1.7143213813427407,-1.1401235107768006,-0.5914974782855842,0
0,-0.7612808441420796,-1.46105804121929,-2.1835996556121575,-2.8466098802372133,-3.4148693147177465,-3.8629653487676783,-4.287061957069867,-4.6138416497515,-4.977758153263569,-5.41421813780252,-5.865199180939652,-6.337398292721511,-6.7451230460034575,-7.057153154501652,-7.310077811925365,-7.542598164255043,-7.651788873856158,-7.680356165651609,-7.749663376708374,-7.727902481769385,-7.708656250727195,-7.764271590952977,-7.753780911541981,-7.680278193454561,-7.530672943100215,-7.488102133997231,-7.391478686469061,-7.2558234953299765,-7.023653439901542,-6.749446379238554,-6.411830867137566,-6.112812543571189,-5.826712349580421,-5.534807205037715,-5.198658863985647,-4.814780117964341,-4.45642745220519,-4.080952389323545,-3.6903803116538145,-3.3255725528794833,-2.91100399097617,-2.4427150842783805,-2.0455461781839146,-1.6983069568803941,-1.4369604865038645,-1.1413568649855086,-0.8627571585318534,-0.7216898289611491,-0.6649565944008646,-0.6500722057604496,-0.6805354889706453,-0.784456922413989,-1.0323418913390319,-1.3001891098004459,-1.5549897124079202,-1.8984999739052286,-2.2879057354196446,-2.7513520235460933,-3.1815532096102173,-3.561873913623191,-3.9756773300774135,-4.360052813605533,-4.727790763094036,-5.11147521432102,-5.446728231646141,-5.743416211679409,-6.032763969722341,-6.318870786188023,-6.635635388979342,-6.906973181723545,-7.147537847282564,-7.286376656192093,-7.400428952515429,-7.46546272297322,-7.648847545970436,-7.7628633672435985,-7.8040535634291,-7.79198049062781,-7.867592517534065,-7.942698242216254,-7.924162978108604,-7.921144020560669,-7.823756241529632,-7.579329207965717,-7.301226586847136,-6.936964999995401,-6.4582926915463,-5.878615498733022,-5.299882912441525,-4.750513593993277,-4.292190346309778,-3.9021406371597838,-3.4438183540679326,-3.004551715303553,-2.4612689875458487,-1.8592147117317652,-1.2225014633338602,-0.6377909842792251,0
0,-0.8173630409724822,-1.5719204508773803,-2.3605662845481477,-3.0963339573320674,-3.72696462533834,-4.226266659337533,-4.692933952615772,-5.049719485091342,-5.4490012863817325,-5.90441853170492,-6.349813879905271,-6.814704965718038,-7.194703442281014,-7.459428349330034,-7.66930115691204,-7.857876929937894,-7.927816811207066,-7.907688023898435,-7.927268501728163,-7.844608748641826,-7.771412674654949,-7.753780911541987,-7.661443407016476,-7.518074204861786,-7.298767579643291,-7.207068471435124,-7.068415710182591,-6.889331232198633,-6.6043989911004255,-6.293107625369604,-5.9251281087474315,-5.62439855308973,-5.3296581228213205,-5.0605496267635965,-4.742101609237941,-4.366602179694337,-4.017940623197984,-3.6643201423262877,-3.2986052010618585,-2.9867119831736826,-2.6035354155526687,-2.1702355651506924,-1.8111686209646833,-1.4881556205289497,-1.2739338573009116,-1.0086954175428813,-0.7461395719619272,-0.6444020987821133,-0.598341027578887,-0.5855382159852267,-0.612797793548905,-0.6829456013219406,-0.9208438186382952,-1.1608984763863566,-1.3702421801338607,-1.6865725714839908,-2.037635184310195,-2.4627746478851833,-2.8572232274569713,-3.1794283886995496,-3.5640676589667453,-3.9254381280278627,-4.2845588376066175,-4.657550994411995,-4.978305160058659,-5.255135884973162,-5.55367974539694,-5.842945092382301,-6.185153820295332,-6.4912276811053955,-6.785298587308257,-6.964540170667121,-7.121057404898738,-7.2323788845893935,-7.481012715490465,-7.6620494581035326,-7.783741585360591,-7.84312671530252,-7.9761977270680156,-8.11690933976625,-8.152516560929312,-8.202498031227083,-8.149707531658317,-7.952758702902743,-7.719138991783629,-7.404843254479857,-6.952396361651052,-6.379442102539954,-5.80375508723673,-5.235306887706724,-4.739218930518163,-4.316266066380526,-3.8142989680419284,-3.3185700974428443,-2.7081790657453424,-2.0320760340290733,-1.3286736785800466,-0.6888293104767907,0
0,-0.87897878884413,-1.7012765538960035,-2.570250319414491,-3.377174708332124,-4.068833612793622,-4.619270028865802,-5.118238877243652,-5.492172072097886,-5.912956026887943,-6.376517283503249,-6.800911268831673,-7.2442017947930335,-7.584472990433875,-7.794943874645076,-7.947474678831344,-8.075687708267546,-8.092326239518446,-8.017982693710957,-7.999225022073928,-7.869611704792817,-7.753167697733537,-7.680278193454594,-7.5180742048618034,-7.318887794382358,-7.044639929567639,-6.901153085793845,-6.7318153923463635,-6.50551466901071,-6.164786656590777,-5.827685515557556,-5.44210967647684,-5.132174570195453,-4.835969506318925,-4.579644407446973,-4.281803571881854,-3.928676835055539,-3.6036848401084844,-3.2801388048183195,-2.945584653696105,-2.692096930936465,-2.359365333144972,-1.975448717983361,-1.6715428500596776,-1.3957885976786295,-1.2339242058520024,-1.0071301904670638,-0.7678872012468851,-0.7059583663832188,-0.6818874796669369,-0.6734471681147017,-0.6834339384728896,-0.7170999741496517,-0.9377101305443788,-1.14161980187978,-1.299253773000239,-1.5673848542425382,-1.862312651831221,-2.2373361462352994,-2.5766094926227536,-2.8348328037986312,-3.1855183874546364,-3.516093509670728,-3.850515182134099,-4.198804414256838,-4.500039081558614,-4.766080756168768,-5.067669461510896,-5.368653553685002,-5.728316157899215,-6.06227482517908,-6.41183969688391,-6.6353807347135545,-6.823897432391395,-6.984654113986457,-7.282695250541211,-7.5159025026224935,-7.704925730445329,-7.8182537405850985,-7.995221688602915,-8.186388337033128,-8.265012812662324,-8.3723836524587,-8.375097140797282,-8.239597260954245,-8.064455793668461,-7.807239078351258,-7.394504136756353,-6.843567976510927,-6.28879795445973,-5.711345119378121,-5.189861044092832,-4.745994153593512,-4.210656719057991,-3.659058259366368,-2.981737786250896,-2.23270484791536,-1.4500714410727715,-0.7441735421753612,0
0,-0.9200058657514085,-1.7933323302172357,-2.7273781202488316,-3.5891206633849544,-4.3424735931524605,-4.952058721999565,-5.487692241401453,-5.880996351706268,-6.32023381165995,-6.798006400171978,-7.201506620072107,-7.6294423452831905,-7.941216132959555,-8.103294795477357,-8.204511128331301,-8.269282935161586,-8.230366524674128,-8.098120437903539,-8.027699062538693,-7.845678718827138,-7.675677073861754,-7.5306729431002175,-7.298767579643316,-7.044639929567626,-6.712461486170518,-6.506804042192106,-6.3018104990980355,-6.044931559497203,-5.672192449796459,-5.309598142639953,-4.923525137628606,-4.616081661063376,-4.324136045035275,-4.08308446749726,-3.8149376154316426,-3.5024334646473965,-3.210852922787578,-2.933740976346746,-2.6560037124252993,-2.4707001177086982,-2.2058479296232,-1.8948921800553171,-1.6535171049775157,-1.4410409370648778,-1.3435204838510506,-1.1700770077081755,-0.9686354703299573,-0.9450165770661798,-0.9373500812073532,-0.9308055980371542,-0.9276376443000595,-0.9287099023516088,-1.1162652736276304,-1.2699520001278244,-1.3661834030930362,-1.5722658731391523,-1.8042865606319622,-2.1071477413073927,-2.375184168487782,-2.559945931827146,-2.8494462093529673,-3.133708994944635,-3.43277985559023,-3.738126593818008,-4.011925706740688,-4.263946971105002,-4.562887074667126,-4.863833155610193,-5.221933066654434,-5.580955815779572,-5.961542690570291,-6.213775902006214,-6.437092041996319,-6.656915426624644,-7.009156035746647,-7.293858414527143,-7.549796482558769,-7.733197925553969,-7.962250189346461,-8.207724194578203,-8.337873188888002,-8.506026392195501,-8.56564987306509,-8.493379661150211,-8.372562505347123,-8.168093787659828,-7.788445635327053,-7.257165546119197,-6.727599680197951,-6.139612845108284,-5.59885060724199,-5.135262312039132,-4.564289139385853,-3.949569580784928,-3.204202357893618,-2.395100659576313,-1.544538673078275,-0.7841946599932347,0
0,-0.9376570187491702,-1.8346526909999563,-2.8053064267330776,-3.7002937954993174,-4.501739551350829,-5.16005529302181,-5.726782299452251,-6.14124245015475,-6.599062943325163,-7.094197507893143,-7.488065207720219,-7.913312520831839,-8.21534518010816,-8.342816958380386,-8.413034908667699,-8.435611153188873,-8.362282254733167,-8.191867599473184,-8.08940467427238,-7.884170998578069,-7.686113572989188,-7.488102133997237,-7.20706847143514,-6.901153085793844,-6.506804042192133,-6.24888868255396,-6.00513775720787,-5.71096974406925,-5.2986779989373,-4.918428825169929,-4.532606677092909,-4.223467197843331,-3.916070731841846,-3.6847984664666473,-3.423474608211093,-3.1419758556797888,-2.8856169711389064,-2.6488776623276333,-2.417137911461319,-2.2868301053789604,-2.074682031498495,-1.8328891857477103,-1.6648185420610326,-1.522895671107087,-1.487811154332817,-1.3605671686196898,-1.1910110247602497,-1.1997655494558328,-1.2151409258683146,-1.210580867270666,-1.188779387980108,-1.16028044372131,-1.3209549898560027,-1.4327330532527907,-1.4679126047997677,-1.6015304157236372,-1.7623080412887377,-1.9959085097890976,-2.2090667139665983,-2.3345516737926495,-2.571852826316999,-2.8141140262452113,-3.076920491373702,-3.3477971378882865,-3.6149782960967025,-3.857205444012683,-4.171562223480917,-4.475070745911473,-4.832232171834144,-5.2101174127443945,-5.630518497343141,-5.920395107554357,-6.18326771420572,-6.454037117439593,-6.8663802887039775,-7.199544845944616,-7.50548714032506,-7.741174749617916,-8.001478923915693,-8.273128545472039,-8.4350844342762,-8.644606463385838,-8.74059610182259,-8.711110000620716,-8.621865649616009,-8.455042066412302,-8.087177231897343,-7.562742254252531,-7.046051154682766,-6.444761907304143,-5.885114195013925,-5.400003807619095,-4.797131347550905,-4.1265479126999836,-3.3271685656594316,-2.4793503379053736,-1.5888973507476758,-0.8003127129597454,0
0,-0.9582806503933415,-1.8740247057134845,-2.887046154406499,-3.8118863503053335,-4.659970008340795,-5.360126992071059,-5.953599877190346,-6.39167404122283,-6.855377584981286,-7.356978906071957,-7.734278559500084,-8.146774619630946,-8.426185542925003,-8.51713719334283,-8.553286623005842,-8.53335016548137,-8.427082249661286,-8.214162036048718,-8.09160317546425,-7.86781381406237,-7.637050347141869,-7.391478686469084,-7.068415710182619,-6.7318153923464354,-6.301810499098097,-6.0051377572079,-5.74156935890087,-5.423998571512081,-4.996800500281353,-4.6183448762307915,-4.239997459180133,-3.949625773349772,-3.6506658997067416,-3.438277157300857,-3.1963464932850645,-2.944950665015111,-2.7292584193179845,-2.5369817467638276,-2.3492884475648874,-2.2801385446801947,-2.1329272682948184,-1.9644406541338877,-1.8612060849721241,-1.773760181514198,-1.7922168394526494,-1.7142463550727236,-1.5839163799635951,-1.6306558438556764,-1.666601690953303,-1.6640066274657468,-1.6253549358221129,-1.56370011138979,-1.6916045438319969,-1.7591790186968883,-1.7424717346777452,-1.8210326156653374,-1.9180092390735752,-2.0775699407643877,-2.222115406807966,-2.2825922749792924,-2.471376158120525,-2.666800387201909,-2.885888332987788,-3.1231592169880544,-3.370900700940112,-3.596166798510996,-3.9035530753671073,-4.189061591977074,-4.5385388638223025,-4.9145288738043185,-5.349278504300147,-5.663910668825453,-5.945378552117273,-6.25252072604872,-6.697386542857028,-7.060315005554015,-7.409766571666684,-7.6902272554388045,-7.984379496245122,-8.275016941818587,-8.457719471315121,-8.712345636362315,-8.843283996776469,-8.858890725716472,-8.803663166786823,-8.677746229287614,-8.335279917181651,-7.829329526126154,-7.336899532836053,-6.735626437597575,-6.1731004761035795,-5.666078360929285,-5.034571805471074,-4.313470463680424,-3.4604411230825636,-2.5766043486243753,-1.6385606339715897,-0.8228662956784527,0
0,-0.9843089245722187,-1.9407965629112918,-2.9914891224005906,-3.9642704723746576,-4.847648694936056,-5.594065132626948,-6.215252566913347,-6.672735503538993,-7.14367305128494,-7.641708798848593,-8.004536816933367,-8.388465019450752,-8.63849888243471,-8.683770837435244,-8.676192326782711,-8.608807130525872,-8.464884960959639,-8.214010365246823,-8.057576519396141,-7.809947240705166,-7.554269676675656,-7.255823495330029,-6.889331232198655,-6.505514669010756,-6.044931559497208,-5.710969744069223,-5.423998571512064,-5.086303284908135,-4.656031857402685,-4.2787960361546915,-3.9047546713317436,-3.634269210451999,-3.333935143841619,-3.1376440670006702,-2.918794825052452,-2.7120939240212487,-2.526719284388196,-2.3856906894808607,-2.231893150223534,-2.2041289920906015,-2.1018212756753805,-2.008008421039806,-1.9657726820227863,-1.942534069159716,-2.0138761057403474,-1.9701458278026458,-1.8638545304511165,-1.9439704985049067,-1.991839227730444,-1.991876624936552,-1.9478009726724868,-1.858582474623144,-1.9681438431387515,-2.005876476504946,-1.9402196795888556,-1.9536721863523354,-1.989959067229793,-2.0747234933295635,-2.1693718718414003,-2.1809647222975173,-2.32932307200012,-2.472641643332873,-2.658622720781622,-2.8470703204418517,-3.071049721892587,-3.2790546052290215,-3.5859302451104176,-3.8518744634730018,-4.196723138926217,-4.572083218262068,-5.010503858835927,-5.34445350512275,-5.649306024205034,-5.990616849814264,-6.463410115840563,-6.870882597258716,-7.265103726058229,-7.598734232710234,-7.919023890212544,-8.236035212491945,-8.45354506222765,-8.752350232887915,-8.924928158333975,-8.991517548669137,-8.980275796157073,-8.905841974932489,-8.59588787521811,-8.126181979490417,-7.6568839516930955,-7.067241808367367,-6.501317151448681,-5.974571484363501,-5.3143635782752625,-4.536544412459029,-3.6409929584229253,-2.70093659708092,-1.7187536426828998,-0.8532309640392052,0
0,-1.0152740722453542,-2.0132013200405634,-3.1070637357849975,-4.121263354203396,-5.04723202086691,-5.837718192127904,-6.487087688318047,-6.964464642663464,-7.4438938270716,-7.939601261359664,-8.27805787939898,-8.632434813407258,-8.842037709613185,-8.842944125568964,-8.785727913015977,-8.661676548099976,-8.474402418437029,-8.163591386111808,-7.952241194369358,-7.670752508239192,-7.3747295008358815,-7.023653439901543,-6.604398991100444,-6.16478665659083,-5.672192449796468,-5.298677998937287,-4.996800500281354,-4.6560318574026835,-4.233063093904328,-3.8671449313415067,-3.519902215850704,-3.265626269602445,-2.9898641358328106,-2.824100965380396,-2.6339842714598,-2.4624152718338905,-2.318044431044476,-2.2225757003782487,-2.1083371200581746,-2.130956478212647,-2.0759562435656607,-2.035581230612226,-2.0557947494870197,-2.0867573493072546,-2.1907011972204513,-2.1882121473555323,-2.108040850629866,-2.203137451851392,-2.265343492374899,-2.2697784037201383,-2.21807030781079,-2.1218767841036983,-2.2115292268428033,-2.2146266682466713,-2.1169224255322323,-2.0736336299428273,-2.047974307538882,-2.0799009732547273,-2.1223443116937815,-2.0818983757426235,-2.183779013010889,-2.2771343187209667,-2.4192768999503307,-2.5654466904738773,-2.756207296678362,-2.934208159510871,-3.214801564255292,-3.462733252595096,-3.780046929239994,-4.1446565917023905,-4.574836456091546,-4.910823912327967,-5.228560222227491,-5.607228561048519,-6.109185128734946,-6.569138770934138,-7.017304727601381,-7.407047876691192,-7.768874670852981,-8.123306089616081,-8.396834773873552,-8.759315241033327,-8.979181937714936,-9.104112029489604,-9.144701840265647,-9.121311561711588,-8.857710400007479,-8.425450443048696,-7.990309237083658,-7.411705082230239,-6.842346797414544,-6.296292587997536,-5.607424037405148,-4.778880797378694,-3.832943522388866,-2.8417814331474287,-1.8077145639151866,-0.8912743771646526,0
0,-1.0398330337892645,-2.064136739980326,-3.1912903903351784,-4.228778071555522,-5.193356685176326,-6.00954078113193,-6.672976536693539,-7.168426890894913,-7.648878605854727,-8.135518846832797,-8.442152322057476,-8.768479372723082,-8.94010872841632,-8.89773150171118,-8.801697161192374,-8.626868130741615,-8.393667633055783,-8.033981577767793,-7.7803032152611005,-7.474144769908374,-7.146041537881687,-6.749446379238607,-6.293107625369634,-5.827685515557551,-5.309598142639962,-4.918428825169966,-4.618344876230799,-4.278796036154698,-3.8671449313415103,-3.523645589316701,-3.219043007418545,-2.996725417732267,-2.7456807924217577,-2.6057090290623677,-2.4477768190047997,-2.308249682449235,-2.2033281780416356,-2.1512757280327484,-2.076563439857983,-2.125209369725975,-2.1138785825492845,-2.1260586045912317,-2.1871723296805556,-2.2524923244617683,-2.390938947711438,-2.410219952216285,-2.3434173232685462,-2.457509938658453,-2.536299004331892,-2.5451404186090283,-2.483791410071353,-2.376754730177423,-2.458468621967031,-2.4438866512823765,-2.3125808182081937,-2.234416871208968,-2.1685868041114427,-2.1485390869268954,-2.1434534955760234,-2.0737373995756996,-2.1312797944175754,-2.1783996265981913,-2.2748369349342994,-2.3810009047646594,-2.53570478497215,-2.6844907252099732,-2.9382078498991024,-3.1543286486800306,-3.428705143422826,-3.772367059045629,-4.190479666401591,-4.52545513584697,-4.840909990488736,-5.237184773576735,-5.76423414288094,-6.249093812245809,-6.737782020680132,-7.175660084815784,-7.571262796551171,-7.954074958250195,-8.271681491542077,-8.68517801117766,-8.950772239801745,-9.12518235045669,-9.206435949293212,-9.229626209256008,-9.008750894540496,-8.609418343711567,-8.211756978819626,-7.648118090523409,-7.0801549532041035,-6.517116985602431,-5.813180993505942,-4.9551216696823825,-3.965239697264699,-2.942325690766612,-1.86907795410606,-0.9203315066954222,0
0,-1.0497464016353621,-2.08205295076772,-3.2247025669029674,-4.271280792319942,-5.258229332186562,-6.0829282178427055,-6.744792199328531,-7.254459206120209,-7.727468100889336,-8.196433687405884,-8.481473259219209,-8.792496877666444,-8.934616048811794,-8.860619658475656,-8.739581488036187,-8.51963194240402,-8.249811883377497,-7.850912470262659,-7.553078366610006,-7.206982048171567,-6.843412971277965,-6.411830867137624,-5.925128108747421,-5.4421096764768615,-4.923525137628655,-4.532606677092993,-4.239997459180114,-3.9047546713317476,-3.519902215850736,-3.2190430074185876,-2.957123983485364,-2.7739667225749076,-2.5627140682270872,-2.4627441092964686,-2.3433412350445493,-2.2521354060932635,-2.192247831516022,-2.187070237729255,-2.1616766224432293,-2.2558475134515543,-2.2838626097481876,-2.333487481439384,-2.4284365816334934,-2.5291605150088228,-2.6893613675581,-2.7304349337872904,-2.690626235019462,-2.821710176572864,-2.903003411481715,-2.9158388450151276,-2.8579665780679355,-2.7393483393276745,-2.7987132545277786,-2.7672041423370604,-2.617806634941846,-2.505723388391529,-2.408246505382181,-2.3524120716531303,-2.30508596614169,-2.1856403198510286,-2.1888022154213305,-2.186740152415994,-2.2335588639976294,-2.2852051955473494,-2.3971223195645988,-2.5023015106420043,-2.714783566747246,-2.891796025911427,-3.1231789073081226,-3.4244271976139844,-3.8150808222217747,-4.144635435930866,-4.449505967378135,-4.846042219096337,-5.374920135800052,-5.876275455013344,-6.398322085460491,-6.873320788644409,-7.3046343077439575,-7.727115304104339,-8.088770934804337,-8.54348392951659,-8.844729955748445,-9.063798135339713,-9.171078462044228,-9.229445061760691,-9.042291387990854,-8.664808296596819,-8.29544614229348,-7.754055131131227,-7.195898253712966,-6.619742002053312,-5.916316049279431,-5.046310106415035,-4.030253506195448,-2.990756697418292,-1.897631501171435,-0.9353271482670548,0
0,-1.044462305331126,-2.0804191064881272,-3.2140839660612515,-4.266744819116251,-5.2533783570629975,-6.078502164433862,-6.7311885932114235,-7.242398401364249,-7.706365308430696,-8.151146136408949,-8.42560976795908,-8.718160608626182,-8.829712282859022,-8.730993347142613,-8.595963895960324,-8.340217213527167,-8.044140954726913,-7.628223356479738,-7.2990432614611365,-6.935960874340416,-6.5629628427298385,-6.112812543571205,-5.624398553089761,-5.132174570195504,-4.616081661063405,-4.2234671978433465,-3.949625773349775,-3.6342692104520293,-3.2656262696024765,-2.996725417732284,-2.773966722574919,-2.631277989071182,-2.453439360111914,-2.393225987668507,-2.303489389151547,-2.25832282054742,-2.231046412004594,-2.267040363724868,-2.2834705762751812,-2.414149798979993,-2.4702445401526907,-2.552284894858568,-2.6699442336931996,-2.8014600449740965,-2.988196138342714,-3.051346648346327,-3.019784408401672,-3.1553085016170064,-3.2493517282803097,-3.2634282323764174,-3.196624798084043,-3.0783588919835276,-3.1347123906443524,-3.0849724795326123,-2.910951625510639,-2.768369422385337,-2.651486876589655,-2.5648046160251856,-2.4877924841692103,-2.329328325904054,-2.287124915372596,-2.2441876500947195,-2.2562716118708495,-2.256305706917972,-2.334603132781763,-2.396419214840081,-2.571572340258779,-2.708763399609638,-2.9031709786414366,-3.1720797154670297,-3.545437854628525,-3.855676652698063,-4.141894081426455,-4.5395751727653355,-5.065175227666867,-5.573701256971105,-6.099758825527444,-6.592711626309011,-7.0325456238708846,-7.470892132963612,-7.863230740043475,-8.336710403993019,-8.663632651972394,-8.918915328706746,-9.039496027416462,-9.126549423958467,-8.971759928149922,-8.622466911680208,-8.272773404601661,-7.762194376475452,-7.2180097671911145,-6.640504447529067,-5.946729126270984,-5.071597934629484,-4.053201796207742,-3.0007687145460005,-1.9111909087539458,-0.9381515850236748,0
0,-1.0366322021098167,-2.0683533721534926,-3.1926696976763065,-4.233968651358165,-5.212718311392398,-6.034558551621943,-6.6701292530534655,-7.184010513478709,-7.635632273454419,-8.067303726324823,-8.332055460251487,-8.60506295573821,-8.698775290723757,-8.592161107990266,-8.45281222092481,-8.170591377111439,-7.849238534981795,-7.411113717224892,-7.051760072499242,-6.6767844422625515,-6.30042546698901,-5.826712349580454,-5.329658122821355,-4.835969506318959,-4.3241360450352735,-3.9160707318418573,-3.6506658997067536,-3.3339351438416864,-2.9898641358328315,-2.7456807924217856,-2.562714068227104,-2.4534393601119038,-2.3032907096038837,-2.2670082115875503,-2.203111689956025,-2.1971854915087414,-2.2064701215369893,-2.280796435001055,-2.3363090862793654,-2.5066054712445176,-2.590263830030956,-2.712733426600746,-2.854823630451247,-3.0133845260487075,-3.219353475995222,-3.3072972608332116,-3.2913236311562555,-3.435647436405638,-3.5319539843792813,-3.5486230642049224,-3.4818582673291574,-3.3574034719779027,-3.3988411863217327,-3.327104036341088,-3.134203110219469,-2.967944213903473,-2.8292870556832206,-2.7039013944292103,-2.599471674075917,-2.404089697325142,-2.3219698859509177,-2.24301374201477,-2.217264577871018,-2.17457286146232,-2.221999290424126,-2.2557675803432597,-2.40022133422477,-2.5027542137271848,-2.6584962025992858,-2.902297892406623,-3.248642409905969,-3.5569320632064323,-3.8290545188987553,-4.2391347222299025,-4.758128472469011,-5.266811142740154,-5.800829854219594,-6.315063237591532,-6.75714622376474,-7.210465673026683,-7.6333790559500825,-8.133105837441972,-8.486326683346107,-8.771270389202462,-8.898234972450183,-8.99771411881949,-8.867707389824778,-8.547777522939278,-8.219960682703084,-7.73061231775135,-7.204301669217783,-6.625329330508219,-5.946553388648025,-5.069220728255154,-4.054907639653474,-3.0057477714322465,-1.9188330659603,-0.9400357766953923,0
0,-1.0348138772230906,-2.073285653730728,-3.1903661472001503,-4.218857893889269,-5.1858658559019215,-6.00170376098733,-6.621527420863439,-7.126153426246066,-7.561428094173256,-7.965203026759211,-8.196302480849305,-8.431326071641939,-8.494636787669252,-8.368764187923551,-8.210927225026278,-7.901396588170011,-7.563383522616684,-7.116032897413807,-6.734517325541663,-6.361066169414092,-5.998605068691054,-5.534807205037742,-5.060549626763638,-4.5796444074470015,-4.083084467497248,-3.68479846646662,-3.438277157300877,-3.137644067000734,-2.824100965380414,-2.605709029062382,-2.4627441092964606,-2.393225987668477,-2.2670082115875267,-2.245252603632933,-2.209710066801614,-2.2317579400427596,-2.262572825309205,-2.3619415616180985,-2.4538611524407896,-2.6503406689140916,-2.7602412117102113,-2.9063650201149516,-3.060935266571785,-3.2466832691542398,-3.4792023939038934,-3.575865220664404,-3.5724745502347304,-3.7320187585503057,-3.8277583036015645,-3.8439557219941904,-3.777025561944939,-3.6390603596555873,-3.6671101929123004,-3.588331954103925,-3.3682452877666496,-3.176024454637373,-3.029100287777807,-2.8850628958220494,-2.756155803415197,-2.537243711811237,-2.4207626356823733,-2.322425200116777,-2.2769275657508032,-2.2047962929093243,-2.2201243898264202,-2.2345727384922967,-2.352555505005222,-2.4162399960592285,-2.530590402956454,-2.745707552157621,-3.059424318393676,-3.349027377581931,-3.5973127345065268,-3.995507985627427,-4.495421087442784,-4.988266545198043,-5.49973371944119,-6.002302401335618,-6.429538166763868,-6.8819279042434225,-7.327598266264192,-7.838993909316749,-8.210582560740496,-8.52412557853967,-8.669204443304,-8.791418342559247,-8.697612775686515,-8.425358359913739,-8.140848670076837,-7.686710666497027,-7.183407532625306,-6.616238295417569,-5.953074114849226,-5.077140115427653,-4.0710477583177935,-3.028251425701974,-1.941094826953955,-0.9466218217249144,0
0,-1.0313353405276786,-2.075783672285495,-3.186239575008811,-4.1987509280181765,-5.149058071181258,-5.958144224824427,-6.558689410919379,-7.049659684510775,-7.464474064050791,-7.839647193903463,-8.040597202978134,-8.237136765488602,-8.269138333445628,-8.119653822790209,-7.940405017548216,-7.60674054763221,-7.2496877800811665,-6.781116582746276,-6.37720739461657,-6.001545245005122,-5.649617986374433,-5.198658863985656,-4.742101609238005,-4.281803571881895,-3.814937615431658,-3.423474608211098,-3.196346493285065,-2.918794825052427,-2.633984271459845,-2.447776819004834,-2.3433412350445315,-2.303489389151524,-2.203111689956044,-2.209710066801578,-2.197228603148946,-2.247525149013382,-2.305553711643368,-2.433596510490855,-2.5492754189505398,-2.7742597462210044,-2.8996954460500803,-3.0575787425776846,-3.227791354479229,-3.436950878988403,-3.685144065106776,-3.8088204516989363,-3.8218283618570053,-3.982872682418178,-4.084097744723249,-4.099560347593849,-4.024911947214486,-3.8836937453556564,-3.8937669243391535,-3.7881344444305842,-3.5530712735551404,-3.3400563864072907,-3.1834653142392035,-3.0334540790058324,-2.8917556650027016,-2.6490928432085714,-2.5124058048282594,-2.389362032384576,-2.319782683823897,-2.2199891594035184,-2.2094450837491078,-2.1921001899342687,-2.2808607499931814,-2.3124467785089178,-2.3869387064084195,-2.5658426813610293,-2.8468774420358174,-3.110547733379527,-3.3339087030972747,-3.7204391519479163,-4.188762286916504,-4.659244413038396,-5.1531238587363175,-5.643238479980537,-6.059565571955895,-6.515458602225659,-6.983175694270108,-7.516474527413199,-7.907129223702482,-8.245943427092353,-8.412124453724628,-8.560711799414305,-8.50294273534092,-8.276827999288429,-8.031096442045376,-7.611318701942183,-7.133579083194495,-6.583492294612377,-5.940571239635896,-5.068007515497678,-4.075749765447816,-3.0434594618363806,-1.9569370842643183,-0.9488020936360829,0
0,-1.018000365056272,-2.060012800149425,-3.1604838092520104,-4.159389236958908,-5.098084428240718,-5.896881302733263,-6.48215383133314,-6.951700246265565,-7.343542420230833,-7.690896444197933,-7.857402270711952,-8.012247848196154,-8.002209178748041,-7.823998728758999,-7.6195245569956445,-7.255377886828237,-6.87982255897063,-6.398138849761494,-5.976105549209938,-5.606884582179598,-5.26301287588865,-4.814780117964385,-4.3666021796944285,-3.9286768350556054,-3.5024334646474307,-3.141975855679823,-2.9449506650151167,-2.712093924021219,-2.4624152718339274,-2.3082496824492407,-2.2521354060932697,-2.2583228205474484,-2.197185491508715,-2.231757940042778,-2.2475251490134283,-2.3282320674804984,-2.413595164835255,-2.5656901341762635,-2.7068610909675517,-2.9414268783981,-3.0827533582977096,-3.2548293564722104,-3.4408684707966923,-3.661913559257871,-3.914517446554529,-4.0464709131336924,-4.069362068820974,-4.232513102548211,-4.342510032371292,-4.355034759702971,-4.267835786509278,-4.123951542061044,-4.122394985336548,-4.008992721053538,-3.7722304379653,-3.5501687459540507,-3.3821694478453264,-3.2218138716591556,-3.0665329643552357,-2.818769149248953,-2.6608640399514067,-2.5188169464786974,-2.425717036492519,-2.296750703851569,-2.2586768966186384,-2.211397375658545,-2.257378066836306,-2.241743309461162,-2.265980947399638,-2.408180510853994,-2.6500006419469746,-2.868038563473942,-3.058206786499509,-3.4116458240460497,-3.840025122460584,-4.287027401941115,-4.770610855909331,-5.254668114692358,-5.660128175320925,-6.107165181239044,-6.589499626502123,-7.132700501332841,-7.53972127102235,-7.905811640064682,-8.0966848939964,-8.276364792344035,-8.263486120835266,-8.08581610827445,-7.883246137587955,-7.4995236591848276,-7.051758496373004,-6.529470925821893,-5.907174213496679,-5.045442928376212,-4.063900235635801,-3.0421071732569747,-1.9584289868860272,-0.9438038214707098,0
0,-1.0047376185932704,-2.0313687679269847,-3.1229361660993273,-4.098034579814837,-5.019894132638398,-5.791945652551747,-6.344450187828379,-6.788921114639478,-7.146133521981172,-7.4694771529251485,-7.607921740543624,-7.734290460677428,-7.70380079273099,-7.5121521522721615,-7.288489181146818,-6.901353978766688,-6.518417082545461,-6.0355872341914445,-5.602207299169045,-5.229598398701478,-4.892573567523528,-4.4564274522052,-4.017940623198009,-3.603684840108518,-3.210852922787617,-2.8856169711389663,-2.729258419318013,-2.526719284388173,-2.318044431044487,-2.20332817804167,-2.192247831516029,-2.231046412004607,-2.2064701215369857,-2.262572825309154,-2.3055537116433458,-2.4135951648352494,-2.5203490053179527,-2.688313792689821,-2.8570638922742324,-3.106841856446518,-3.2585683713601403,-3.434419334438417,-3.6240226819417147,-3.8509972878280436,-4.094209123430551,-4.218390898698608,-4.24147469127292,-4.397253118948641,-4.502463122788103,-4.515387076078534,-4.429447115680251,-4.290660955681785,-4.288275667506054,-4.182916264546102,-3.954331844412853,-3.7283525961359074,-3.5595226620528475,-3.3995582073739983,-3.2361930415620304,-2.9761281247355726,-2.793728354178365,-2.64021447023166,-2.5276810376870746,-2.3725251550770916,-2.3070530405175846,-2.2382692960179518,-2.249200017868398,-2.2001659586480504,-2.1797207774292713,-2.282791106976174,-2.4810646884130243,-2.6681837906671295,-2.8158058894525486,-3.132659167316261,-3.5265019054035056,-3.9481260885198552,-4.419768035151519,-4.8886093164986155,-5.281527341057293,-5.726594848139829,-6.2138957812339966,-6.755977549575775,-7.16750744611064,-7.552194421549224,-7.761681834097183,-7.956143855182404,-7.9690649970680445,-7.823964630315656,-7.658018291213587,-7.3055091316928396,-6.896813566431921,-6.406037684958564,-5.820273285075062,-4.9874180203869605,-4.023249900283933,-3.023919208628868,-1.9450111609628906,-0.9377459035849908,0
0,-0.9972725956945568,-2.0170004761089024,-3.089602714162998,-4.047098699624616,-4.939959660079036,-5.678604502953248,-6.1955999092142715,-6.6081271940840045,-6.933310772442124,-7.220397539385635,-7.332343528123117,-7.430442951169242,-7.374189752049573,-7.165144443501619,-6.925193155164955,-6.525163128961953,-6.137426856256503,-5.6508386703969045,-5.204728378770013,-4.840384624623121,-4.509404921378534,-4.080952389323533,-3.6643201423263005,-3.2801388048183204,-2.9337409763467828,-2.6488776623276893,-2.5369817467638285,-2.38569068948085,-2.222575700378269,-2.151275728032764,-2.1870702377292703,-2.267040363724877,-2.280796435001048,-2.3619415616180968,-2.433596510490873,-2.565690134176272,-2.688313792689806,-2.882312457414372,-3.0774100324108593,-3.324014631585334,-3.486290415775686,-3.671219135393105,-3.8555265464722495,-4.076233801701003,-4.302258662971329,-4.407856199752474,-4.420477407417801,-4.558332489358875,-4.656128490604957,-4.667843647627137,-4.587211068068818,-4.466543852724196,-4.473678575176572,-4.38577866649083,-4.173878977523402,-3.9550559374897403,-3.792510751123992,-3.624871516630186,-3.452138913479795,-3.1978668248426874,-2.9921593542088853,-2.815265100190671,-2.688555992894857,-2.5126595443550617,-2.4214676357675713,-2.3296854787787105,-2.30432780646782,-2.216877437644772,-2.15240791215667,-2.2123342805980832,-2.3650683117253566,-2.503317905734293,-2.606822580156638,-2.8828421576017287,-3.2285216527406733,-3.6172172488308405,-4.062770229348406,-4.515263055463134,-4.8924376515935295,-5.320225921383746,-5.811884131028687,-6.350384053593712,-6.762069741840961,-7.155964770719569,-7.379807875511635,-7.594127823725307,-7.636415497933786,-7.527164009011907,-7.397742384393146,-7.090334521831927,-6.722061647667144,-6.270647220398226,-5.728110966643473,-4.932602842674848,-3.9994242756963216,-3.0167894175631838,-1.9510429738276298,-0.9413679593219133,0
0,-0.998477872635712,-2.019110785702044,-3.066454074129547,-4.001861476878782,-4.851922073603592,-5.553533138699975,-6.026693183428444,-6.411325890357676,-6.711454025057797,-6.96745621387051,-7.066354230670317,-7.139946512337495,-7.067212364583154,-6.845449282605169,-6.597328143651224,-6.189292444938838,-5.782910025010589,-5.284076184328471,-4.814380771328481,-4.443962812668319,-4.114938000886615,-3.6903803116538545,-3.2986052010618594,-2.945584653696092,-2.656003712425328,-2.4171379114613556,-2.3492884475649025,-2.2318931502235677,-2.1083371200581853,-2.076563439858013,-2.1616766224432578,-2.2834705762751493,-2.336309086279323,-2.4538611524407843,-2.5492754189505145,-2.7068610909675197,-2.8570638922741804,-3.077410032410819,-3.287656514868611,-3.5350784409384066,-3.693317815552575,-3.8823710972721894,-4.063693385401711,-4.275437120636909,-4.472884395975368,-4.563032568090372,-4.57312947320775,-4.703259398626246,-4.8008781317135325,-4.812134085465595,-4.730178637471846,-4.615035966783511,-4.6224120373089965,-4.551252353901849,-4.3673920503369,-4.157438382306712,-3.9986739318897206,-3.827878692937663,-3.6605528876800077,-3.409089990621318,-3.190582555423194,-2.9894932357676693,-2.8362460397069182,-2.638767881963652,-2.527672945226523,-2.403707145139517,-2.341749373323689,-2.2144869010687245,-2.1051890118844736,-2.126394783174944,-2.238882053541514,-2.342987053672956,-2.402253694326185,-2.633432053192299,-2.920965343049383,-3.274283885491815,-3.69021290313314,-4.130945897744923,-4.495793005333032,-4.9203535817915744,-5.426211565414828,-5.969060590836158,-6.391354232510858,-6.79037366242488,-7.020928315377869,-7.250207119996667,-7.312993772103948,-7.236164013774073,-7.130606455592725,-6.863716052237471,-6.530694439362137,-6.115426068551002,-5.6251201659603804,-4.871243111289661,-3.9837877527981433,-3.020663745202447,-1.9745050951835197,-0.9544236143746037,0
0,-1.010362633104838,-2.0379480859005423,-3.070039180607427,-3.9760661751146915,-4.786466755279352,-5.446082712921672,-5.868969152153623,-6.224522254137287,-6.496550498273108,-6.7225046798011165,-6.798346907344669,-6.845184842303763,-6.749696689090091,-6.510515526651133,-6.244088593272036,-5.818110543720135,-5.393089407405938,-4.893116689401952,-4.4097040813705854,-4.038210777136878,-3.723008609128897,-3.3255725528794953,-2.9867119831736626,-2.6920969309364877,-2.4707001177086774,-2.2868301053789457,-2.2801385446802365,-2.2041289920906113,-2.1309564782126387,-2.1252093697259813,-2.2558475134515437,-2.414149798979964,-2.506605471244501,-2.650340668914092,-2.7742597462209884,-2.9414268783980697,-3.106841856446493,-3.324014631585269,-3.5350784409383937,-3.7717287560507256,-3.9138224211503228,-4.089964007290534,-4.250780971887022,-4.441232582714328,-4.616282230250371,-4.694404127536531,-4.701285068932728,-4.825018714363302,-4.91300622095913,-4.9222476726205695,-4.845493612541905,-4.736588660637719,-4.742994896572274,-4.685337990579194,-4.520232831279107,-4.331255023325625,-4.1926211947598935,-4.037303082353428,-3.8874477584365605,-3.650539227661795,-3.4338778446862572,-3.24108440109056,-3.0737095374438734,-2.870267272984242,-2.734777931150896,-2.5895093658403217,-2.4908032912662987,-2.329539953605769,-2.1781222653160928,-2.1739359189744887,-2.237739948357726,-2.3040949755831632,-2.30311249663858,-2.4830979622261644,-2.7002400837866514,-2.993364751006492,-3.354095834722399,-3.7628374896072274,-4.104137801448985,-4.518925893729906,-5.028725287821738,-5.56423900368802,-5.994368964163286,-6.404233302687804,-6.648448305825412,-6.892822381941762,-6.980285947644932,-6.934012663833555,-6.859498852601116,-6.629664331155203,-6.335435538003549,-5.958704771521219,-5.526962682982347,-4.822238475852527,-3.9788014348386054,-3.04399714673939,-2.0091595723596116,-0.9757378535931936,0
0,-1.0251974414416645,-2.0738186683783826,-3.0959144570359056,-3.9894130867163,-4.765879467781213,-5.395088213839911,-5.769477656046187,-6.094017301354474,-6.339908157542624,-6.530964455537824,-6.590469060318346,-6.6108136793550685,-6.494897125729539,-6.227873051482305,-5.932999715261594,-5.4838588758165026,-5.028949296866541,-4.507912574559149,-3.996115479894805,-3.616405121155517,-3.306929807707325,-2.9110039909761745,-2.603535415552669,-2.359365333144991,-2.2058479296231672,-2.0746820314984844,-2.1329272682948295,-2.101821275675418,-2.0759562435656744,-2.1138785825492987,-2.2838626097481916,-2.470244540152716,-2.590263830030999,-2.760241211710201,-2.899695446050039,-3.082753358297663,-3.258568371360076,-3.486290415775656,-3.6933178155525446,-3.9138224211503427,-4.036695757222138,-4.2149125950585855,-4.366473577275985,-4.541390035652757,-4.690857201404126,-4.757046493555459,-4.754705962092619,-4.8640640079932576,-4.944119881904573,-4.952680326178341,-4.880251815700676,-4.781670551066558,-4.794280625112579,-4.747568317567301,-4.606774119620486,-4.434358622388835,-4.304610258875829,-4.148594809475573,-4.0210933398366775,-3.804103726685609,-3.594620690234872,-3.3957571962453352,-3.2208342537759442,-3.0071409420832267,-2.8595781542209178,-2.6903199012183787,-2.5649392551268906,-2.3757443296968486,-2.1878624167739584,-2.1409906394226903,-2.1581913889917765,-2.1812289661829163,-2.1173940969186775,-2.246675555998902,-2.3959510885536637,-2.636822689332418,-2.962702491940858,-3.364880932503661,-3.692748945325755,-4.107093472976567,-4.635323952626433,-5.183289446579647,-5.633027591865331,-6.061276923792386,-6.328877017571377,-6.59885312399084,-6.7069867993531025,-6.691166349174961,-6.638725374052559,-6.44929073168535,-6.191317311722852,-5.854612791004121,-5.480388167738021,-4.8130443821074,-4.009650450372896,-3.086414025743808,-2.058837588027581,-0.9989794550247576,0
0,-1.0481979641653971,-2.1273581421528305,-3.1575586045423654,-4.052868285199649,-4.814852357056823,-5.419026848702916,-5.753582653824574,-6.035690257367982,-6.2442158319763506,-6.390000477736783,-6.417252331693817,-6.402661186307819,-6.245161482862715,-5.93961036901726,-5.603439947519234,-5.111816168493001,-4.6209991476544126,-4.065726912073003,-3.5256230891637146,-3.142964260994366,-2.8295059015229977,-2.442715084278348,-2.170235565150695,-1.97544871798338,-1.8948921800553287,-1.832889185747717,-1.9644406541339006,-2.0080084210398503,-2.0355812306122463,-2.1260586045912477,-2.3334874814394277,-2.55228489485861,-2.712733426600767,-2.9063650201149493,-3.0575787425776713,-3.254829356472172,-3.4344193344383385,-3.671219135393027,-3.882371097272132,-4.089964007290463,-4.214912595058559,-4.388056486239535,-4.52312287969652,-4.678383056800211,-4.795427036331781,-4.842984444578349,-4.834355653865239,-4.923639692306678,-4.9974412976745395,-5.004129508499604,-4.933696699755267,-4.852353995006177,-4.870427362484542,-4.840625171362965,-4.7309026318775835,-4.576632639647299,-4.463313828679177,-4.314669856079698,-4.188782322459718,-3.9894579611478247,-3.7804508547445805,-3.5750510331784335,-3.398962106301472,-3.174825462591756,-3.0188128288758187,-2.829291945635581,-2.6656769871590775,-2.4460995508093886,-2.223735794356008,-2.1253950845618315,-2.0902833826961564,-2.0426536592585465,-1.9091380505618982,-1.9722372070341143,-2.049437189303332,-2.237507157128133,-2.5241070712720077,-2.910118273707457,-3.231979514531898,-3.6371843683767975,-4.1827081107339,-4.752728921715017,-5.228802202004719,-5.69296542934806,-5.996969663396854,-6.304508128687295,-6.452833192552458,-6.476453110005833,-6.46144915402001,-6.323385717134109,-6.1132065601525145,-5.828646148641193,-5.504723024833539,-4.870886819073773,-4.088591801662479,-3.1647392735606097,-2.125908940584122,-1.0305561278352333,0
0,-1.065611008931086,-2.156760294629302,-3.2021075246073956,-4.08655906976593,-4.842842783293389,-5.417712103781341,-5.715111394886487,-5.962575832868188,-6.124463246496273,-6.239734984540589,-6.232332940504818,-6.185974193966662,-5.996992331923864,-5.660415144694216,-5.28989833663432,-4.756515219054455,-4.237173441825257,-3.6619363455113,-3.107175195639869,-2.7206539123939733,-2.4103652901557533,-2.045546178183915,-1.811168620964683,-1.6715428500597094,-1.6535171049775281,-1.66481854206101,-1.8612060849721146,-1.965772682022813,-2.0557947494870183,-2.187172329680548,-2.428436581633502,-2.6699442336932346,-2.854823630451279,-3.060935266571785,-3.227791354479223,-3.440868470796695,-3.6240226819417076,-3.8555265464722392,-4.0636933854016615,-4.250780971887006,-4.366473577275983,-4.523122879696523,-4.6311233197819135,-4.768453705547617,-4.862341473512818,-4.888957996573409,-4.870558724960297,-4.941400492875334,-5.001375720143107,-5.00736165174037,-4.947498865869849,-4.881765154306218,-4.906679268981966,-4.896063631260642,-4.807667434481348,-4.670262306012049,-4.584511152775708,-4.455243885271469,-4.34034109755638,-4.1625686123786565,-3.9586381073411627,-3.762230301162903,-3.5848489174547624,-3.3481039908107784,-3.1806996706817756,-2.981561289482126,-2.7971535462547767,-2.556693568186053,-2.3031717786214023,-2.1675396905509663,-2.0721551106577185,-1.9686815517780756,-1.7742614057772108,-1.7680573764628906,-1.7851325781072724,-1.9155356805008994,-2.1607372011744137,-2.519271778936523,-2.8275072145364804,-3.22538286915748,-3.773043713633736,-4.353904305493888,-4.849440228358296,-5.3462674902448155,-5.680814714699047,-6.015047516094196,-6.195055102880926,-6.249795188944225,-6.272644177632781,-6.170643534979897,-6.012991830209678,-5.773476707770012,-5.49466256230382,-4.898912481039678,-4.128978232553309,-3.218454653905248,-2.1641540859042063,-1.0530898029356852,0
0,-1.0702657113583787,-2.1596282149608412,-3.207556314593151,-4.078066064153817,-4.8250552284508474,-5.374295956628108,-5.649804659619444,-5.873858837395043,-6.003539502966551,-6.0974113452965835,-6.062918454482844,-5.989814264870389,-5.770832388328617,-5.407617327959847,-5.009071018954302,-4.447508115137932,-3.914649104320624,-3.3208429593814643,-2.75096089726063,-2.364842393617,-2.053334542084292,-1.6983069568804254,-1.4881556205289794,-1.3957885976786737,-1.4410409370648605,-1.522895671107067,-1.77376018151417,-1.9425340691597075,-2.0867573493072755,-2.2524923244617536,-2.5291605150088126,-2.801460044974109,-3.013384526048752,-3.2466832691542544,-3.4369508789883887,-3.6619135592578793,-3.8509972878280125,-4.076233801700945,-4.275437120636861,-4.441232582714309,-4.541390035652792,-4.6783830568002465,-4.768453705547659,-4.88329664134689,-4.9558916536491715,-4.974324942975613,-4.953053209561804,-5.012925134348306,-5.07127442452157,-5.075039688319439,-5.014883221344016,-4.9593009327557285,-4.984819300392436,-4.982160211097939,-4.9149498162586,-4.798380816508722,-4.730916831547971,-4.619983493464275,-4.51947202975858,-4.364041110646833,-4.168930079383531,-3.9805772824455032,-3.803543787212987,-3.560353482834404,-3.3755228264335133,-3.154767493750807,-2.9472319740924453,-2.6782941750122298,-2.3907487724167757,-2.2202093784559165,-2.070679878035376,-1.9072111189146896,-1.661172410247085,-1.5883254511721112,-1.5459737583940043,-1.6281151523713653,-1.8453111094647796,-2.187021140497658,-2.488200195157251,-2.876408845535606,-3.4280532143075404,-4.017978383339004,-4.520714879127175,-5.038284792382965,-5.396021474873173,-5.75264640357451,-5.96070626618401,-6.040769373707884,-6.092688497625603,-6.0170447758218275,-5.8973377894867225,-5.691102884867422,-5.4431572334975,-4.881479746668718,-4.126770185811107,-3.2334254246026854,-2.1757020346618923,-1.0626020099336455,0
0,-1.091276600050761,-2.1996411794034616,-3.2475929362129183,-4.117881738992665,-4.842654402929114,-5.36734589929168,-5.617111668914868,-5.810706125698224,-5.913210240012905,-5.973894240448082,-5.915646634302851,-5.803347044379473,-5.546410449634389,-5.149824526005013,-4.716211290464858,-4.130437860512503,-3.5838464499618192,-2.984180941677922,-2.417571365285466,-2.047374181716857,-1.756520554125598,-1.4369604865038668,-1.273933857300916,-1.2339242058520268,-1.343520483851037,-1.4878111543327963,-1.7922168394526437,-2.0138761057403447,-2.1907011972204438,-2.390938947711459,-2.689361367558128,-2.9881961383427527,-3.219353475995249,-3.479202393903877,-3.685144065106794,-3.9145174465545667,-4.094209123430541,-4.302258662971319,-4.472884395975366,-4.616282230250378,-4.690857201404109,-4.795427036331773,-4.862341473512778,-4.955891653649143,-5.014570170391482,-5.027504157090927,-4.998324552513682,-5.048797865363603,-5.109881903150235,-5.113059930244152,-5.050493355960001,-5.002754038254849,-5.036019646505764,-5.036202590039686,-4.979680592628043,-4.879712927102047,-4.834901588931077,-4.754369535090826,-4.677984845075148,-4.545093779993229,-4.379682142784807,-4.209531971244175,-4.047664516324108,-3.8053570323418606,-3.609720235821421,-3.369058130332178,-3.1473049270528093,-2.8557390898995862,-2.550442589054796,-2.347004339116689,-2.1666906433338093,-1.9530836415591757,-1.6568813351889327,-1.5228256107111793,-1.4169317644984138,-1.4448912070791637,-1.6121438568367124,-1.9133512835032975,-2.188908497691246,-2.5542486227805936,-3.0962157045800343,-3.6840942242724717,-4.195043699973644,-4.7316151382519465,-5.117296942199602,-5.503783798107923,-5.743870197076725,-5.86026578201822,-5.934583814283918,-5.892843898648588,-5.803346056998985,-5.631990810411092,-5.416863396917239,-4.884993624422417,-4.157856616541689,-3.269288009668931,-2.213675331141479,-1.0827432851945864,0
0,-1.1349340996067454,-2.281058039922395,-3.350559032084475,-4.232434099884279,-4.949146018916277,-5.459279227847593,-5.685009561917566,-5.853283974118804,-5.926884134246719,-5.9539148442449275,-5.8631456537744135,-5.704906359892762,-5.399943986155958,-4.962115212160094,-4.481786290265833,-3.8570771055550552,-3.2795362853990904,-2.6698962076224744,-2.096633421508737,-1.721378244912387,-1.4377188440427544,-1.1413568649854653,-1.0086954175428855,-1.0071301904670669,-1.1700770077081486,-1.3605671686196354,-1.7142463550727092,-1.9701458278025878,-2.188212147355532,-2.4102199522163064,-2.7304349337873326,-3.0513466483463563,-3.3072972608332534,-3.5758652206643693,-3.808820451698943,-4.046470913133743,-4.218390898698595,-4.407856199752483,-4.563032568090374,-4.694404127536529,-4.757046493555406,-4.842984444578346,-4.888957996573378,-4.97432494297562,-5.027504157090945,-5.0277949064727085,-4.990720617154288,-5.038961404612649,-5.0873645450255625,-5.091065115241916,-5.040568551189083,-4.996985210176998,-5.03646099645862,-5.047467750298005,-4.99288431039673,-4.89974656364957,-4.872443175821051,-4.810470961010393,-4.743437909143746,-4.620554360560736,-4.471643264209794,-4.3238951200115245,-4.172808377687498,-3.928109371567768,-3.7103557662334516,-3.4659750856531257,-3.2249613236700805,-2.9159601692238613,-2.591147432907631,-2.367207675550929,-2.148186825468427,-1.9015692327859925,-1.5554460794462996,-1.3749932557170519,-1.212957567716632,-1.1998581222452536,-1.3307560004654992,-1.6038098681000006,-1.8651287264147351,-2.2293066056309603,-2.7727870499505047,-3.366395687107283,-3.904722747917707,-4.4778317728028885,-4.908401682756578,-5.3347545328105115,-5.6222559409034565,-5.7827628788011465,-5.890701945783478,-5.883097336875256,-5.825645625313033,-5.6834606027824375,-5.49700134772245,-4.984342380942375,-4.268739553297962,-3.371644682563377,-2.2953563397278547,-1.126804167807156,0
0,-1.1735587076073093,-2.35966728543815,-3.449155587835422,-4.347886987709431,-5.060817958303302,-5.56346486640603,-5.767306701378745,-5.913726802037191,-5.964838749048828,-5.96312112755764,-5.849026358026715,-5.659603506360418,-5.321050398281309,-4.846863500549929,-4.328726199365279,-3.667346593211544,-3.0522735415298374,-2.425273445669326,-1.8261204666228659,-1.4378376654758724,-1.1571035316065374,-0.8627571585318554,-0.7461395719619198,-0.7678872012468648,-0.968635470329943,-1.1910110247601964,-1.583916379963548,-1.8638545304510612,-2.108040850629823,-2.343417323268524,-2.6906262350194265,-3.019784408401688,-3.291323631156252,-3.5724745502347273,-3.8218283618570443,-4.069362068821001,-4.241474691272934,-4.420477407417797,-4.573129473207751,-4.701285068932708,-4.754705962092636,-4.834355653865215,-4.870558724960325,-4.95305320956179,-4.998324552513712,-4.990720617154265,-4.943087296437275,-4.984536373677984,-5.03366302113652,-5.037635832422137,-4.985500452410723,-4.949741305272388,-4.998077533926921,-5.016973925854203,-4.967754820989424,-4.878326842251387,-4.859532164570984,-4.803444879723763,-4.744091218553549,-4.623771592598224,-4.4761712988271,-4.341290166683865,-4.19199760315997,-3.9415289104227047,-3.710523437567304,-3.45689289486546,-3.204173992282975,-2.890718013122498,-2.5414999701107464,-2.30480376049125,-2.0604736184445187,-1.7901666913709011,-1.4039863497295126,-1.1909307216782534,-0.9890203834099063,-0.950303923123474,-1.0593838358296697,-1.3250782481091596,-1.5766537555402125,-1.9496086553228313,-2.512942374102948,-3.1206786133964743,-3.6941496290893685,-4.304335534928744,-4.774640567434346,-5.237355914311601,-5.560426886363235,-5.752936139079905,-5.885293900883856,-5.906356364477199,-5.873695983467057,-5.755621391697842,-5.594112739082597,-5.092214061752294,-4.383566163344586,-3.4713039896477498,-2.375471889383934,-1.1667972580352826,0
0,-1.188124406444109,-2.3923763224459083,-3.4874259063392254,-4.38898759815984,-5.093713239338801,-5.58422381917268,-5.764081927711306,-5.887045319283946,-5.918931702526237,-5.892331879324986,-5.763907457497002,-5.560057138199088,-5.204199663254115,-4.710360231136803,-4.174578862297154,-3.491272632020772,-2.8573847245264825,-2.2266496337074297,-1.6213518699758518,-1.2434345247489234,-0.9876831384000943,-0.7216898289611472,-0.6444020987820828,-0.7059583663832029,-0.9450165770661704,-1.199765549455776,-1.6306558438556333,-1.9439704985048734,-2.2031374518513576,-2.457509938658438,-2.8217101765728794,-3.1553085016170064,-3.4356474364056178,-3.7320187585503524,-3.982872682418228,-4.232513102548273,-4.397253118948677,-4.558332489358896,-4.70325939862624,-4.825018714363318,-4.86406400799328,-4.923639692306662,-4.941400492875346,-5.012925134348304,-5.0487978653636105,-5.03896140461261,-4.98453637367797,-5.01191951352423,-5.065589374474599,-5.068307673543036,-5.010017722724498,-4.987143824036234,-5.042200311728888,-5.062288789816898,-5.019991082458025,-4.941661666393901,-4.942894017572084,-4.906445464367767,-4.862030136000587,-4.74828742173547,-4.607730566811411,-4.490571990368466,-4.3491330348944555,-4.0979308101809515,-3.866617950871221,-3.6007725960598114,-3.3429447968774877,-3.028325541361497,-2.6657430913769242,-2.411652159138298,-2.1546870829466873,-1.8544568222399636,-1.4323170451481282,-1.188595098777737,-0.9490518427942598,-0.870829801623282,-0.9401667686171127,-1.1735129253123517,-1.3961511483443463,-1.7533661012797566,-2.3176235501053175,-2.923575734847043,-3.5111126181309396,-4.141803911181389,-4.6278629111584575,-5.108469658465306,-5.44634782264087,-5.652741225166569,-5.796913733889659,-5.8399538070138854,-5.826649782909676,-5.732046231456011,-5.596371405580392,-5.109699089098222,-4.413531343694597,-3.5015692737975077,-2.403286511576267,-1.1795990895273798,0
0,-1.178794531780721,-2.372484043595761,-3.463282000298311,-4.3522354163815535,-5.052823712406491,-5.534998310395085,-5.701509336095421,-5.818858409812102,-5.842753065437435,-5.812262648493358,-5.68409082624529,-5.482076183063509,-5.130923706516943,-4.6394188931959315,-4.107898052557713,-3.420013914707934,-2.7796708919068323,-2.1524847426498663,-1.5469162503692842,-1.1649369581832405,-0.9191474140496885,-0.6649565944008805,-0.5983410275788791,-0.6818874796669047,-0.9373500812072876,-1.2151409258682229,-1.666601690953231,-1.991839227730445,-2.2653434923748743,-2.536299004331849,-2.9030034114816763,-3.249351728280298,-3.531953984379288,-3.8277583036016334,-4.08409774472333,-4.3425100323713455,-4.502463122788112,-4.656128490605005,-4.800878131713539,-4.913006220959138,-4.9441198819046175,-4.997441297674492,-5.001375720143118,-5.071274424521554,-5.109881903150204,-5.087364545025541,-5.033663021136517,-5.065589374474559,-5.111547389722478,-5.113177703524838,-5.060973325700078,-5.031749790542523,-5.086379608108083,-5.11834339818095,-5.074960916178893,-5.000521564479251,-5.015890619260907,-4.985902950919222,-4.950148010574029,-4.841797881893367,-4.701509922319196,-4.593312975673117,-4.455490996677085,-4.1976301296729375,-3.963033943837707,-3.697576483600567,-3.4398802284803534,-3.113750903346974,-2.7485203742157465,-2.4781061297364912,-2.2077273507127675,-1.896227805144686,-1.4543462311034605,-1.190901366205946,-0.9372366327641917,-0.8382734923450745,-0.8980893051942624,-1.1173831798840135,-1.328983116251083,-1.6859381870306882,-2.2483317451647933,-2.8486838511516295,-3.4389834594206055,-4.073468716237665,-4.553899832774476,-5.030600009087673,-5.362060919591122,-5.564867044173379,-5.706346211328089,-5.751033942805493,-5.74461547841084,-5.655929561735682,-5.533735654578483,-5.05779652393474,-4.368816542231883,-3.471164567608087,-2.3799690044356283,-1.1688010691839297,0
0,-1.1787858211035995,-2.3708003811180887,-3.462599567838199,-4.350650964381854,-5.05324299982773,-5.534666076361821,-5.701380291166836,-5.818930826333623,-5.840121321141086,-5.8065429303854845,-5.674001695063977,-5.468662161680068,-5.112422564606265,-4.6180021037470596,-4.085196880814727,-3.3964057932473084,-2.755174868994599,-2.127493600872723,-1.52347085856248,-1.1439535751439547,-0.9005420584528117,-0.6500722057604639,-0.5855382159852197,-0.6734471681146443,-0.9308055980371309,-1.2105808672705942,-1.6640066274656915,-1.9918766249365398,-2.2697784037200996,-2.545140418609012,-2.91583884501513,-3.2634282323763792,-3.5486230642049734,-3.8439557219941896,-4.099560347593889,-4.355034759703003,-4.515387076078531,-4.667843647627135,-4.812134085465601,-4.9222476726206,-4.952680326178366,-5.004129508499616,-5.007361651740383,-5.075039688319455,-5.113059930244113,-5.091065115241914,-5.037635832422117,-5.068307673543027,-5.113177703524878,-5.114986686474766,-5.063720104752139,-5.035700747109549,-5.089941727498254,-5.121463983195552,-5.078608269290044,-5.006507479776495,-5.022316065279133,-4.993866668842589,-4.95841361284848,-4.852046496684574,-4.712266753759643,-4.605257284707193,-4.467078425689981,-4.212168693481539,-3.9783984779862096,-3.7136526013899163,-3.4538754248679266,-3.127146112443964,-2.7587984736184943,-2.484937848628236,-2.210545101308186,-1.8966323285314752,-1.4527296591218113,-1.1873204365683339,-0.9314491649489076,-0.8276825993250292,-0.8847409194813164,-1.0997435168649592,-1.3082751304641833,-1.6624361829039507,-2.2231723342938587,-2.8236000093264333,-3.4143877729589147,-4.049110949299533,-4.53071732763578,-5.009790854018042,-5.346637413780623,-5.552872021148115,-5.699217654142848,-5.747424872888093,-5.743817827521201,-5.655063350028165,-5.532154061804192,-5.0570516710239755,-4.3657876484804365,-3.4690320785483735,-2.3771138147189474,-1.1682617344200428,0
0,-1.1864207713638966,-2.38794455683407,-3.482108466874535,-4.384080732487191,-5.091877249624612,-5.58155661820394,-5.762329880007861,-5.884590862821733,-5.9108367922921365,-5.873776117167287,-5.733853527320955,-5.519278782724195,-5.149716517801612,-4.646940541856969,-4.106302177467469,-3.4196227807299766,-2.7838237956512226,-2.1543893036940593,-1.5522581545324243,-1.1812714986654635,-0.934561056930473,-0.6805354889706413,-0.6127977935488608,-0.6834339384728207,-0.9276376443000101,-1.1887793879800541,-1.6253549358221102,-1.9478009726724588,-2.2180703078107245,-2.4837914100713196,-2.857966578067903,-3.1966247980840325,-3.4818582673291583,-3.777025561944928,-4.024911947214486,-4.267835786509299,-4.429447115680273,-4.587211068068875,-4.730178637471883,-4.8454936125418975,-4.880251815700665,-4.933696699755273,-4.94749886586985,-5.014883221344031,-5.050493355959948,-5.04056855118906,-4.985500452410702,-5.010017722724483,-5.0609733257000515,-5.063720104752197,-5.007885180339438,-4.987796660610751,-5.04331951600608,-5.063573985931998,-5.021454116055297,-4.946908962503995,-4.9515079319417685,-4.920632780812634,-4.879773523253967,-4.772039969730544,-4.633461748847187,-4.519886203622174,-4.3818284653165405,-4.137093502226802,-3.908918647084369,-3.6447744000875097,-3.3832502126679023,-3.065755379782609,-2.695618821803965,-2.4325620281199027,-2.165922402072142,-1.857218222368549,-1.429770787928248,-1.1797752565911097,-0.9342848089522914,-0.8454543012716186,-0.9037111956705903,-1.123943437091088,-1.3358825577043216,-1.6850082985969963,-2.2455160462147696,-2.849109600122943,-3.4373982920711756,-4.069413760535179,-4.55931400401199,-5.047610745654572,-5.399369286392895,-5.617079441871889,-5.773685481635961,-5.828201709181479,-5.82102423859198,-5.727023254795617,-5.5895191234347195,-5.103604470531616,-4.403958552791271,-3.49175386481365,-2.395219034300532,-1.1762976930896445,0
0,-1.1692624718075304,-2.3519970779169177,-3.438041630821255,-4.338855762961083,-5.0542995388616925,-5.557983026447242,-5.762278120627881,-5.907380300034838,-5.950503570674411,-5.931818080107509,-5.801167374400627,-5.593327319683694,-5.2350200655462,-4.747098015224726,-4.220140083136973,-3.552670568174411,-2.933777695267336,-2.307059490750082,-1.7105943861827053,-1.3303742717825127,-1.062494761032949,-0.7844569224139474,-0.6829456013219092,-0.717099974149608,-0.9287099023515989,-1.160280443721276,-1.5637001113897577,-1.8585824746231245,-2.1218767841036383,-2.3767547301773977,-2.7393483393276385,-3.0783588919835188,-3.357403471977886,-3.639060359655557,-3.883693745355627,-4.123951542061073,-4.290660955681807,-4.46654385272423,-4.615035966783537,-4.736588660637727,-4.781670551066549,-4.85235399500619,-4.8817651543062475,-4.9593009327557676,-5.0027540382548565,-4.996985210176989,-4.949741305272354,-4.987143824036211,-5.031749790542485,-5.0357007471095505,-4.987796660610759,-4.955622470839681,-5.0031939324740025,-5.020289211451017,-4.972905298554727,-4.887962790840766,-4.875221705236659,-4.827408724240931,-4.775600551271896,-4.661547878198531,-4.518219395534023,-4.3868579809254715,-4.243375764505272,-3.9999529592923744,-3.773706197794059,-3.52059733652027,-3.262287093292377,-2.9420496913611345,-2.581163813127414,-2.328166523222362,-2.0668566459397235,-1.7822052319772637,-1.38565476609822,-1.1632700859899252,-0.9495318012637817,-0.8963887024158504,-0.9882375210205032,-1.2361381801384552,-1.4725486666760466,-1.835611896531715,-2.3949425326488294,-3.0007765482541875,-3.5758478374797953,-4.1892965143246,-4.666292092596016,-5.141339030296066,-5.484111377324444,-5.695961856016919,-5.846184942994622,-5.885289836191728,-5.861356190772415,-5.744140133945664,-5.5811884024841065,-5.078003351917753,-4.366810047554682,-3.4529284543291068,-2.36220111942052,-1.15993225330413,0
0,-1.1284765499381855,-2.270208797123433,-3.335017997527505,-4.217661863324309,-4.93594434281959,-5.447295232125853,-5.671874337376023,-5.836647497166692,-5.898478249650508,-5.903626316815706,-5.79065181411211,-5.606669459118898,-5.276854600318268,-4.8213599309454125,-4.329950167717379,-3.698527884235362,-3.116534414371929,-2.507591170490102,-1.9389646062436925,-1.5762105092914274,-1.3096464721263905,-1.0323418913389997,-0.9208438186383026,-0.9377101305443778,-1.116265273627607,-1.320954989856023,-1.6916045438319534,-1.968143843138714,-2.211529226842765,-2.458468621966962,-2.79871325452771,-3.134712390644358,-3.3988411863217625,-3.667110192912303,-3.8937669243391433,-4.122394985336554,-4.288275667505996,-4.473678575176563,-4.622412037308984,-4.7429948965723066,-4.79428062511257,-4.870427362484567,-4.906679268981991,-4.984819300392478,-5.036019646505773,-5.036460996458567,-4.998077533926845,-5.042200311728857,-5.086379608108025,-5.089941727498241,-5.043319516006027,-5.003193932474013,-5.043250748849905,-5.054013614419131,-5.00122836172952,-4.914878527825668,-4.8964396216753565,-4.843070544441746,-4.786477909695032,-4.674163468610018,-4.532105017141505,-4.389148450691553,-4.244504228258635,-4.00900745129581,-3.79795225033803,-3.5552000732329643,-3.3083500628138713,-2.988211935066199,-2.6482625343712156,-2.4031641659929823,-2.1611773654986455,-1.8946983970128748,-1.531513031895362,-1.3366421019359787,-1.1577150586850984,-1.1241558908359628,-1.231690682761775,-1.4834128157963296,-1.7253584459174365,-2.0749448444087157,-2.6122956501568964,-3.2030904404706413,-3.7427845098145487,-4.319354356209752,-4.75795703374118,-5.2001039655313335,-5.511581316198425,-5.698293620242516,-5.829296241629019,-5.843890810087446,-5.798306505355134,-5.658572694633154,-5.472049957199408,-4.957809206670291,-4.241250870067126,-3.3447352936820223,-2.276036484585752,-1.1162232283316247,0
0,-1.0823395808613323,-2.18406994795564,-3.226300246039451,-4.0933126523038315,-4.817745674090052,-5.3426506931523425,-5.588807639147339,-5.77698577251346,-5.864307012828036,-5.901448348025133,-5.816737391409758,-5.674459499818024,-5.391719760766954,-4.976340983619794,-4.5307285801989945,-3.938519175775979,-3.3892437068547734,-2.7912577403637195,-2.2287963721640134,-1.871358305862614,-1.5990081049321652,-1.3001891098004643,-1.1608984763863694,-1.1416198018797776,-1.2699520001278062,-1.4327330532527942,-1.7591790186968774,-2.0058764765049175,-2.2146266682466442,-2.4438866512823516,-2.7672041423370333,-3.084972479532574,-3.32710403634106,-3.588331954103896,-3.788134444430558,-4.0089927210535095,-4.182916264546113,-4.385778666490844,-4.551252353901826,-4.685337990579195,-4.747568317567314,-4.840625171363014,-4.89606363126071,-4.982160211097962,-5.03620259003969,-5.047467750297969,-5.016973925854155,-5.062288789816849,-5.118343398180891,-5.121463983195515,-5.063573985931984,-5.020289211450989,-5.054013614419142,-5.055987488839371,-5.003463199918278,-4.910182025190143,-4.875687422401907,-4.805191190594794,-4.740254975744844,-4.616761774930014,-4.4569202748887085,-4.292960931112677,-4.137585260363299,-3.9046346006837314,-3.7159674134747673,-3.4758657663105916,-3.246347519930485,-2.9401890738653504,-2.615366675253733,-2.3868827059574795,-2.176950604798801,-1.9391133618278544,-1.6200604497227096,-1.4667584461488476,-1.3402837655961677,-1.3449836436613947,-1.4859683432715738,-1.7637680207673723,-2.018500421825164,-2.368916533879863,-2.90483713151426,-3.4891501613616964,-3.999701535675358,-4.539522098822133,-4.933930747900782,-5.336902699399446,-5.601721370417332,-5.747963663371897,-5.849198042192979,-5.83058086277373,-5.75552517448907,-5.588248968864726,-5.375149283197348,-4.842509903336404,-4.116749524292208,-3.23350391630282,-2.1875092126819,-1.0683508823790322,0
0,-1.0556454080933373,-2.134770666243088,-3.171477571566542,-4.03426881218738,-4.7759116633173475,-5.323170984933224,-5.593169870636623,-5.808924809325098,-5.923419867472907,-5.994281695448749,-5.932962772735502,-5.829571649816363,-5.587163986648361,-5.20758230755192,-4.798682372141517,-4.2330208304017,-3.701206400083573,-3.113075984129191,-2.5494320677803914,-2.179199054848211,-1.8881005207260415,-1.5549897124079088,-1.3702421801338502,-1.2992537730002733,-1.3661834030930828,-1.4679126047997608,-1.742471734677729,-1.9402196795888074,-2.1169224255322177,-2.312580818208191,-2.6178066349418483,-2.910951625510632,-3.1342031102194996,-3.3682452877666345,-3.5530712735551773,-3.7722304379653098,-3.9543318444128404,-4.1738789775234055,-4.367392050336909,-4.520232831279092,-4.606774119620524,-4.730902631877589,-4.807667434481374,-4.914949816258602,-4.979680592628037,-4.992884310396701,-4.967754820989404,-5.01999108245801,-5.0749609161789,-5.07860826929004,-5.021454116055295,-4.972905298554736,-5.001228361729554,-5.003463199918268,-4.943488923573127,-4.8335620659648955,-4.7778467801154525,-4.678110885009235,-4.590058691703058,-4.447390255041863,-4.258518376091745,-4.077237729985009,-3.9083707160845953,-3.672660892877099,-3.4948400301557445,-3.275569954384084,-3.060115089141434,-2.7748944705130993,-2.464356076552698,-2.267943770017671,-2.0883037609378006,-1.8970921735772082,-1.6265004588947094,-1.532327968314369,-1.4662939980356413,-1.5242101624678899,-1.7130683442964987,-2.029878258475678,-2.308226599906248,-2.6786718829630543,-3.2222734643745286,-3.8049042628828653,-4.303962381712151,-4.822519995903166,-5.187136536402789,-5.5574399506878,-5.787179456888747,-5.896930237048138,-5.975494233580503,-5.92189522907725,-5.816144999900382,-5.6165137441087705,-5.372491539199531,-4.811843405958384,-4.063671783637982,-3.180696939369792,-2.1385848970210968,-1.0414924687957257,0
0,-1.042708117375541,-2.1156595180206823,-3.143171955355699,-4.013091858195983,-4.758625839653018,-5.327926268304536,-5.617465369450318,-5.855110484962608,-6.002957192436915,-6.09937876629777,-6.069870353311901,-5.999069207299103,-5.79309168805371,-5.446820866021027,-5.07029468781194,-4.536261400379482,-4.020120776188218,-3.4510707264406433,-2.9043233850181878,-2.5342653674743234,-2.2424603865683967,-1.8984999739052342,-1.6865725714839868,-1.5673848542425586,-1.5722658731391603,-1.6015304157235997,-1.8210326156652852,-1.9536721863522954,-2.073633629942796,-2.2344168712089636,-2.505723388391597,-2.768369422385388,-2.967944213903465,-3.176024454637314,-3.340056386407286,-3.550168745954061,-3.7283525961359136,-3.9550559374897385,-4.157438382306714,-4.331255023325594,-4.434358622388845,-4.576632639647289,-4.670262306012063,-4.798380816508712,-4.879712927102046,-4.899746563649582,-4.878326842251369,-4.941661666393931,-5.000521564479282,-5.006507479776498,-4.946908962504012,-4.887962790840769,-4.914878527825648,-4.910182025190134,-4.8335620659649186,-4.704723057666888,-4.631662436840159,-4.515362861726113,-4.411930798889161,-4.24762533194323,-4.050480083806727,-3.860041956268951,-3.688758926897446,-3.4572791957074838,-3.294617603088751,-3.0960702317198985,-2.900600945545631,-2.6431621709746818,-2.3648138681134725,-2.203512680668679,-2.079989014047629,-1.9495089138658495,-1.730715509269964,-1.7044447096396764,-1.6964767595242813,-1.803873308911252,-2.0237066497629805,-2.3586987948746034,-2.646194997471377,-3.026435851348754,-3.5649000542749256,-4.138113978186211,-4.628249622782963,-5.122997663685982,-5.460221963250995,-5.801115232908926,-5.9959301460419905,-6.073835499775607,-6.118228810915899,-6.033534388935918,-5.888108145565097,-5.6563427537181505,-5.383452617478992,-4.791985030763351,-4.033758689769045,-3.1408433891756635,-2.109198665036391,-1.0226771084519672,0
0,-1.0165306684947828,-2.0691327071645373,-3.074345060450799,-3.949880662803087,-4.696379310643248,-5.291019353565277,-5.615382253101604,-5.8862419003124735,-6.081127726464134,-6.210533991413307,-6.219794901493452,-6.185476652954124,-6.015789660927972,-5.703319838242959,-5.362359483018213,-4.870965447175144,-4.384358901988044,-3.8384974203268243,-3.3086798970035582,-2.9443922767566515,-2.652079017124941,-2.2879057354196326,-2.03763518431018,-1.8623126518311963,-1.8042865606319578,-1.7623080412887255,-1.9180092390735504,-1.9899590672297658,-2.047974307538871,-2.168586804111416,-2.408246505382153,-2.651486876589671,-2.829287055683229,-3.029100287777807,-3.1834653142391764,-3.3821694478453126,-3.559522662052848,-3.7925107511239613,-3.9986739318897278,-4.192621194759865,-4.304610258875831,-4.463313828679176,-4.584511152775719,-4.730916831547958,-4.834901588931054,-4.872443175821047,-4.859532164570981,-4.942894017572153,-5.015890619260909,-5.0223160652790995,-4.951507931941784,-4.875221705236663,-4.8964396216753965,-4.875687422401873,-4.777846780115407,-4.631662436840172,-4.531075711668462,-4.396320456470255,-4.283047307193465,-4.097988402075557,-3.895424596251972,-3.6954613174238835,-3.5230546428712555,-3.3001497942802027,-3.143143073873523,-2.949680531179806,-2.7720047249364295,-2.5316716495250398,-2.2814455184025415,-2.1561299242004535,-2.092096679445272,-2.0169481191998804,-1.8580017074653952,-1.8987326324310418,-1.950853104977072,-2.1169443364791047,-2.379128562280272,-2.7406504242124092,-3.039860822130104,-3.426041458381584,-3.960433272812986,-4.519766925886778,-4.989542505214522,-5.4505873954099995,-5.755564873159718,-6.066106308971673,-6.2235441374049065,-6.2646142001262985,-6.266144530892542,-6.142296382055562,-5.943319244097667,-5.667617362018033,-5.351874207129144,-4.726224119336577,-3.9604829055860042,-3.0600438006591744,-2.051746622395563,-0.9902124220395904,0
0,-0.9845304859024055,-1.9971265297631662,-2.9870968229230654,-3.855341363000053,-4.612241805678778,-5.227920991633225,-5.589533229574756,-5.902769315728683,-6.135489495773733,-6.31232421826029,-6.358677630974191,-6.364607710090282,-6.2410748221125045,-5.9712999165445675,-5.674427092206469,-5.227304086639368,-4.779161136938329,-4.271288367869722,-3.7729337993861027,-3.4135243402373496,-3.126019452324095,-2.7513520235460924,-2.4627746478851513,-2.2373361462352874,-2.1071477413074153,-1.9959085097891227,-2.077569940764423,-2.0747234933295986,-2.079900973254677,-2.1485390869268555,-2.3524120716531147,-2.5648046160252185,-2.703901394429222,-2.885062895822042,-3.0334540790057964,-3.221813871659153,-3.399558207373998,-3.624871516630161,-3.827878692937656,-4.03730308235344,-4.148594809475549,-4.314669856079726,-4.455243885271433,-4.619983493464293,-4.754369535090852,-4.810470961010421,-4.803444879723756,-4.906445464367762,-4.985902950919216,-4.993866668842601,-4.920632780812676,-4.827408724240986,-4.843070544441751,-4.805191190594812,-4.678110885009225,-4.515362861726098,-4.396320456470262,-4.252633847401963,-4.137110324823345,-3.9326015106486545,-3.7289922415388723,-3.5345353338182317,-3.359682884488998,-3.143562708929771,-2.9892712025531893,-2.811116676842383,-2.669370502606891,-2.4568602299060536,-2.238511831812654,-2.162996770628198,-2.1500639595175906,-2.1452637870913844,-2.0559940196280757,-2.162554921050237,-2.285825142682295,-2.505951865249165,-2.8116618105484203,-3.1917404914591976,-3.4971864600757203,-3.8913424522418025,-4.405929321747597,-4.939930537607664,-5.3811351183341944,-5.804644778105992,-6.070283954266284,-6.338677527760663,-6.450537736543052,-6.44553841101437,-6.403622310148228,-6.225118331544436,-5.976939248806237,-5.648519001500259,-5.28467007666578,-4.629562510182143,-3.8469562171384113,-2.9530772112504833,-1.9640209392367354,-0.9484923623639617,0
0,-0.9599765846341931,-1.942765265774231,-2.933503157317748,-3.8087668772083787,-4.59460995880309,-5.237089662264626,-5.645806791348126,-5.991332237977047,-6.253219945878316,-6.467822097343537,-6.537487502800115,-6.576672973846543,-6.478592110341443,-6.243091507771325,-5.981566733526276,-5.563053579848925,-5.14990927984447,-4.669817614571241,-4.203974984210522,-3.8556749634179472,-3.5619288877279014,-3.1815532096102395,-2.857223227456978,-2.576609492622797,-2.3751841684878308,-2.209066713966579,-2.2221154068079483,-2.1693718718414257,-2.1223443116938063,-2.1434534955760256,-2.3050859661416854,-2.487792484169206,-2.5994716740759096,-2.75615580341515,-2.8917556650027154,-3.0665329643552153,-3.2361930415619904,-3.452138913479781,-3.660552887680011,-3.8874477584365628,-4.021093339836662,-4.1887823224596925,-4.340341097556385,-4.519472029758587,-4.6779848450751755,-4.743437909143762,-4.744091218553546,-4.862030136000555,-4.950148010574013,-4.9584136128484735,-4.879773523253977,-4.7756005512718485,-4.786477909695025,-4.740254975744831,-4.590058691703066,-4.411930798889175,-4.283047307193428,-4.137110324823321,-3.996606487614875,-3.7711934979985138,-3.5591761520812595,-3.369915010717522,-3.200490100207775,-2.9922372195694775,-2.847427076362626,-2.691479223987724,-2.575508417945576,-2.391785865350353,-2.211801840295983,-2.181578891063978,-2.21928799925505,-2.262114584224984,-2.239006728031971,-2.398423258593937,-2.59273542330147,-2.8700597623492525,-3.2159200005400637,-3.6078120987177513,-3.9281707744682337,-4.320626953993796,-4.813560088278989,-5.329218981987446,-5.7465213345550925,-6.146966849241294,-6.383108856393857,-6.619939452448347,-6.705587447397161,-6.662648415471483,-6.590682902221896,-6.367853461302686,-6.079650653597929,-5.709115655131546,-5.288756527162916,-4.599735402323385,-3.782027158120753,-2.8820244073247805,-1.8950711149238382,-0.91528097487237,0
0,-0.9392250136084357,-1.9071521318653708,-2.9051287883101704,-3.803518393763575,-4.6248560078919985,-5.3069466279650666,-5.764873265158782,-6.14280436868967,-6.436159732199958,-6.684204458918243,-6.7829887549746415,-6.855245485220923,-6.7844961871894744,-6.571711338299584,-6.334998863326661,-5.940513113991591,-5.55216259815795,-5.079644658360161,-4.63019770068324,-4.283704392071635,-3.9748725275904784,-3.561873913623196,-3.1794283886995194,-2.834832803798635,-2.5599459318272233,-2.334551673792643,-2.282592274979249,-2.180964722297455,-2.08189837574262,-2.073737399575741,-2.1856403198510255,-2.329328325904055,-2.404089697325163,-2.5372437118111915,-2.649092843208516,-2.8187691492489035,-2.976128124735613,-3.197866824842698,-3.4090899906213488,-3.6505392276617843,-3.804103726685623,-3.989457961147798,-4.162568612378636,-4.364041110646815,-4.545093779993234,-4.62055436056075,-4.6237715925982155,-4.748287421735399,-4.841797881893339,-4.852046496684576,-4.772039969730548,-4.661547878198485,-4.674163468609991,-4.6167617749300245,-4.447390255041859,-4.247625331943242,-4.0979884020755595,-3.932601510648637,-3.7711934979984942,-3.527403477344955,-3.3095256072059174,-3.1096285749615826,-2.951496569574011,-2.744999866359662,-2.620074125098935,-2.4826729761653654,-2.400427953971871,-2.252515068554513,-2.1175037427713908,-2.114816282799545,-2.202356088791332,-2.289790791902329,-2.330446553600747,-2.545469597627262,-2.815095486529611,-3.1580774894754513,-3.5645118840137275,-3.994508094173124,-4.339715140019419,-4.7413136240018705,-5.227605107638919,-5.7450311547101585,-6.149205664324666,-6.533841746942962,-6.75124470341437,-6.968561530657379,-7.025694416166448,-6.946096334416249,-6.837182758069752,-6.573766131621129,-6.243640105089562,-5.831420067086935,-5.353519411912308,-4.617842244309084,-3.760106816938663,-2.837146446389614,-1.8459938848478492,-0.8865008385460682,0
0,-0.9291969113617135,-1.8890410777156317,-2.903957434220156,-3.8170121816343405,-4.675187792286297,-5.390095887540499,-5.888473520991016,-6.294797220521581,-6.616239785945343,-6.899072759551713,-7.017815538376928,-7.122550498237161,-7.07584821262909,-6.883676850960435,-6.663217613986218,-6.284088097751987,-5.921946538926879,-5.468319681417967,-5.046489997686273,-4.708471365080556,-4.397413713742949,-3.975677330077399,-3.564067658966761,-3.185518387454626,-2.849446209353002,-2.571852826316998,-2.4713761581205267,-2.3293230720001,-2.1837790130109154,-2.131279794417576,-2.1888022154213225,-2.2871249153725506,-2.3219698859508857,-2.420762635682376,-2.5124058048282403,-2.6608640399513908,-2.793728354178376,-2.992159354208919,-3.1905825554232683,-3.4338778446862865,-3.5946206902348763,-3.7804508547445916,-3.958638107341129,-4.168930079383561,-4.3796821427848025,-4.471643264209774,-4.476171298827086,-4.607730566811362,-4.701509922319159,-4.712266753759655,-4.633461748847135,-4.518219395534002,-4.532105017141492,-4.456920274888676,-4.258518376091669,-4.050480083806728,-3.895424596251972,-3.7289922415388626,-3.559176152081264,-3.3095256072059276,-3.1015438892685525,-2.9227249811446283,-2.788083788976844,-2.5988395491232774,-2.4902955323279303,-2.382998419266923,-2.3377912772023897,-2.2326235627579094,-2.146564809726169,-2.1862898243536866,-2.320085975309904,-2.4476926734817512,-2.536995264209148,-2.803145543054025,-3.1355677933642037,-3.5170917431230797,-3.957838014487075,-4.404898483007264,-4.763211472513619,-5.165956353457468,-5.634572635154759,-6.141960055278699,-6.5290043282102666,-6.902399565974302,-7.105990948610923,-7.3012724570154255,-7.3305290137146795,-7.210547147164044,-7.0702820653942995,-6.7619303126046955,-6.393282209848563,-5.944014950989417,-5.416895985268276,-4.643646478322521,-3.7461586492778505,-2.810556159370761,-1.8076941414876904,-0.8653896634214092,0
0,-0.9307741230713978,-1.8926851078084994,-2.9215799912778375,-3.8461491439314837,-4.728401044776367,-5.471794420323576,-6.00107268489825,-6.43660924143996,-6.790478414432315,-7.112649394483779,-7.262785517139533,-7.401925570871878,-7.386228991847013,-7.216646239027826,-7.017336428332821,-6.654105877456316,-6.301163008496595,-5.85481087490143,-5.449835445635144,-5.106550229777401,-4.7898262179081526,-4.360052813605523,-3.925438128027855,-3.516093509670696,-3.1337089949446386,-2.8141140262452184,-2.666800387201916,-2.4726416433328753,-2.2771343187209556,-2.1783996265981833,-2.1867401524159877,-2.244187650094709,-2.243013742014764,-2.322425200116741,-2.389362032384555,-2.518816946478707,-2.64021447023168,-2.8152651001906532,-2.9894932357676844,-3.241084401090546,-3.395757196245299,-3.575051033178409,-3.762230301162874,-3.9805772824454677,-4.209531971244187,-4.323895120011534,-4.3412901666838355,-4.490571990368464,-4.593312975673084,-4.605257284707131,-4.519886203622076,-4.386857980925387,-4.389148450691469,-4.292960931112658,-4.077237729984977,-3.860041956268948,-3.6954613174238706,-3.534535333818221,-3.3699150107175173,-3.109628574961523,-2.9227249811445932,-2.764372663752641,-2.6396177958873372,-2.465661369607853,-2.3786806707073502,-2.2888297023459625,-2.2772199615189144,-2.20947627469609,-2.168893923670582,-2.253463488201212,-2.4362203355767775,-2.6131557594244943,-2.748826884871223,-3.0578146348207675,-3.439082537882298,-3.854432777535531,-4.322904325071443,-4.787109474277208,-5.161305468483487,-5.578579772637834,-6.039293495834727,-6.547148564194444,-6.93016278270357,-7.291961248365207,-7.47662093822175,-7.64717778517027,-7.641455400950064,-7.479328465188922,-7.29697312305101,-6.9399596590683235,-6.530347609502826,-6.044309276108801,-5.478564242038232,-4.67296156513306,-3.74963578560549,-2.8032069447972803,-1.7919052895933076,-0.8564588739870519,0
0,-0.9428996821881444,-1.9181689265993067,-2.955466746502662,-3.899917052285855,-4.796127023423237,-5.561531844040082,-6.119361312695436,-6.577511344091122,-6.9645140444903735,-7.314949289249611,-7.496926108613642,-7.669812320833333,-7.679142936863035,-7.524703135685266,-7.346410705330144,-7.006833548585943,-6.662941836812413,-6.219283015761436,-5.828844885676528,-5.491121680321334,-5.168330001589019,-4.727790763093991,-4.284558837606639,-3.8505151821340977,-3.4327798555902334,-3.0769204913737114,-2.8858883329877965,-2.6586227207816413,-2.419276899950331,-2.274836934934303,-2.2335588639976245,-2.256271611870858,-2.2172645778710454,-2.2769275657507904,-2.31978268382391,-2.425717036492518,-2.5276810376870538,-2.688555992894853,-2.8362460397069054,-3.073709537443865,-3.220834253775925,-3.3989621063015005,-3.5848489174547313,-3.8035437872129716,-4.047664516324098,-4.1728083776875025,-4.191997603159967,-4.349133034894446,-4.455490996677048,-4.467078425689896,-4.381828465316461,-4.24337576450525,-4.244504228258586,-4.137585260363233,-3.9083707160845083,-3.6887589268974494,-3.5230546428712506,-3.359682884489002,-3.2004901002077473,-2.951496569574059,-2.7880837889768655,-2.6396177958873297,-2.5321750792352695,-2.3803464463988235,-2.317312618003923,-2.246119588740012,-2.2698853697253827,-2.2366399378680972,-2.2441210405120606,-2.373344357755908,-2.601917199655677,-2.8125637876717566,-2.9941623136200843,-3.3414594217386413,-3.759969266862598,-4.201906141538284,-4.681950592009171,-5.16069421046505,-5.547141165702834,-5.9651098166907905,-6.418124472471999,-6.926167268441812,-7.303460249501421,-7.646415158509493,-7.810937368503895,-7.964709481163725,-7.928601727224402,-7.728315270467732,-7.505186183585093,-7.112676996711071,-6.665266931674103,-6.15059476922676,-5.552782608200629,-4.72309785732323,-3.7852864889396654,-2.819897752938718,-1.803860355035555,-0.8621244037324155,0
0,-0.9604441074932016,-1.9401983698559035,-2.990507739535949,-3.948469907913139,-4.855472171531704,-5.628263461034757,-6.199110466721209,-6.677111654836126,-7.086329941527004,-7.468076441189651,-7.6871272092335365,-7.906039551527481,-7.9619022967920765,-7.838981241155083,-7.68686651083969,-7.377937556773901,-7.052830996390354,-6.618310029992227,-6.242996559916589,-5.895442065210822,-5.558563248952932,-5.1114752143210245,-4.657550994411993,-4.19880441425686,-3.738126593818046,-3.347797137888302,-3.1231592169880393,-2.847070320441871,-2.5654466904738777,-2.381000904764652,-2.2852051955473645,-2.2563057069180164,-2.174572861462358,-2.2047962929093394,-2.2199891594035375,-2.2967507038515804,-2.372525155077092,-2.5126595443550372,-2.6387678819636493,-2.8702672729842345,-3.0071409420832294,-3.1748254625917633,-3.3481039908107664,-3.5603534828343877,-3.8053570323418935,-3.9281093715678135,-3.941528910422717,-4.097930810180936,-4.197630129672895,-4.2121686934815274,-4.137093502226745,-3.9999529592923473,-4.009007451295793,-3.904634600683697,-3.672660892877062,-3.4572791957074847,-3.300149794280202,-3.1435627089297333,-2.9922372195695024,-2.7449998663596897,-2.598839549123333,-2.4656613696078926,-2.3803464463988555,-2.25604211954962,-2.2191431321924484,-2.1784811670917,-2.2475715312834668,-2.265682997244598,-2.328255441011082,-2.5010667008308087,-2.7748161805689753,-3.0350843433592543,-3.2536821075254245,-3.6380461527976697,-4.099637960713045,-4.567988588250663,-5.06104550608628,-5.549676146081747,-5.9532881279005005,-6.384379169732337,-6.826348916247207,-7.329059453966675,-7.690850924166709,-8.007467253221268,-8.147274992950434,-8.26814223255178,-8.183496319541987,-7.930837413120361,-7.6622790272435335,-7.230614294776115,-6.7541360882493775,-6.213821623306076,-5.598153454769696,-4.7603745346864725,-3.8120816822844454,-2.8354079532467713,-1.8121543097102786,-0.8729281725311941,0
0,-0.971945204580663,-1.9528154423291604,-3.0136158617995035,-3.9916110228965023,-4.914594087911674,-5.693349019883216,-6.281679462450616,-6.770291476583902,-7.198358781143575,-7.607027779023801,-7.854466468520157,-8.109237602439539,-8.196053170486202,-8.096688843428213,-7.964977072285546,-7.67893555468544,-7.372032242516817,-6.956321362051187,-6.6002042012281255,-6.253294315471057,-5.9053586178569075,-5.44672823164614,-4.978305160058661,-4.5000390815586195,-4.011925706740682,-3.61497829609673,-3.3709007009401386,-3.0710497218926127,-2.756207296678379,-2.535704784972174,-2.397122319564591,-2.334603132781737,-2.2219992904241552,-2.2201243898264726,-2.209445083749121,-2.258676896618685,-2.3070530405176237,-2.421467635767616,-2.5276729452265254,-2.7347779311509286,-2.8595781542209004,-3.0188128288758196,-3.180699670681783,-3.3755228264335284,-3.6097202358214093,-3.7103557662335005,-3.7105234375672844,-3.8666179508712233,-3.963033943837688,-3.9783984779862047,-3.9089186470843544,-3.7737061977940507,-3.7979522503380143,-3.715967413474734,-3.494840030155689,-3.2946176030887364,-3.143143073873482,-2.989271202553175,-2.847427076362666,-2.6200741250989767,-2.4902955323279774,-2.3786806707074106,-2.3173126180039705,-2.219143132192475,-2.209941173809254,-2.20406705649619,-2.3063759184005006,-2.359392221400665,-2.465391072519516,-2.6778938010221855,-2.9884806331108957,-3.2755767705651713,-3.5199759636711723,-3.9165565015723507,-4.408460534378237,-4.898540631643622,-5.405969765634447,-5.905382962064649,-6.320546943619473,-6.749889732585248,-7.173118882605302,-7.65666737273269,-8.000771759844072,-8.293853107486497,-8.413968233878737,-8.509820450979257,-8.38988240839067,-8.094266487434409,-7.789231913305066,-7.325518609384953,-6.825596741090714,-6.271732092499333,-5.638671732481328,-4.7982163719256885,-3.8364718394237167,-2.8444875693013203,-1.8153109009944288,-0.880612946657714,0
0,-0.9791630276405194,-1.9578298271348122,-3.029241381938033,-4.021831302492238,-4.956515299531823,-5.741772905553687,-6.344439273289957,-6.841476684288114,-7.284288291649032,-7.719752426964701,-7.999043403147311,-8.28974184511888,-8.406990663948688,-8.327101896271362,-8.215452858802408,-7.958368373508332,-7.667508225367484,-7.260142194385121,-6.92336183143898,-6.571709960533703,-6.210374490215587,-5.743416211679376,-5.255135884973162,-4.766080756168768,-4.263946971105013,-3.85720544401264,-3.596166798510986,-3.2790546052290592,-2.9342081595108733,-2.6844907252099546,-2.5023015106420194,-2.3964192148401176,-2.2557675803432793,-2.234572738492249,-2.192100189934247,-2.211397375658588,-2.2382692960179877,-2.329685478778758,-2.4037071451395193,-2.5895093658403643,-2.6903199012184014,-2.82929194563559,-2.9815612894821144,-3.1547674937507977,-3.369058130332173,-3.4659750856531715,-3.4568928948654323,-3.6007725960598376,-3.6975764836005562,-3.713652601389939,-3.6447744000875035,-3.5205973365202694,-3.555200073232943,-3.475865766310574,-3.2755699543840855,-3.0960702317198874,-2.9496805311798036,-2.8111166768423743,-2.6914792239877117,-2.4826729761653543,-2.3829984192669125,-2.2888297023460296,-2.2461195887400303,-2.1784811670916917,-2.204067056496213,-2.2213775353513867,-2.3533880021752243,-2.448130262428476,-2.5986031782950665,-2.842918184422771,-3.185610348071777,-3.4929299624836103,-3.7599795033560937,-4.169554023622608,-4.680227493402572,-5.185077977360936,-5.712437934850171,-6.222104186676437,-6.651804136827875,-7.085447364326096,-7.488795316038416,-7.962175429552436,-8.288387866504328,-8.551223123075461,-8.651826769941342,-8.725034185169777,-8.56906817485854,-8.227854911922513,-7.881911080238505,-7.384411205528562,-6.863186391661449,-6.298704902376267,-5.652102586028043,-4.809938812444468,-3.840025740055021,-2.8394850431648893,-1.8063427664176426,-0.8810631749714102,0
0,-0.9907417081734871,-1.9778585630916325,-3.062040067416791,-4.067764023967494,-5.011553281107168,-5.80201095658324,-6.421635012882917,-6.916284819693493,-7.372130873591462,-7.819913484025924,-8.107102831728392,-8.416894200707471,-8.551511187276164,-8.47817455441661,-8.371192360543182,-8.142480041610003,-7.876506533751738,-7.489098541729499,-7.179116344428585,-6.83652105394472,-6.47733218389161,-6.032763969722304,-5.553679745396909,-5.067669461510884,-4.562887074667135,-4.171562223480921,-3.903553075367118,-3.585930245110437,-3.2148015642552616,-2.938207849899069,-2.71478356674722,-2.5715723402587702,-2.400221334224733,-2.3525555050051636,-2.280860749993159,-2.257378066836338,-2.249200017868454,-2.3043278064678616,-2.341749373323769,-2.4908032912663116,-2.5649392551269115,-2.6656769871591086,-2.7971535462547803,-2.947231974092462,-3.1473049270527946,-3.224961323670089,-3.2041739922829953,-3.342944796877457,-3.4398802284803005,-3.453875424867899,-3.3832502126678823,-3.2622870932923655,-3.3083500628138434,-3.246347519930464,-3.060115089141427,-2.900600945545666,-2.7720047249364503,-2.669370502606899,-2.5755084179455867,-2.4004279539718465,-2.3377912772024074,-2.2772199615189104,-2.2698853697253663,-2.2475715312834654,-2.306375918400534,-2.3533880021752336,-2.5183904559309345,-2.6515411106049944,-2.8422009935523396,-3.1137985737873284,-3.4854321039988836,-3.7970540650311575,-4.077479135733186,-4.476090689904042,-4.992857226484485,-5.497141218826895,-6.016550080471337,-6.506271982728241,-6.935066745760649,-7.356703163790437,-7.733065954217022,-8.182522745508765,-8.48233930520716,-8.713206663509265,-8.80653227795944,-8.868317536615217,-8.688000736222333,-8.318172581185774,-7.952716946974226,-7.43505360395393,-6.89566180721684,-6.332594743646766,-5.671557727477079,-4.829963463662491,-3.854904096453244,-2.849206449637903,-1.809389177690965,-0.8843939633733221,0
0,-1.0045868496464978,-1.9982499336056896,-3.097991142015927,-4.104394305055796,-5.051909390590862,-5.846230397767932,-6.476011674515283,-6.968519573294018,-7.434535933670488,-7.903515557403765,-8.196608686331901,-8.519298170409003,-8.679249041781851,-8.623491611541924,-8.524650923840197,-8.327423244948715,-8.08369316499682,-7.709211438542246,-7.425345849897501,-7.096557459824421,-6.746392224181715,-6.318870786188048,-5.842945092382305,-5.368653553685011,-4.863833155610148,-4.475070745911434,-4.1890615919770395,-3.8518744634729782,-3.4627332525950796,-3.1543286486800004,-2.8917960259114124,-2.70876339960968,-2.5027542137272145,-2.4162399960592036,-2.312446778508889,-2.2417433094612047,-2.2001659586480713,-2.2168774376447904,-2.2144869010687835,-2.329539953605795,-2.375744329696827,-2.4460995508093846,-2.556693568186055,-2.678294175012226,-2.8557390898995534,-2.9159601692238692,-2.8907180131225005,-3.028325541361458,-3.1137509033469373,-3.12714611244394,-3.0657553797825834,-2.9420496913611167,-2.988211935066168,-2.9401890738652976,-2.7748944705130567,-2.6431621709746946,-2.5316716495250726,-2.4568602299060798,-2.3917858653503417,-2.252515068554533,-2.2326235627579187,-2.2094762746960774,-2.2366399378680732,-2.2656829972446264,-2.3593922214006526,-2.4481302624284416,-2.6515411106049704,-2.8243874953979944,-3.0525929938095606,-3.3573491261330863,-3.74943107164733,-4.080776138088965,-4.380218559805565,-4.777820593974017,-5.296237465144701,-5.79127966565864,-6.3055176361661225,-6.778506313267318,-7.198848987924966,-7.607507306004719,-7.958052713770597,-8.392300507716616,-8.669454775212301,-8.86739415041527,-8.95207740003518,-8.992069691945554,-8.784698507153703,-8.393164971290059,-8.01334474717136,-7.4688566917046595,-6.915493424980504,-6.354828302271959,-5.683803135388779,-4.843248675932489,-3.8673240901591948,-2.8674827961698215,-1.8168817971349813,-0.8913651202617591,0
0,-1.0069614734572303,-2.0030072805870485,-3.098555800620243,-4.102645237136055,-5.035144297952895,-5.825515871558222,-6.460514902013067,-6.940345023590931,-7.4136560154442215,-7.899437072133625,-8.209311985180234,-8.541981268581557,-8.72385364059928,-8.693137403089692,-8.6138543266701,-8.45506154757508,-8.24152623926693,-7.898535597263765,-7.650783845595775,-7.353304301277618,-7.032825045500483,-6.6356353889792965,-6.185153820295336,-5.7283161578992114,-5.221933066654419,-4.832232171834121,-4.5385388638222945,-4.196723138926178,-3.7800469292399628,-3.428705143422811,-3.123178907308144,-2.9031709786414455,-2.6584962025993164,-2.5305904029563924,-2.3869387064083907,-2.2659809473996786,-2.1797207774293024,-2.152407912156692,-2.1051890118844936,-2.1781222653160714,-2.1878624167740233,-2.2237357943560156,-2.303171778621425,-2.3907487724168046,-2.5504425890547884,-2.5911474329076554,-2.541499970110725,-2.665743091376889,-2.748520374215699,-2.758798473618453,-2.69561882180395,-2.581163813127424,-2.6482625343712463,-2.6153666752537243,-2.464356076552679,-2.3648138681134943,-2.2814455184025455,-2.238511831812673,-2.2118018402960526,-2.1175037427714396,-2.1465648097261822,-2.1688939236706064,-2.2441210405120118,-2.3282554410110494,-2.465391072519473,-2.5986031782950754,-2.8422009935523787,-3.052592993809558,-3.324723712478867,-3.673368180287245,-4.094651959239057,-4.43237947485691,-4.743637229551507,-5.142527544565395,-5.661343546534953,-6.14011141361737,-6.6258972721792775,-7.066092911835147,-7.456190358340568,-7.833459698870781,-8.147802455847659,-8.54809815029766,-8.795403935678442,-8.954443624504371,-9.018135828361308,-9.029443031613793,-8.796511746425333,-8.389060986260608,-7.986471554611346,-7.421549441477547,-6.859147989073747,-6.310713140738885,-5.635800292824349,-4.802956961145557,-3.8455824295087777,-2.855134114186924,-1.8124556289764617,-0.8893131374964696,0
0,-0.9947185235685065,-1.9734477642778312,-3.0467930882991703,-4.034590684373053,-4.9359698120185405,-5.703651533972787,-6.329080223326874,-6.793028384813381,-7.264059398880022,-7.757074181108197,-8.094333911154678,-8.451392598978499,-8.663446469386644,-8.67038655646835,-8.626592049676972,-8.513448685463555,-8.340052190148135,-8.038758350682375,-7.82838752090245,-7.5509749932642904,-7.259705735458089,-6.906973181723543,-6.49122768110542,-6.062274825179125,-5.580955815779569,-5.210117412744383,-4.91452887380432,-4.572083218262035,-4.144656591702341,-3.7723670590456466,-3.4244271976139458,-3.1720797154670275,-2.9022978924066303,-2.745707552157603,-2.5658426813610156,-2.4081805108539798,-2.2827911069761813,-2.212334280598098,-2.126394783174932,-2.1739359189744825,-2.140990639422746,-2.1253950845618528,-2.1675396905510316,-2.2202093784559294,-2.34700433911672,-2.3672076755509788,-2.304803760491286,-2.411652159138313,-2.4781061297365117,-2.484937848628208,-2.4325620281199525,-2.328166523222425,-2.4031641659930365,-2.386882705957494,-2.2679437700176783,-2.203512680668672,-2.156129924200464,-2.1629967706282316,-2.1815788910640235,-2.1148162827995964,-2.1862898243537394,-2.253463488201256,-2.37334435775589,-2.5010667008307825,-2.6778938010222046,-2.842918184422782,-3.113798573787322,-3.3573491261330877,-3.673368180287248,-4.0430162812414645,-4.476826621746531,-4.815887504578842,-5.130753654451311,-5.511652282606883,-6.006308329486231,-6.458566262894073,-6.906348268199447,-7.299332377324441,-7.65831204624596,-8.011648629669804,-8.286552765290043,-8.642148375425446,-8.848783743461423,-8.962184893391727,-8.988001276195806,-8.957646757540974,-8.689725754732647,-8.253049322489563,-7.817546988821577,-7.239672226114777,-6.676914099398183,-6.1437161121288115,-5.479569461630963,-4.6735653632944265,-3.752453429606764,-2.7869086368102054,-1.7722630441989102,-0.8723346742381869,0
0,-0.973581550994703,-1.9192870003216946,-2.957095167154174,-3.9117550835383237,-4.776459893879513,-5.503187420929239,-6.104350288495094,-6.55067718300073,-7.0145711989571335,-7.508688076214381,-7.867712690623121,-8.253093966999629,-8.501948263987448,-8.549916885721736,-8.552878659419006,-8.491273434771596,-8.35577677410028,-8.107653866457124,-7.947476832588775,-7.700275134191976,-7.44755355821833,-7.147537847282584,-6.7852985873082705,-6.411839696883972,-5.961542690570338,-5.630518497343129,-5.349278504300144,-5.010503858835947,-4.5748364560915595,-4.190479666401595,-3.8150808222217814,-3.5454378546285317,-3.248642409905975,-3.059424318393665,-2.8468774420357965,-2.6500006419470123,-2.481064688413014,-2.3650683117253575,-2.2388820535415257,-2.237739948357739,-2.158191388991816,-2.0902833826962217,-2.0721551106577665,-2.070679878035445,-2.1666906433338613,-2.1481868254684167,-2.0604736184445382,-2.154687082946667,-2.2077273507128043,-2.210545101308229,-2.1659224020722267,-2.066856645939745,-2.1611773654986957,-2.1769506047987894,-2.088303760937845,-2.0799890140476847,-2.0920966794453366,-2.150063959517593,-2.2192879992550902,-2.202356088791346,-2.3200859753099303,-2.4362203355767904,-2.601917199655678,-2.774816180568975,-2.9884806331109184,-3.185610348071772,-3.4854321039988467,-3.7494310716472894,-4.094651959239067,-4.476826621746538,-4.920962117647037,-5.258144204317266,-5.561540780801761,-5.905083596717814,-6.372214389621384,-6.77294956921804,-7.166509888896548,-7.5036317866321225,-7.822587762320496,-8.141894152921264,-8.364767460397333,-8.662625237090792,-8.82673943799189,-8.885615348778902,-8.861668245238935,-8.783127266010696,-8.472224560838374,-7.999544996827841,-7.532466345679388,-6.944878005039932,-6.384028812279624,-5.867836199704924,-5.228659054915261,-4.470268999680088,-3.593726559182194,-2.6714446077166385,-1.7012411378729857,-0.8439384402936025,0
0,-0.9562998481498081,-1.8689540354201506,-2.877021664136502,-3.790468696246812,-4.626429328526247,-5.312225964003258,-5.888965573231262,-6.318365773319981,-6.776795172494068,-7.2753630322530025,-7.646558992122134,-8.058053687635896,-8.33435319964327,-8.42547674443436,-8.46861607959099,-8.449287246069565,-8.346536839303615,-8.128770966562639,-7.997679060331364,-7.768152142620829,-7.536283426153084,-7.286376656192134,-6.964540170667128,-6.635380734713584,-6.21377590200626,-5.920395107554392,-5.663910668825476,-5.34445350512275,-4.910823912327992,-4.525455135847002,-4.144635435930889,-3.855676652698064,-3.556932063206452,-3.349027377581873,-3.1105477333794895,-2.8680385634738963,-2.6681837906671184,-2.5033179057342454,-2.342987053672976,-2.3040949755831703,-2.181228966182947,-2.04265365925861,-1.9686815517780936,-1.9072111189147214,-1.9530836415592259,-1.9015692327860247,-1.7901666913709222,-1.854456822239985,-1.8962278051447223,-1.89663232853151,-1.857218222368606,-1.7822052319772992,-1.8946983970128954,-1.939113361827853,-1.897092173577245,-1.9495089138658794,-2.0169481191999052,-2.14526378709142,-2.2621145842250443,-2.2897907919023517,-2.4476926734817632,-2.6131557594245387,-2.812563787671762,-3.035084343359296,-3.27557677056519,-3.492929962483653,-3.7970540650311304,-4.080776138088944,-4.432379474856927,-4.815887504578826,-5.258144204317242,-5.576729124636345,-5.855418741710415,-6.164422690731841,-6.605879079114254,-6.9651491374889085,-7.316978519087482,-7.60365136465279,-7.899994906862474,-8.198216899245066,-8.390087425049506,-8.650762212155826,-8.777500727641396,-8.789972912238015,-8.725047823007138,-8.597686464356814,-8.256239663744111,-7.750045025909582,-7.262671673339263,-6.663279853527873,-6.104236570633862,-5.605288971808943,-4.9916775830026685,-4.284823856564032,-3.44457351790169,-2.5719868677014626,-1.6382525470488754,-0.8227394777434337,0
0,-0.9444310838950251,-1.8464204966457607,-2.8198311820568396,-3.706864551039491,-4.500601164848756,-5.148265643307119,-5.700873536841695,-6.106264438378589,-6.558270628123918,-7.050623199246802,-7.4354543968180815,-7.857315822161708,-8.154504850469543,-8.2800961794144,-8.355537365253873,-8.376293008124437,-8.305693177852401,-8.126846528445341,-8.014588189521367,-7.802947213315826,-7.603416888711174,-7.4004289525154565,-7.121057404898745,-6.823897432391412,-6.437092041996329,-6.1832677142057415,-5.945378552117259,-5.649306024205018,-5.228560222227451,-4.840909990488726,-4.4495059673781165,-4.141894081426432,-3.8290545188987357,-3.597312734506466,-3.3339087030972423,-3.0582067864994498,-2.8158058894525158,-2.6068225801566367,-2.402253694326168,-2.3031124966385788,-2.117394096918647,-1.909138050561901,-1.7742614057772634,-1.6611724102470866,-1.6568813351889817,-1.5554460794463323,-1.4039863497295126,-1.4323170451481533,-1.45434623110352,-1.4527296591219083,-1.4297707879282755,-1.3856547660982388,-1.5315130318953463,-1.6200604497227074,-1.6265004588947223,-1.7307155092700006,-1.8580017074654407,-2.0559940196280726,-2.2390067280320243,-2.3304465536007974,-2.5369952642091467,-2.748826884871254,-2.9941623136201128,-3.2536821075254405,-3.5199759636711665,-3.759979503356097,-4.077479135733185,-4.380218559805565,-4.743637229551488,-5.130753654451329,-5.5615407808017405,-5.855418741710418,-6.116322471818599,-6.38760702062685,-6.797145771117526,-7.125228470638729,-7.433396673291979,-7.675278142850578,-7.937954288108572,-8.216977146024844,-8.388810578573942,-8.607232202647378,-8.69928117650653,-8.668699139811764,-8.570865970334935,-8.404558794375568,-8.03872637910788,-7.5164047816085,-7.007542542266464,-6.408017464505967,-5.851913850664054,-5.374718721065441,-4.787024052995919,-4.1269935846442785,-3.336352580062877,-2.4969004770932686,-1.603984270617397,-0.8082419652513156,0
0,-0.9325204849623773,-1.8151871867831102,-2.757766894751008,-3.6126625858777324,-4.361551560256619,-4.963776880552822,-5.488929855597841,-5.876219881430016,-6.310246209011392,-6.787376602432436,-7.180609685678688,-7.605597603103874,-7.913825101675287,-8.073314241551795,-8.179290668789816,-8.24111668639035,-8.205433415303467,-8.062646595792735,-7.980450700145232,-7.789413465986271,-7.617067165872449,-7.465462722973232,-7.232378884589422,-6.984654113986489,-6.656915426624649,-6.454037117439594,-6.252520726048718,-5.990616849814259,-5.607228561048475,-5.237184773576737,-4.846042219096345,-4.539575172765352,-4.239134722229853,-3.995507985627339,-3.720439151947893,-3.4116458240460164,-3.132659167316199,-2.8828421576016807,-2.6334320531922724,-2.4830979622261475,-2.2466755559988654,-1.972237207034094,-1.7680573764629088,-1.5883254511721183,-1.5228256107112403,-1.3749932557171185,-1.1909307216782694,-1.1885950987777467,-1.1909013662059837,-1.1873204365684136,-1.1797752565911683,-1.163270085989944,-1.3366421019359627,-1.4667584461488288,-1.5323279683144273,-1.7044447096397435,-1.8987326324310911,-2.1625549210502726,-2.3984232585940104,-2.545469597627341,-2.8031455430540997,-3.0578146348207915,-3.3414594217386804,-3.638046152797661,-3.9165565015723938,-4.169554023622607,-4.47609068990408,-4.777820593974052,-5.142527544565458,-5.511652282606914,-5.905083596717823,-6.164422690731864,-6.387607020626875,-6.608211719970479,-6.9600653275332665,-7.241535591374993,-7.502273284783162,-7.69281846598471,-7.924561842266065,-8.179483546816563,-8.320577768906075,-8.499244301292899,-8.55380128211752,-8.48102986249018,-8.35157287793983,-8.147796743033698,-7.768988610863926,-7.239548891416361,-6.719086373497963,-6.130911349663588,-5.592977864053795,-5.134598240088428,-4.575213219886319,-3.9678604790267977,-3.2282850679144492,-2.426695696830646,-1.5685345945897369,-0.797081536713659,0
0,-0.8925913967529713,-1.7251366690163987,-2.6042157619704,-3.40681098501926,-4.096795121609343,-4.64299319124416,-5.136401765390644,-5.508643013678886,-5.928943751737696,-6.395579060418129,-6.811119957116446,-7.254056047250422,-7.5929908212836,-7.802504893144193,-7.961380332502999,-8.086787097200757,-8.105989838295086,-8.020676009822305,-7.990128838635743,-7.850694306945174,-7.730639082839445,-7.648847545970424,-7.481012715490461,-7.282695250541203,-7.009156035746606,-6.866380288703953,-6.697386542857054,-6.463410115840561,-6.10918512873495,-5.764234142880965,-5.374920135800077,-5.065175227666889,-4.7581284724689885,-4.495421087442741,-4.188762286916516,-3.8400251224605797,-3.5265019054034714,-3.2285216527406653,-2.920965343049376,-2.700240083786617,-2.395951088553664,-2.049437189303353,-1.7851325781072729,-1.5459737583940323,-1.416931764498479,-1.2129575677166489,-0.989020383409957,-0.9490518427943038,-0.9372366327642438,-0.9314491649489821,-0.9342848089523855,-0.9495318012638125,-1.1577150586851312,-1.3402837655961775,-1.4662939980357033,-1.6964767595243213,-1.9508531049771567,-2.285825142682353,-2.592735423301524,-2.8150954865296858,-3.1355677933642694,-3.4390825378823418,-3.759969266862675,-4.099637960713107,-4.408460534378267,-4.680227493402576,-4.992857226484496,-5.296237465144759,-5.661343546534987,-6.006308329486247,-6.372214389621393,-6.605879079114286,-6.797145771117497,-6.960065327533283,-7.261213669902127,-7.496442850828494,-7.693950845723878,-7.81584374711214,-7.995957011113248,-8.19674147400702,-8.285489098001829,-8.402815165006137,-8.400218958254957,-8.263013377645422,-8.076851566915982,-7.818030698139014,-7.403966213583872,-6.852695383655937,-6.305708285791596,-5.724862406512398,-5.202336280509966,-4.760149958188205,-4.231953638105104,-3.6848792271691195,-3.010915270589263,-2.267209060099845,-1.4753695860283613,-0.7576225770370143,0
0,-0.8309159619463767,-1.5957013306110006,-2.3959436223064774,-3.1311270126648467,-3.7625230234593143,-4.260425399209773,-4.724556741474406,-5.082318362809054,-5.485229289029597,-5.947971653739966,-6.3895800190978465,-6.858835262209911,-7.241321112604834,-7.508824410595731,-7.728510742531858,-7.916771181699329,-7.986853802716155,-7.953409761668313,-7.962740235580201,-7.869449346475635,-7.790475972907965,-7.762863367243584,-7.662049458103524,-7.515902502622487,-7.2938584145271665,-7.199544845944605,-7.060315005554017,-6.870882597258726,-6.569138770934133,-6.249093812245823,-5.876275455013359,-5.573701256971082,-5.266811142740152,-4.988266545198012,-4.6592444130384045,-4.287027401941152,-3.9481260885198206,-3.6172172488308507,-3.274283885491817,-2.9933647510064825,-2.636822689332403,-2.2375071571281584,-1.9155356805008674,-1.6281151523714519,-1.4448912070792197,-1.1998581222452838,-0.9503039231235195,-0.8708298016233185,-0.8382734923450978,-0.8276825993250854,-0.8454543012716946,-0.8963887024158848,-1.1241558908360463,-1.3449836436614473,-1.5242101624679956,-1.8038733089113381,-2.116944336479185,-2.505951865249241,-2.8700597623493644,-3.158077489475537,-3.5170917431231628,-3.8544327775355867,-4.201906141538346,-4.567988588250716,-4.898540631643728,-5.185077977361012,-5.497141218826963,-5.791279665658688,-6.140111413617416,-6.458566262894084,-6.772949569218077,-6.965149137488902,-7.125228470638713,-7.24153559137501,-7.496442850828489,-7.6833131240221455,-7.815941109956641,-7.884756028768725,-8.022493730956509,-8.17286400656161,-8.216281013407317,-8.277359239773872,-8.220655890086379,-8.018851744566808,-7.770002002249426,-7.4497118476999695,-6.9919368963950115,-6.413901224902894,-5.841058151787376,-5.265216223130039,-4.764472300577198,-4.3406169059394895,-3.842722948205193,-3.348893567348291,-2.739612326336299,-2.0655581611599327,-1.3519423314802996,-0.7011279081321098,0
0,-0.7757445203866864,-1.4877179822825575,-2.2247698894341235,-2.8937206654149943,-3.4667903002692895,-3.918444560585243,-4.345143978293649,-4.675036031782956,-5.045221113096334,-5.490756342742774,-5.941613804883509,-6.420419658881679,-6.832024320903566,-7.145793336878581,-7.406851402477114,-7.638859403993074,-7.7442981047082196,-7.757741055369493,-7.817344796118149,-7.784464194187453,-7.758910071136416,-7.804053563429118,-7.783741585360589,-7.70492573044533,-7.549796482558746,-7.505487140325044,-7.409766571666632,-7.26510372605817,-7.017304727601362,-6.737782020680134,-6.398322085460518,-6.0997588255274335,-5.800829854219591,-5.499733719441166,-5.1531238587362855,-4.770610855909293,-4.41976803515151,-4.062770229348384,-3.6902129031331694,-3.3540958347224015,-2.9627024919408833,-2.5241070712720237,-2.160737201174481,-1.8453111094648569,-1.6121438568368256,-1.3307560004655572,-1.0593838358296983,-0.9401667686171589,-0.8980893051942813,-0.8847409194813454,-0.9037111956706744,-0.9882375210205601,-1.2316906827618148,-1.4859683432716182,-1.713068344296504,-2.023706649763044,-2.3791285622803615,-2.811661810548527,-3.2159200005401303,-3.564511884013767,-3.957838014487116,-4.322904325071485,-4.681950592009203,-5.061045506086362,-5.405969765634541,-5.712437934850262,-6.016550080471409,-6.305517636166144,-6.625897272179248,-6.906348268199438,-7.166509888896556,-7.316978519087483,-7.433396673291991,-7.502273284783156,-7.693950845723894,-7.815941109956661,-7.869108285703665,-7.866746828117263,-7.947018585520667,-8.030857641866959,-8.018323841884907,-8.026857726003877,-7.928548470270149,-7.678921870275572,-7.386619563584754,-7.016995923041919,-6.531515829039426,-5.944789574891473,-5.365802323025188,-4.808254267397722,-4.343521640286118,-3.950863077876368,-3.4920716741977227,-3.0502364639153785,-2.503955852961583,-1.8975704448548447,-1.2480211760390172,-0.6509044446578001,0
0,-0.7241636616915764,-1.39921502327935,-2.0757615062346146,-2.6978272542076684,-3.212089279613396,-3.6213618286665126,-4.010919120203763,-4.311947353471817,-4.662668148397799,-5.082517004326248,-5.53112019570755,-6.002687884500476,-6.433330602634101,-6.78405894614324,-7.075170416482948,-7.344161622729613,-7.478911652839619,-7.535945852833901,-7.634125978215888,-7.659372840438102,-7.6848932532620875,-7.791980490627851,-7.843126715302541,-7.818253740585103,-7.733197925553958,-7.741174749617889,-7.690227255438791,-7.598734232710193,-7.407047876691198,-7.175660084815785,-6.873320788644422,-6.592711626309041,-6.315063237591535,-6.002302401335589,-5.643238479980506,-5.2546681146923335,-4.888609316498592,-4.515263055463145,-4.13094589774499,-3.7628374896072465,-3.3648809325037163,-2.9101182737074494,-2.5192717789365946,-2.1870211404977336,-1.913351283503388,-1.6038098681000497,-1.3250782481092187,-1.1735129253123802,-1.1173831798840674,-1.0997435168649778,-1.123943437091124,-1.2361381801385154,-1.4834128157963704,-1.7637680207674054,-2.0298782584757147,-2.3586987948746843,-2.74065042421248,-3.191740491459211,-3.6078120987178077,-3.994508094173121,-4.404898483007252,-4.787109474277248,-5.160694210465074,-5.5496761460817945,-5.905382962064713,-6.222104186676497,-6.5062719827283075,-6.778506313267366,-7.066092911835147,-7.299332377324485,-7.50363178663211,-7.60365136465278,-7.675278142850556,-7.692818465984714,-7.815843747112166,-7.884756028768739,-7.866746828117255,-7.801961360520975,-7.82618979602156,-7.84515118897321,-7.788677485331221,-7.746296031095661,-7.612629788342796,-7.324222103897675,-7.000594687070561,-6.593490890069562,-6.089930084903306,-5.514713593041381,-4.942349843807618,-4.412200319251214,-3.9719107718396454,-3.610682845102272,-3.1925212458080625,-2.797492896949784,-2.314016558496359,-1.7557816065260952,-1.1664808191958862,-0.6062857181045715,0
0,-0.6789512042849818,-1.3092919931232163,-1.9216762981723454,-2.4944552458806726,-2.953380208437483,-3.3218984587400007,-3.672782216078637,-3.961756972587232,-4.307210830453815,-4.716670939438558,-5.168731236070352,-5.634850397985819,-6.0967666601829045,-6.491803973555373,-6.820803683733035,-7.139193950377712,-7.313834960783974,-7.4248980621058704,-7.558963937440735,-7.627365462511567,-7.704017916022765,-7.86759251753409,-7.976197727068034,-7.995221688602955,-7.962250189346472,-8.001478923915718,-7.9843794962451335,-7.919023890212533,-7.768874670852982,-7.5712627965511645,-7.304634307743953,-7.0325456238709005,-6.75714622376478,-6.429538166763884,-6.059565571955878,-5.660128175320925,-5.28152734105732,-4.892437651593518,-4.495793005333039,-4.104137801449026,-3.6927489453258437,-3.2319795145319374,-2.8275072145365137,-2.4882001951573294,-2.188908497691274,-1.8651287264147605,-1.5766537555402553,-1.396151148344423,-1.328983116251115,-1.3082751304642104,-1.3358825577043292,-1.4725486666761065,-1.7253584459175115,-2.0185004218252356,-2.308226599906321,-2.646194997471462,-3.039860822130126,-3.4971864600757474,-3.9281707744682737,-4.339715140019429,-4.763211472513648,-5.161305468483514,-5.547141165702893,-5.953288127900527,-6.320546943619499,-6.651804136827922,-6.935066745760704,-7.198848987924989,-7.456190358340587,-7.658312046245962,-7.8225877623204685,-7.899994906862464,-7.9379542881085685,-7.9245618422660815,-7.99595701111328,-8.022493730956526,-7.947018585520682,-7.8261897960215645,-7.796192032057147,-7.767228360074909,-7.6685665718627725,-7.566727849503165,-7.388862277765232,-7.0533794365997275,-6.692976827955874,-6.241021185828204,-5.709152538668284,-5.142239805738754,-4.571186807857174,-4.053387443223842,-3.622842652189185,-3.275901843959825,-2.896915282756223,-2.5449491917360474,-2.120386849656516,-1.61178518353648,-1.0853148700358501,-0.5672838365435452,0
0,-0.6534007819920237,-1.2477922774154173,-1.8045564338715134,-2.3300415092409716,-2.743279339544441,-3.0787421568210815,-3.4048229681710516,-3.6838750235931457,-4.018623011629177,-4.413718378734146,-4.8671404004029295,-5.329545694491554,-5.808399936525832,-6.2381920429275395,-6.595878982640396,-6.950574250490212,-7.159415324946952,-7.319981007977908,-7.487123275938751,-7.595499529859874,-7.715606020501463,-7.94269824221626,-8.116909339766275,-8.186388337033183,-8.207724194578221,-8.273128545472037,-8.275016941818599,-8.236035212491949,-8.12330608961612,-7.954074958250171,-7.727115304104329,-7.470892132963619,-7.210465673026751,-6.8819279042434465,-6.5154586022256655,-6.10716518123902,-5.726594848139839,-5.320225921383783,-4.920353581791616,-4.518925893729927,-4.107093472976614,-3.6371843683768526,-3.2253828691575426,-2.876408845535689,-2.554248622780673,-2.2293066056310242,-1.9496086553229057,-1.7533661012798136,-1.6859381870307761,-1.6624361829039884,-1.6850082985970356,-1.8356118965317412,-2.0749448444087837,-2.3689165338799345,-2.6786718829630987,-3.026435851348804,-3.4260414583816114,-3.8913424522418425,-4.320626953993819,-4.741313624001855,-5.16595635345749,-5.578579772637852,-5.965109816690843,-6.384379169732318,-6.749889732585226,-7.085447364326178,-7.356703163790493,-7.607507306004807,-7.833459698870842,-8.011648629669818,-8.141894152921298,-8.198216899245082,-8.21697714602484,-8.179483546816618,-8.19674147400708,-8.172864006561603,-8.030857641866941,-7.845151188973226,-7.767228360074926,-7.6904155810601065,-7.55091590578812,-7.391855042713973,-7.176197246219057,-6.806493785390465,-6.419729082127621,-5.935303173022998,-5.3910955452605736,-4.833043485075908,-4.2681811957905,-3.7696197543493106,-3.3564124853286823,-3.022565323022041,-2.669083916686294,-2.352056203900116,-1.9750679883374913,-1.5132125103421241,-1.03754588421103,-0.5498175818307758,0
0,-0.6336193585043065,-1.209315933976087,-1.7225600592848036,-2.2154312588315794,-2.586997078408365,-2.901988342987599,-3.216474150038535,-3.4859608947088128,-3.798366580607753,-4.166193445867838,-4.624306465354778,-5.085367370296753,-5.573082753894149,-6.016864798489703,-6.387920545609663,-6.760799582652459,-6.982530978200601,-7.174323774807371,-7.358523829191631,-7.500370324203422,-7.656233289749143,-7.924162978108613,-8.15251656092934,-8.26501281266237,-8.337873188888034,-8.43508443427619,-8.457719471315093,-8.453545062227654,-8.396834773873556,-8.271681491542095,-8.088770934804376,-7.863230740043515,-7.633379055950109,-7.327598266264189,-6.983175694270103,-6.589499626502118,-6.213895781234008,-5.811884131028723,-5.426211565414831,-5.028725287821765,-4.63532395262649,-4.182708110733956,-3.773043713633844,-3.4280532143076186,-3.096215704580111,-2.7727870499505975,-2.5129423741030195,-2.3176235501053855,-2.248331745164891,-2.2231723342939618,-2.245516046214831,-2.3949425326488973,-2.6122956501569523,-2.904837131514288,-3.2222734643745556,-3.5649000542749567,-3.960433272813026,-4.4059293217476325,-4.813560088279018,-5.227605107638889,-5.63457263515477,-6.03929349583473,-6.418124472472012,-6.82634891624719,-7.1731188826052845,-7.488795316038458,-7.733065954217147,-7.9580527137706945,-8.147802455847721,-8.286552765290084,-8.364767460397402,-8.390087425049504,-8.38881057857397,-8.320577768906109,-8.285489098001836,-8.216281013407308,-8.018323841884923,-7.788677485331257,-7.6685665718628,-7.550915905788116,-7.386175213372426,-7.189945097610008,-6.958483625755682,-6.572674347199272,-6.176356352045043,-5.682475845867444,-5.1352967585984555,-4.585680598962376,-4.024759233757003,-3.5598333906215776,-3.175318821769584,-2.8544851069689483,-2.5146295780581807,-2.2183891041894443,-1.8836632633037766,-1.4526787192571917,-1.0157623087378718,-0.5399339969159336,0
0,-0.6091435202283314,-1.1646084043110445,-1.65109771297413,-2.1139699520909874,-2.4550436010482226,-2.7472021796439083,-3.0424870046111008,-3.298497476124982,-3.579835659606877,-3.916259307421054,-4.366361016585924,-4.822143620584902,-5.309009491728151,-5.7608874466853495,-6.135506732495883,-6.516398127447228,-6.757103673003669,-6.983160676528971,-7.198982321717475,-7.393008400049862,-7.603339186804372,-7.921144020560672,-8.202498031227096,-8.372383652458744,-8.50602639219548,-8.644606463385855,-8.712345636362311,-8.7523502328879,-8.759315241033335,-8.685178011177676,-8.54348392951663,-8.33671040399305,-8.133105837441992,-7.838993909316773,-7.516474527413178,-7.132700501332809,-6.755977549575778,-6.350384053593745,-5.969060590836165,-5.564239003688039,-5.183289446579692,-4.752728921715061,-4.353904305493962,-4.017978383339091,-3.6840942242725374,-3.3663956871073575,-3.12067861339653,-2.923575734847086,-2.8486838511516583,-2.823600009326477,-2.849109600122987,-3.0007765482542488,-3.20309044047072,-3.489150161361778,-3.804904262882919,-4.138113978186278,-4.5197669258868345,-4.939930537607728,-5.3292189819874505,-5.74503115471014,-6.141960055278679,-6.547148564194446,-6.926167268441774,-7.329059453966654,-7.6566673727327,-7.962175429552471,-8.182522745508802,-8.392300507716687,-8.548098150297706,-8.642148375425492,-8.662625237090834,-8.650762212155843,-8.607232202647435,-8.499244301292917,-8.402815165006128,-8.277359239773865,-8.026857726003904,-7.746296031095706,-7.5667278495032075,-7.391855042713978,-7.1899450976100105,-6.956240181378977,-6.70406016457037,-6.310486923334685,-5.91267946793229,-5.412254675136971,-4.868006697194457,-4.32474490231832,-3.7765472853292827,-3.3454801802604455,-2.994803390443225,-2.68923660220206,-2.3684369280816107,-2.0949990938894607,-1.7911651381827665,-1.390717703015461,-0.980006123752574,-0.5215231706326678,0
0,-0.5858383928644895,-1.1258343601642764,-1.5851626618782382,-2.026205983329673,-2.347260892215696,-2.6195775615958583,-2.8890183287593905,-3.1266738503498583,-3.391414532553436,-3.7054563852214097,-4.145336635211625,-4.590011723483081,-5.074132783792156,-5.536719599534743,-5.90987225085015,-6.2748380990535315,-6.515212074654668,-6.760481863998545,-6.988380917397894,-7.21620564282484,-7.469358954504799,-7.823756241529642,-8.149707531658311,-8.375097140797305,-8.565649873065114,-8.740596101822618,-8.843283996776496,-8.924928158333952,-8.979181937714939,-8.95077223980178,-8.844729955748473,-8.663632651972408,-8.486326683346128,-8.21058256074053,-7.907129223702489,-7.5397212710223585,-7.167507446110622,-6.7620697418409685,-6.391354232510888,-5.99436896416336,-5.633027591865365,-5.228802202004782,-4.8494402283583415,-4.5207148791272544,-4.195043699973729,-3.904722747917838,-3.6941496290894777,-3.5111126181310124,-3.438983459420674,-3.4143877729590053,-3.4373982920712636,-3.575847837479889,-3.74278450981463,-3.999701535675414,-4.303962381712204,-4.6282496227830645,-4.989542505214609,-5.381135118334305,-5.746521334555104,-6.149205664324655,-6.529004328210256,-6.930162782703524,-7.303460249501361,-7.690850924166692,-8.000771759844032,-8.28838786650434,-8.482339305207189,-8.669454775212332,-8.79540393567846,-8.848783743461452,-8.826739437991895,-8.777500727641401,-8.69928117650653,-8.553801282117531,-8.400218958254976,-8.220655890086405,-7.928548470270158,-7.61262978834281,-7.3888622777652655,-7.176197246219049,-6.95848362575565,-6.704060164570404,-6.452640339769315,-6.077082835455275,-5.6847203041029495,-5.177920519616028,-4.637354243097431,-4.107815876661126,-3.5743535984827766,-3.169303126226436,-2.838304948590123,-2.5514067087976464,-2.2554906246448048,-1.999998806003697,-1.715771144175124,-1.3358252331064127,-0.9498504424621733,-0.503469094857265,0
0,-0.5736366612242203,-1.1036859924253595,-1.5423422895379422,-1.9603611451071383,-2.2731723734264797,-2.5370242031062262,-2.7847217367901016,-3.008039304941016,-3.2513334961149267,-3.5351870808220744,-3.940892918047233,-4.349382055337944,-4.802072333627031,-5.246124882662704,-5.597220518874716,-5.921881354199505,-6.143657265747707,-6.393849401478835,-6.631264640606501,-6.888346615919376,-7.185922194008929,-7.579329207965701,-7.952758702902721,-8.239597260954291,-8.49337966115027,-8.711110000620737,-8.85889072571647,-8.991517548669098,-9.104112029489627,-9.125182350456743,-9.063798135339734,-8.918915328706769,-8.771270389202467,-8.524125578539653,-8.24594342709233,-7.905811640064661,-7.552194421549192,-7.155964770719545,-6.790373662424866,-6.404233302687811,-6.061276923792371,-5.692965429348104,-5.346267490244871,-5.038284792383037,-4.731615138252003,-4.477831772802934,-4.304335534928817,-4.141803911181473,-4.073468716237737,-4.049110949299654,-4.069413760535253,-4.189296514324696,-4.319354356209843,-4.539522098822226,-4.8225199959032095,-5.12299766368603,-5.450587395410073,-5.804644778106079,-6.1469668492413545,-6.5338417469429695,-6.902399565974282,-7.291961248365167,-7.646415158509399,-8.007467253221238,-8.293853107486477,-8.551223123075436,-8.71320666350928,-8.867394150415286,-8.954443624504412,-8.962184893391774,-8.885615348778908,-8.789972912238037,-8.668699139811798,-8.481029862490173,-8.263013377645464,-8.018851744566847,-7.678921870275615,-7.324222103897718,-7.053379436599728,-6.80649378539043,-6.5726743471993085,-6.310486923334705,-6.077082835455313,-5.744843986698305,-5.37909172163127,-4.894654964370699,-4.3887638546196825,-3.90202386820854,-3.411488715802688,-3.044465540799949,-2.742060365346941,-2.4749060914140504,-2.203217230510727,-1.9560855300773894,-1.6795402522588772,-1.3174422696918417,-0.9452499695001809,-0.5000673152300469,0
0,-0.549026219836378,-1.056361809340379,-1.464540024994416,-1.8377406632506739,-2.1243905625953583,-2.3668133324446115,-2.5885692129322098,-2.7943714914290707,-3.007255585989941,-3.2570252706103795,-3.630354565318608,-4.020045845041376,-4.457591960192888,-4.8949658257009965,-5.240943564046959,-5.544820475931934,-5.764299500272265,-6.015953673522867,-6.259635337935598,-6.541498892177985,-6.875181500777791,-7.301226586847138,-7.719138991783632,-8.064455793668499,-8.37256250534719,-8.621865649616085,-8.803663166786823,-8.980275796157084,-9.144701840265716,-9.206435949293251,-9.17107846204428,-9.039496027416513,-8.898234972450224,-8.669204443303986,-8.412124453724651,-8.096684893996411,-7.761681834097159,-7.37980787551168,-7.020928315377903,-6.648448305825431,-6.328877017571375,-5.996969663396875,-5.680814714699067,-5.396021474873202,-5.117296942199649,-4.90840168275662,-4.7746405674344246,-4.627862911158543,-4.553899832774553,-4.530717327635865,-4.559314004012062,-4.6662920925961195,-4.7579570337413,-4.933930747900822,-5.187136536402833,-5.460221963251009,-5.75556487315978,-6.070283954266363,-6.383108856393876,-6.751244703414421,-7.105990948610968,-7.476620938221735,-7.810937368503846,-8.1472749929504,-8.413968233878709,-8.651826769941366,-8.806532277959485,-8.952077400035186,-9.018135828361356,-8.988001276195863,-8.861668245238967,-8.725047823007156,-8.570865970334953,-8.35157287793985,-8.076851566915995,-7.770002002249453,-7.386619563584789,-7.000594687070613,-6.692976827955889,-6.419729082127605,-6.176356352045091,-5.912679467932339,-5.684720304102956,-5.379091721631253,-5.023040530103069,-4.549041994131316,-4.062033664495582,-3.600296707027639,-3.146952291733329,-2.8168277150611862,-2.5471957574732076,-2.299688513143062,-2.0534623954727564,-1.8248806866998755,-1.5730678453991158,-1.2518746741594622,-0.9068344691365053,-0.479431580200938,0
0,-0.5044514484843461,-0.9749874758156553,-1.342477065486322,-1.665466777333575,-1.9151549778116663,-2.1276639953431165,-2.3214452921481694,-2.5039937135847943,-2.681783861141767,-2.89353218844561,-3.230631797256887,-3.596893866113651,-4.011281636535962,-4.433855305868947,-4.770967671536471,-5.055223953185546,-5.28280445423837,-5.539594675792002,-5.788361698111803,-6.09978503455387,-6.475442297266852,-6.936964999995419,-7.4048432544798946,-7.807239078351285,-8.168093787659853,-8.45504206641235,-8.67774622928765,-8.905841974932521,-9.121311561711602,-9.229626209256041,-9.229445061760716,-9.12654942395852,-8.997714118819507,-8.791418342559258,-8.560711799414348,-8.276364792344104,-7.956143855182455,-7.594127823725396,-7.25020711999676,-6.892822381941834,-6.59885312399086,-6.304508128687336,-6.01504751609423,-5.7526464035745395,-5.5037837981079685,-5.33475453281054,-5.237355914311653,-5.108469658465418,-5.030600009087733,-5.009790854018134,-5.047610745654632,-5.141339030296172,-5.200103965531403,-5.33690269939955,-5.557439950687851,-5.801115232909004,-6.066106308971702,-6.338677527760692,-6.619939452448352,-6.968561530657411,-7.30127245701542,-7.647177785170241,-7.964709481163682,-8.268142232551734,-8.509820450979264,-8.725034185169784,-8.868317536615201,-8.992069691945563,-9.02944303161383,-8.95764675754106,-8.783127266010768,-8.597686464356833,-8.404558794375573,-8.147796743033684,-7.8180306981389975,-7.449711847699981,-7.016995923041946,-6.593490890069598,-6.241021185828222,-5.935303173022973,-5.682475845867471,-5.412254675136996,-5.177920519616035,-4.894654964370685,-4.549041994131305,-4.093461162479375,-3.6316311502557554,-3.1991945110585034,-2.786717402901619,-2.499525395102365,-2.269137673773514,-2.047673972102389,-1.8304547989452356,-1.628888554982372,-1.413954195421594,-1.141403110166093,-0.835469023649316,-0.4399045227547503,0
0,-0.4496476615756517,-0.8673344703373485,-1.1894342844488506,-1.4604587991054634,-1.675762537898786,-1.8584600829294229,-2.0212506738319087,-2.1859229525946713,-2.332162578710922,-2.521469788074466,-2.834778990100438,-3.1799828296783565,-3.5681422454411384,-3.969401310723345,-4.2897735761856675,-4.540230601417384,-4.7625913933867015,-5.014687675982716,-5.260751136255002,-5.582074951144961,-5.982161398715861,-6.4582926915463315,-6.952396361651143,-7.394504136756393,-7.7884456353270695,-8.087177231897373,-8.335279917181666,-8.595887875218121,-8.85771040000751,-9.008750894540542,-9.042291387990884,-8.971759928149929,-8.86770738982479,-8.697612775686533,-8.502942735340923,-8.263486120835276,-7.969064997068145,-7.636415497933886,-7.312993772104021,-6.980285947644981,-6.7069867993531425,-6.45283319255248,-6.195055102880968,-5.9607062661840935,-5.743870197076787,-5.622255940903499,-5.560426886363301,-5.446347822640927,-5.362060919591169,-5.346637413780689,-5.39936928639295,-5.484111377324499,-5.511581316198486,-5.601721370417406,-5.787179456888808,-5.995930146042042,-6.223544137404919,-6.4505377365430565,-6.705587447397165,-7.025694416166476,-7.330529013714638,-7.6414554009500275,-7.928601727224371,-8.183496319541971,-8.389882408390669,-8.56906817485855,-8.688000736222298,-8.784698507153683,-8.796511746425349,-8.689725754732684,-8.472224560838368,-8.256239663744111,-8.038726379107889,-7.7689886108639,-7.403966213583845,-6.991936896395,-6.531515829039446,-6.089930084903329,-5.709152538668286,-5.391095545260599,-5.13529675859846,-4.868006697194458,-4.6373542430973975,-4.388763854619691,-4.062033664495621,-3.6316311502557537,-3.1981634797357383,-2.79222671549384,-2.4125116596695557,-2.1570700929630475,-1.9639860977856152,-1.7648385318140811,-1.5806754197334232,-1.4070425485300426,-1.226919497448451,-1.0042151078771109,-0.7417408319353356,-0.3916032424164871,0
0,-0.40000832717498724,-0.7684844136905662,-1.0435878340816358,-1.2710493071040776,-1.458390511127975,-1.6134452322059152,-1.7478741551839896,-1.891767931922278,-2.0119324546282495,-2.175908971006507,-2.4630926609879524,-2.7910186899615677,-3.1530426670489287,-3.5301201275616805,-3.82852139801956,-4.036953289367675,-4.24409717365456,-4.48756310901261,-4.7210053559683915,-5.030107652305032,-5.418547225654401,-5.878615498733091,-6.3794421025400245,-6.8435679765109505,-7.25716554611923,-7.562742254252568,-7.829329526126194,-8.126181979490443,-8.425450443048732,-8.609418343711614,-8.664808296596862,-8.62246691168026,-8.54777752293929,-8.425358359913751,-8.276827999288484,-8.085816108274505,-7.823964630315745,-7.527164009012005,-7.236164013774192,-6.934012663833611,-6.691166349175049,-6.476453110005863,-6.249795188944273,-6.040769373707957,-5.860265782018303,-5.7827628788012015,-5.752936139079946,-5.652741225166634,-5.564867044173458,-5.552872021148162,-5.617079441871956,-5.695961856016996,-5.69829362024256,-5.747963663371937,-5.896930237048185,-6.073835499775635,-6.264614200126279,-6.4455384110143745,-6.662648415471494,-6.946096334416236,-7.210547147164054,-7.4793284651889005,-7.7283152704677045,-7.93083741312038,-8.094266487434512,-8.227854911922554,-8.31817258118579,-8.393164971290012,-8.389060986260624,-8.253049322489574,-7.999544996827833,-7.750045025909575,-7.516404781608496,-7.239548891416315,-6.8526953836559255,-6.413901224902864,-5.944789574891442,-5.514713593041383,-5.14223980573874,-4.833043485075916,-4.585680598962373,-4.324744902318305,-4.107815876661112,-3.902023868208544,-3.6002967070276766,-3.1991945110585265,-2.7922267154938627,-2.409353349424238,-2.063371763438274,-1.8409480628450523,-1.6782179931503505,-1.5030468869434384,-1.350788620409381,-1.203427597844272,-1.0513582364517455,-0.8701934715282561,-0.6521826732563327,-0.34570650941873865,0
0,-0.3672189378382972,-0.7013254980971085,-0.9471816342245659,-1.1382630069092932,-1.3052735359012226,-1.4385132674130676,-1.540551009536065,-1.6634396612627276,-1.754147323796923,-1.884730836108692,-2.126986754211749,-2.4235927610250183,-2.753838026894471,-3.0930219029525503,-3.355404899319717,-3.5203654351936424,-3.7100217441668546,-3.9392211331444886,-4.164708184435695,-4.465542379229834,-4.849555746381358,-5.299882912441556,-5.803755087236778,-6.28879795445974,-6.727599680197987,-7.046051154682814,-7.336899532836108,-7.656883951693123,-7.990309237083699,-8.211756978819654,-8.295446142293496,-8.272773404601685,-8.219960682703096,-8.140848670076899,-8.031096442045458,-7.883246137588011,-7.658018291213694,-7.39774238439325,-7.13060645559279,-6.859498852601174,-6.638725374052625,-6.461449154020049,-6.272644177632842,-6.092688497625695,-5.934583814284028,-5.890701945783559,-5.88529390088395,-5.796913733889755,-5.706346211328171,-5.6992176541429025,-5.773685481636051,-5.84618494299465,-5.829296241629064,-5.849198042193048,-5.9754942335805685,-6.118228810915922,-6.266144530892538,-6.403622310148258,-6.590682902221962,-6.837182758069792,-7.0702820653943546,-7.296973123050992,-7.505186183585097,-7.662279027243554,-7.789231913305125,-7.881911080238501,-7.952716946974224,-8.013344747171319,-7.986471554611354,-7.817546988821566,-7.5324663456793965,-7.262671673339249,-7.007542542266476,-6.719086373497967,-6.305708285791568,-5.84105815178734,-5.365802323025164,-4.942349843807582,-4.571186807857159,-4.268181195790474,-4.024759233756992,-3.7765472853292725,-3.5743535984828063,-3.4114887158027147,-3.1469522917333643,-2.7867174029016217,-2.4125116596695424,-2.0633717634382935,-1.7663125246068754,-1.581228936883559,-1.4503579107431563,-1.2996393948669682,-1.182846865548097,-1.056538699333298,-0.9244813564536473,-0.7773993962516949,-0.5878951075041822,-0.31270685849312585,0
0,-0.33166991879774627,-0.6423898518277312,-0.8655654066605046,-1.0315287583216417,-1.1824742754240007,-1.3073532998004982,-1.3933554500842287,-1.500160489028176,-1.580110258036486,-1.69408098621375,-1.9034607624662092,-2.1720496144082597,-2.4738562957649437,-2.775483709094747,-3.0029043755145732,-3.1303747860788933,-3.29405548936428,-3.489518620568325,-3.6795766253492914,-3.960025993306447,-4.330013788023149,-4.750513593993344,-5.235306887706762,-5.711345119378148,-6.139612845108287,-6.444761907304176,-6.735626437597621,-7.067241808367384,-7.411705082230253,-7.648118090523436,-7.7540551311312695,-7.762194376475513,-7.730612317751433,-7.686710666497066,-7.611318701942242,-7.499523659184897,-7.305509131692901,-7.090334521831992,-6.863716052237566,-6.629664331155274,-6.449290731685429,-6.323385717134181,-6.170643534979989,-6.017044775821893,-5.892843898648684,-5.883097336875382,-5.9063563644773005,-5.839953807013961,-5.75103394280555,-5.747424872888119,-5.8282017091815135,-5.8852898361917605,-5.843890810087489,-5.830580862773765,-5.92189522907731,-6.033534388935972,-6.142296382055619,-6.225118331544485,-6.367853461302749,-6.573766131621208,-6.761930312604731,-6.939959659068347,-7.112676996711093,-7.230614294776106,-7.325518609384983,-7.384411205528504,-7.4350536039538735,-7.4688566917046035,-7.421549441477557,-7.239672226114764,-6.944878005039936,-6.663279853527862,-6.408017464505962,-6.130911349663584,-5.72486240651233,-5.265216223129971,-4.808254267397718,-4.412200319251193,-4.053387443223805,-3.7696197543493044,-3.559833390621568,-3.3454801802604397,-3.169303126226467,-3.044465540799944,-2.816827715061195,-2.4995253951023737,-2.157070092963012,-1.8409480628450507,-1.5812289368835555,-1.4188962711467765,-1.3034353976661646,-1.1723788537680253,-1.075074317620177,-0.955056015225575,-0.8364362872492768,-0.7101761565166553,-0.5392182087214876,-0.28138254321667255,0
0,-0.2962999279009911,-0.5807672660767922,-0.7916810356527842,-0.9342805511403439,-1.0746714062598335,-1.1976954785630163,-1.2782066483357162,-1.3751305283631667,-1.4431990897628222,-1.548999944545162,-1.7340370452497142,-1.9777610268699146,-2.246610557202113,-2.512563927603268,-2.7086165556421036,-2.8090044051942646,-2.955431454099012,-3.118421040051634,-3.278412542096723,-3.539805332255745,-3.8979460682698086,-4.292190346309824,-4.739218930518216,-5.189861044092847,-5.598850607241972,-5.885114195013956,-6.1731004761036035,-6.5013171514486565,-6.842346797414552,-7.0801549532041275,-7.195898253713004,-7.2180097671911465,-7.2043016692178465,-7.18340753262533,-7.1335790831945545,-7.051758496373086,-6.896813566431961,-6.722061647667188,-6.5306944393621436,-6.335435538003565,-6.191317311722895,-6.113206560152548,-6.012991830209722,-5.897337789486795,-5.803346056999064,-5.825645625313115,-5.873695983467107,-5.826649782909728,-5.744615478410863,-5.743817827521226,-5.8210242385920195,-5.861356190772423,-5.798306505355162,-5.7555251744891205,-5.816144999900404,-5.8881081455651385,-5.94331924409771,-5.976939248806269,-6.079650653597973,-6.243640105089604,-6.393282209848579,-6.530347609502809,-6.66526693167405,-6.754136088249344,-6.825596741090703,-6.863186391661443,-6.895661807216845,-6.915493424980475,-6.859147989073751,-6.676914099398165,-6.384028812279644,-6.104236570633873,-5.851913850664034,-5.592977864053779,-5.20233628050988,-4.764472300577183,-4.3435216402861245,-3.9719107718396285,-3.6228426521891763,-3.3564124853286814,-3.175318821769609,-2.9948033904432156,-2.838304948590161,-2.742060365346966,-2.547195757473225,-2.2691376737735554,-1.9639860977856038,-1.6782179931503387,-1.4503579107431648,-1.303435397666197,-1.2048046403718078,-1.0878936159669559,-0.9985635700419949,-0.8786448146829545,-0.766566624787757,-0.6590441397459111,-0.4943547948033794,-0.25359719149445664,0
0,-0.26814780068596655,-0.5283234352692479,-0.7181509051236662,-0.8447663274088767,-0.9677072435812226,-1.0802574207187616,-1.1509321530682055,-1.2336711788655756,-1.2888204779794394,-1.3792290272013412,-1.5451467562850525,-1.770188613782378,-2.0193727602585185,-2.2610515927967665,-2.4385224218288624,-2.5215630890776817,-2.653154432943857,-2.803987041113375,-2.951152589173681,-3.199394922424344,-3.541958644851936,-3.9021406371598193,-4.31626606638057,-4.745994153593534,-5.13526231203915,-5.400003807619118,-5.666078360929311,-5.974571484363537,-6.296292587997553,-6.517116985602465,-6.619742002053346,-6.640504447529042,-6.625329330508251,-6.616238295417579,-6.583492294612394,-6.52947092582195,-6.40603768495861,-6.270647220398255,-6.115426068551018,-5.9587047715212345,-5.854612791004139,-5.828646148641211,-5.77347670777006,-5.691102884867462,-5.631990810411139,-5.6834606027825245,-5.755621391697932,-5.732046231456105,-5.655929561735761,-5.65506335002822,-5.727023254795639,-5.744140133945676,-5.658572694633164,-5.588248968864768,-5.616513744108755,-5.656342753718157,-5.667617362018069,-5.648519001500253,-5.709115655131545,-5.831420067086938,-5.9440149509894145,-6.044309276108789,-6.150594769226703,-6.2138216233060195,-6.271732092499296,-6.29870490237622,-6.332594743646745,-6.354828302271931,-6.310713140738867,-6.143716112128789,-5.867836199704943,-5.60528897180893,-5.374718721065437,-5.13459824008842,-4.760149958188183,-4.340616905939458,-3.9508630778763916,-3.610682845102255,-3.275901843959839,-3.022565323022045,-2.8544851069689594,-2.689236602202074,-2.5514067087976713,-2.4749060914140832,-2.2996885131430953,-2.0476739721024293,-1.7648385318140933,-1.5030468869434614,-1.299639394866988,-1.1723788537680246,-1.0878936159669481,-0.985723191405469,-0.9061507411601261,-0.7926622949696809,-0.6943338474609411,-0.5998794531849176,-0.4517295644007351,-0.22896138516334616,0
0,-0.24396229520167934,-0.4733578682797113,-0.6419556301266505,-0.755740326054334,-0.873027893581259,-0.9772118190656641,-1.0422034826913424,-1.118973741558717,-1.1713250180681232,-1.249317782113153,-1.3872461725960856,-1.5863968118337004,-1.8066496460997543,-2.0217735808217476,-2.175074591098354,-2.2344344362884425,-2.342879481435801,-2.475014993161027,-2.6084177654257417,-2.829194092402752,-3.129315515683445,-3.443818354067939,-3.8142989680419315,-4.210656719058003,-4.564289139385888,-4.797131347550945,-5.03457180547108,-5.314363578275299,-5.607424037405149,-5.81318099350597,-5.916316049279444,-5.9467291262709745,-5.946553388648027,-5.953074114849274,-5.940571239635925,-5.907174213496728,-5.820273285075106,-5.728110966643514,-5.6251201659604035,-5.526962682982385,-5.4803881677380435,-5.504723024833576,-5.49466256230385,-5.443157233497546,-5.41686339691729,-5.497001347722517,-5.594112739082691,-5.596371405580455,-5.533735654578508,-5.532154061804244,-5.58951912343473,-5.581188402484115,-5.472049957199412,-5.375149283197361,-5.372491539199531,-5.383452617479025,-5.3518742071292005,-5.2846700766657975,-5.288756527162957,-5.353519411912314,-5.4168959852682885,-5.478564242038245,-5.552782608200618,-5.59815345476967,-5.6386717324813045,-5.652102586028028,-5.671557727477096,-5.683803135388778,-5.635800292824317,-5.479569461630943,-5.228659054915275,-4.991677583002693,-4.7870240529959025,-4.575213219886312,-4.231953638105121,-3.8427229482051675,-3.492071674197707,-3.1925212458080634,-2.8969152827562326,-2.6690839166862794,-2.514629578058142,-2.3684369280816084,-2.2554906246448265,-2.2032172305107562,-2.0534623954727853,-1.8304547989452948,-1.5806754197334694,-1.3507886204093758,-1.1828468655481148,-1.0750743176202109,-0.9985635700419718,-0.9061507411601213,-0.8338647154810368,-0.7274700878138471,-0.6312026419815591,-0.5460477264154883,-0.4117053111495459,-0.21112611403150766,0
0,-0.20970495569654232,-0.40442564780605017,-0.5485058736624593,-0.6445260723623845,-0.7506164690956394,-0.8481305839587402,-0.9076642009165607,-0.9810218898284214,-1.0371568913136517,-1.1147885667587945,-1.2369318679644605,-1.4129238025216275,-1.6089428052483734,-1.7987501302718536,-1.9337549235513063,-1.9830590189602457,-2.072952298892557,-2.183770713200855,-2.2982800137597583,-2.484802143539295,-2.740176402914754,-3.0045517153035224,-3.31857009744285,-3.659058259366367,-3.949569580784969,-4.126547912700021,-4.313470463680446,-4.536544412459043,-4.778880797378675,-4.955121669682401,-5.046310106415069,-5.071597934629495,-5.069220728255163,-5.077140115427675,-5.06800751549769,-5.045442928376219,-4.9874180203869365,-4.9326028426748545,-4.871243111289655,-4.822238475852504,-4.813044382107407,-4.870886819073772,-4.8989124810396865,-4.881479746668757,-4.884993624422488,-4.9843423809424445,-5.0922140617523555,-5.1096990890982665,-5.057796523934755,-5.057051671023982,-5.103604470531597,-5.078003351917751,-4.957809206670272,-4.84250990333639,-4.811843405958377,-4.791985030763362,-4.726224119336587,-4.629562510182143,-4.599735402323407,-4.61784224430912,-4.64364647832251,-4.672961565133063,-4.723097857323237,-4.760374534686499,-4.7982163719256565,-4.8099388124444715,-4.829963463662457,-4.843248675932463,-4.802956961145515,-4.673565363294371,-4.470268999680082,-4.284823856564037,-4.126993584644253,-3.9678604790267658,-3.6848792271690822,-3.3488935673482776,-3.050236463915355,-2.797492896949758,-2.5449491917360723,-2.3520562039001467,-2.2183891041894315,-2.094999093889478,-1.9999988060036797,-1.9560855300773734,-1.8248806866998755,-1.6288885549823928,-1.4070425485300633,-1.2034275978443016,-1.0565386993333352,-0.9550560152255887,-0.8786448146829731,-0.7926622949696993,-0.7274700878138736,-0.6277606551093509,-0.5391522918325283,-0.4677002821350156,-0.3529359276131549,-0.18156079182235824,0
0,-0.17263790152719247,-0.34356840265250355,-0.46941285064697785,-0.5530519680965289,-0.6428863380632039,-0.7335514176544993,-0.7943051216046255,-0.8561138384920194,-0.9089146001064544,-0.9777744896695203,-1.0841277081941023,-1.2371971745027264,-1.402594399176822,-1.5582626506658463,-1.6677565353130805,-1.706023215697411,-1.7756331019122769,-1.8567227688975603,-1.9322078157520113,-2.070856790168845,-2.2647211304778154,-2.461268987545801,-2.708179065745313,-2.9817377862508865,-3.2042023578936494,-3.3271685656594627,-3.460441123082603,-3.640992958422957,-3.8329435223888844,-3.9652396972647037,-4.0302535061954305,-4.053201796207738,-4.054907639653449,-4.071047758317791,-4.075749765447838,-4.063900235635821,-4.023249900283942,-3.999424275696353,-3.983787752798144,-3.978801434838633,-4.00965045037289,-4.088591801662492,-4.12897823255331,-4.126770185811146,-4.1578566165417365,-4.268739553298013,-4.383566163344685,-4.413531343694655,-4.368816542231948,-4.365787648480488,-4.403958552791311,-4.3668100475546865,-4.241250870067129,-4.116749524292198,-4.063671783637994,-4.0337586897690825,-3.9604829055859816,-3.846956217138443,-3.7820271581207905,-3.7601068169387197,-3.7461586492778753,-3.749635785605553,-3.7852864889397244,-3.8120816822844588,-3.836471839423698,-3.840025740055029,-3.8549040964532475,-3.8673240901591868,-3.8455824295087844,-3.752453429606746,-3.593726559182184,-3.4445735179016825,-3.3363525800628375,-3.228285067914409,-3.0109152705892344,-2.7396123263362755,-2.5039558529615755,-2.3140165584963532,-2.1203868496565037,-1.9750679883375195,-1.8836632633037673,-1.7911651381827693,-1.715771144175153,-1.6795402522589091,-1.573067845399157,-1.4139541954216421,-1.2269194974484534,-1.0513582364517637,-0.9244813564537075,-0.8364362872492815,-0.7665666247877502,-0.6943338474609502,-0.6312026419815897,-0.5391522918325311,-0.4628233629750005,-0.39998636085916944,-0.2994846333718526,-0.14913892256558786,0
0,-0.144027483389345,-0.28750691403613055,-0.404306701416163,-0.47508773968454765,-0.5533940461027308,-0.632177337028902,-0.6854940381409906,-0.7383934941281779,-0.7760470176652353,-0.828316091659525,-0.9060673549454874,-1.0219590271945007,-1.1431034914795357,-1.2495738144700927,-1.3158247837294392,-1.3332583750230165,-1.3813156546434022,-1.4330723791473878,-1.4797755884318196,-1.572092524015796,-1.7143213813427385,-1.8592147117317457,-2.0320760340290134,-2.2327048479153127,-2.3951006595763054,-2.4793503379053963,-2.5766043486243553,-2.700936597080885,-2.8417814331474376,-2.942325690766597,-2.9907566974182918,-3.0007687145459827,-3.0057477714322527,-3.0282514257020376,-3.0434594618363997,-3.0421071732569733,-3.023919208628891,-3.016789417563221,-3.0206637452024565,-3.043997146739435,-3.086414025743819,-3.164739273560619,-3.218454653905261,-3.233425424602763,-3.269288009668992,-3.3716446825634114,-3.471303989647841,-3.5015692737975623,-3.471164567608156,-3.4690320785484476,-3.491753864813717,-3.4529284543291165,-3.344735293682024,-3.233503916302832,-3.1806969393698346,-3.1408433891757186,-3.0600438006592,-2.953077211250503,-2.8820244073248253,-2.8371464463896325,-2.810556159370777,-2.8032069447973074,-2.8198977529387435,-2.8354079532468055,-2.8444875693013136,-2.8394850431648555,-2.8492064496378564,-2.867482796169776,-2.855134114186901,-2.7869086368102023,-2.671444607716633,-2.571986867701447,-2.496900477093223,-2.426695696830599,-2.267209060099821,-2.065558161159956,-1.897570444854843,-1.7557816065260798,-1.6117851835364676,-1.5132125103421512,-1.452678719257168,-1.3907177030154558,-1.335825233106434,-1.317442269691851,-1.2518746741594786,-1.1414031101661186,-1.0042151078771402,-0.87019347152827,-0.7773993962517436,-0.7101761565166852,-0.6590441397459096,-0.5998794531849398,-0.5460477264154615,-0.4677002821350358,-0.3999863608591637,-0.3462973573466404,-0.25091432923423523,-0.12433170607025214,0
0,-0.10512674438428095,-0.20963064124181216,-0.2903866540641159,-0.35192032471912604,-0.4139511040151984,-0.4728502707126138,-0.5130975634739985,-0.5517064144811171,-0.5886729137692783,-0.6281146879808481,-0.6821030375833274,-0.760371658650156,-0.8421812993919745,-0.9107898068549127,-0.9497006536674143,-0.9541295147254834,-0.9795593205772006,-1.0059931595010283,-1.0164873264219154,-1.0595543024566079,-1.1401235107767718,-1.2225014633338604,-1.3286736785800093,-1.4500714410727316,-1.5445386730782855,-1.588897350747697,-1.638560633971575,-1.7187536426828676,-1.8077145639151955,-1.869077954106069,-1.897631501171431,-1.9111909087539434,-1.9188330659603068,-1.941094826954002,-1.9569370842643856,-1.9584289868860592,-1.9450111609629306,-1.9510429738276882,-1.9745050951835459,-2.0091595723596334,-2.0588375880276346,-2.1259089405841505,-2.164154085904242,-2.1757020346619598,-2.2136753311414963,-2.2953563397279613,-2.375471889384002,-2.403286511576317,-2.3799690044356603,-2.3771138147189963,-2.395219034300544,-2.3622011194205665,-2.276036484585755,-2.1875092126819085,-2.138584897021128,-2.109198665036436,-2.051746622395598,-1.9640209392367571,-1.8950711149238961,-1.8459938848478554,-1.8076941414877048,-1.7919052895933307,-1.8038603550355805,-1.8121543097102846,-1.815310900994402,-1.8063427664176313,-1.8093891776909203,-1.816881797134979,-1.812455628976437,-1.7722630441989085,-1.7012411378729995,-1.6382525470488738,-1.6039842706173912,-1.5685345945896998,-1.4753695860283351,-1.351942331480304,-1.2480211760389845,-1.1664808191958518,-1.0853148700358255,-1.0375458842109921,-1.0157623087378662,-0.9800061237525389,-0.9498504424621576,-0.9452499695001727,-0.9068344691365376,-0.8354690236493136,-0.7417408319353834,-0.6521826732563625,-0.5878951075041878,-0.5392182087215115,-0.4943547948033767,-0.45172956440077033,-0.41170531114956993,-0.35293592761314907,-0.2994846333718425,-0.2509143292342536,-0.18385477203385184,-0.09057103862447727,0
0,-0.0566913441127131,-0.1052663441762003,-0.14596594627956488,-0.17836686312410135,-0.21628112068691294,-0.2460886280169258,-0.2628019668050502,-0.28543327354441467,-0.30932494898177854,-0.33585696924576736,-0.36336203100040326,-0.4019432682920619,-0.44322163329217557,-0.47982790895067434,-0.5007518006008894,-0.5048974800832735,-0.5205538192316513,-0.5330929630157244,-0.5359500242254447,-0.5514887363043536,-0.5914974782855582,-0.637790984279195,-0.6888293104767607,-0.7441735421753715,-0.7841946599932382,-0.8003127129597548,-0.8228662956784414,-0.853230964039171,-0.8912743771646082,-0.9203315066954022,-0.9353271482670619,-0.9381515850236853,-0.9400357766953731,-0.9466218217248946,-0.9488020936360947,-0.943803821470726,-0.9377459035850018,-0.9413679593219346,-0.954423614374617,-0.9757378535932124,-0.9989794550247851,-1.0305561278352042,-1.053089802935719,-1.062602009933695,-1.0827432851946477,-1.1268041678071925,-1.1667972580353216,-1.179599089527376,-1.1688010691839468,-1.1682617344201003,-1.176297693089727,-1.1599322533041714,-1.1162232283316331,-1.068350882379047,-1.0414924687957297,-1.0226771084519983,-0.9902124220396098,-0.9484923623639727,-0.9152809748724041,-0.8865008385460784,-0.8653896634214155,-0.8564588739870457,-0.862124403732395,-0.8729281725311854,-0.8806129466577094,-0.8810631749714183,-0.884393963373306,-0.8913651202617331,-0.8893131374964625,-0.8723346742381668,-0.843938440293591,-0.8227394777434439,-0.8082419652513206,-0.7970815367136992,-0.7576225770370157,-0.701127908132137,-0.6509044446577721,-0.6062857181045882,-0.5672838365435376,-0.5498175818308398,-0.5399339969159355,-0.5215231706326134,-0.5034690948572269,-0.5000673152300569,-0.47943158020095816,-0.43990452275475883,-0.39160324241651445,-0.3457065094187594,-0.31270685849313257,-0.2813825432167113,-0.25359719149442295,-0.22896138516335063,-0.21112611403151604,-0.18156079182237939,-0.14913892256562375,-0.12433170607027419,-0.09057103862449839,-0.04760388254717919,0
0,0,0,0,0,0,0,0,0,0,0,0,0,0,0,0,0,0,0,0,0,0,0,0,0,0,0,0,0,0,0,0,0,0,0,0,0,0,0,0,0,0,0,0,0,0,0,0,0,0,0,0,0,0,0,0,0,0,0,0,0,0,0,0,0,0,0,0,0,0,0,0,0,0,0,0,0,0,0,0,0,0,0,0,0,0,0,0,0,0,0,0,0,0,0,0,0,0,0,0
