0,0,0,0,0,0,0,0,0,0,0,0,0,0,0,0,0,0,0,0,0,0,0,0,0,0,0,0,0,0,0,0,0,0,0,0,0,0,0,0,0,0,0,0,0,0,0,0,0,0,0,0,0,0,0,0,0,0,0,0,0,0,0,0,0,0,0,0,0,0,0,0,0,0,0,0,0,0,0,0,0,0,0,0,0,0,0,0,0,0,0,0,0,0,0,0,0,0,0,0
0,0.00000000000000000000000000000000000000000000000000000000011342635134641138,0.000000000000000000000000000000000000000000000000000000006552282236259303,0.0000000000000000000000000000000000000000000000000000003517955802279553,0.000000000000000000000000000000000000000000000000000017567760528655327,0.0000000000000000000000000000000000000000000000000008162330154784677,0.00000000000000000000000000000000000000000000000003529137285975381,0.0000000000000000000000000000000000000000000000014200643888419607,0.00000000000000000000000000000000000000000000005317482254158901,0.0000000000000000000000000000000000000000000018526010344579426,0.00000000000000000000000000000000000000000006003452935744787,0.000000000000000000000000000000000000000001808736082376353,0.00000000000000000000000000000000000000005063619023639986,0.0000000000000000000000000000000000000013163140703358507,0.000000000000000000000000000000000000031747829422975383,0.0000000000000000000000000000000000007097542790102153,0.000000000000000000000000000000000014691367223206478,0.00000000000000000000000000000000028121031240399754,0.000000000000000000000000000000004970493833865753,0.00000000000000000000000000000008099843243750169,0.0000000000000000000000000000012147630904675791,0.0000000000000000000000000000167335067248799,0.00000000000000000000000000021125724159706957,0.000000000000000000000000002438444933561209,0.00000000000000000000000002566424661214054,0.00000000000000000000000024557088987326767,0.0000000000000000000000021293572172238685,0.00000000000000000000001667236439595766,0.0000000000000000000001174175519696186,0.000000000000000000000740660797187722,0.000000000000000000004165591905861633,0.000000000000000000020787356036230698,0.00000000000000000009157823956005226,0.0000000000000000003543595121527189,0.0000000000000000011985350063497897,0.000000000000000003528732255517236,0.000000000000000009019278143320079,0.000000000000000020006686914004718,0.00000000000000003864103838194668,0.00000000000000006550258268539897,0.00000000000000009875888923151228,0.00000000000000013485348143667504,0.0000000000000001702997599146522,0.00000000000000020303999350572345,0.0000000000000002324511253812642,0.0000000000000002585030307132454,0.00000000000000028104073305946365,0.0000000000000002995858561077123,0.00000000000000031348089033831474,0.00000000000000032210427563487646,0.0000000000000003250265426564167,0.0000000000000003220890987522557,0.0000000000000003134143965785273,0.00000000000000029934148079690776,0.00000000000000028026719003929077,0.0000000000000002564094139650123,0.0000000000000002276483338549817,0.00000000000000019378110150527215,0.000000000000000155413796281283,0.00000000000000011501240759553905,0.00000000000000007691477601846892,0.00000000000000004566150884424785,0.00000000000000002375507474838644,0.00000000000000001074779491136991,0.000000000000000004216486594315332,0.000000000000000001435115292669523,0.00000000000000000042499015294443524,0.00000000000000000010997009585594838,0.000000000000000000024987152501991575,0.000000000000000000005011236955426431,0.0000000000000000000008916078709394889,0.00000000000000000000014142433704150977,0.000000000000000000000020090281237813488,0.0000000000000000000000025668720505457196,0.00000000000000000000000029612478139701817,0.00000000000000000000000003095626398721551,0.000000000000000000000000002941973362847057,0.00000000000000000000000000025493508196524454,0.00000000000000000000000000002019695420452622,0.0000000000000000000000000000014664320073264256,0.00000000000000000000000000000009779357944650829,0.000000000000000000000000000000006001914388347961,0.00000000000000000000000000000000033960348936121588,0.000000000000000000000000000000000017743883567368008,0.0000000000000000000000000000000000008573055535171832,0.000000000000000000000000000000000000038351200200726036,0.000000000000000000000000000000000000001590224258095527,0.00000000000000000000000000000000000000006117737379227345,0.000000000000000000000000000000000000000002185412065552914,0.00000000000000000000000000000000000000000007254128372017888,0.000000000000000000000000000000000000000000002238669282126584,0.0000000000000000000000000000000000000000000000642593217825039,0.0000000000000000000000000000000000000000000000017161628853294984,0.000000000000000000000000000000000000000000000000042651852554226,0.0000000000000000000000000000000000000000000000000009865089373751915,0.000000000000000000000000000000000000000000000000000021233401019808225,0.0000000000000000000000000000000000000000000000000000004252151367065042,0.000000000000000000000000000000000000000000000000000000007919998460823818,0.00000000000000000000000000000000000000000000000000000000013710702155577591,0
0,0.000000000000000000000000000000000000000000000000000000006552282236259303,0.0000000000000000000000000000000000000000000000000000003611420335578188,0.000000000000000000000000000000000000000000000000000018521410717359829,0.0000000000000000000000000000000000000000000000000008844126351723484,0.00000000000000000000000000000000000000000000000003932988571377058,0.0000000000000000000000000000000000000000000000016290117796044077,0.00000000000000000000000000000000000000000000006284243899582485,0.000000000000000000000000000000000000000000002257616536486277,0.00000000000000000000000000000000000000000007551006753036177,0.0000000000000000000000000000000000000000023504685059956443,0.00000000000000000000000000000000000000006805875366572934,0.000000000000000000000000000000000000001831999752994396,0.00000000000000000000000000000000000004580954671445831,0.0000000000000000000000000000000000010631549891946202,0.000000000000000000000000000000000022877531743856948,0.0000000000000000000000000000000004559256092666845,0.000000000000000000000000000000008404000133061504,0.00000000000000000000000000000014307082011433279,0.0000000000000000000000000000022458500184712045,0.000000000000000000000000000032447965000570274,0.000000000000000000000000000430623962365469,0.000000000000000000000000005237786994775156,0.00000000000000000000000005824677594343603,0.0000000000000000000000005906071441016906,0.000000000000000000000005444292032218286,0.000000000000000000000045476848727370395,0.0000000000000000000003430097797246142,0.000000000000000000002327113168084448,0.000000000000000000014142259160658855,0.00000000000000000007664490583483826,0.00000000000000000036871073774085387,0.0000000000000000015669340521405865,0.0000000000000000058551293695971516,0.000000000000000019154617894068887,0.0000000000000000546733942282448,0.00000000000000013590791821406546,0.00000000000000029441291709017606,0.0000000000000005580826913828993,0.000000000000000933534162986341,0.000000000000001396118490838602,0.0000000000000018989032618075844,0.0000000000000023950984497678253,0.0000000000000028555931456686233,0.000000000000003270082481719597,0.000000000000003636945339960269,0.000000000000003953723848904076,0.0000000000000042139523231601974,0.000000000000004408726231623791,0.0000000000000045295375089506465,0.000000000000004570458725615256,0.000000000000004529272320468608,0.000000000000004407604291168656,0.000000000000004209978485324631,0.000000000000003941588681034493,0.000000000000003605196769034064,0.0000000000000031994672977159755,0.0000000000000027230268210079372,0.000000000000002186316965354223,0.0000000000000016242619400575633,0.0000000000000010951165468143994,0.0000000000000006588928412359311,0.00000000000000034930120696457945,0.00000000000000016184659237756302,0.00000000000000006529273369010528,0.000000000000000022924818570062984,0.000000000000000007019411111918865,0.0000000000000000018810033377074246,0.0000000000000000004430797485001339,0.00000000000000000009218240687660587,0.000000000000000000017020976089019222,0.0000000000000000000028024103319735567,0.00000000000000000000041326466132838004,0.0000000000000000000000548134555320824,0.0000000000000000000000065642821301625665,0.0000000000000000000000007123155580775144,0.00000000000000000000000007026778578524584,0.000000000000000000000000006320167564397037,0.0000000000000000000000000005197128484831394,0.000000000000000000000000000039167625888779593,0.000000000000000000000000000002711356419800374,0.00000000000000000000000000000017274910713698968,0.000000000000000000000000000000010148538628363679,0.0000000000000000000000000000000005506286910311667,0.00000000000000000000000000000000002763228443844484,0.0000000000000000000000000000000000012842304231202348,0.00000000000000000000000000000000000005533980031609841,0.000000000000000000000000000000000000002213294068589742,0.00000000000000000000000000000000000000008222939084660743,0.0000000000000000000000000000000000000000028400399842674146,0.00000000000000000000000000000000000000000009124301854736334,0.0000000000000000000000000000000000000000000027281471554386508,0.00000000000000000000000000000000000000000000007594369743622403,0.0000000000000000000000000000000000000000000000019687132167148592,0.00000000000000000000000000000000000000000000000004753341668885006,0.0000000000000000000000000000000000000000000000000010689271940506259,0.000000000000000000000000000000000000000000000000000022386331544863117,0.00000000000000000000000000000000000000000000000000000043651737706695215,0.00000000000000000000000000000000000000000000000000000000792008343125231,0
0,0.0000000000000000000000000000000000000000000000000000003517955802279553,0.000000000000000000000000000000000000000000000000000018521410717359829,0.0000000000000000000000000000000000000000000000000009082647574894014,0.00000000000000000000000000000000000000000000000004150971735159193,0.0000000000000000000000000000000000000000000000017682755447740253,0.0000000000000000000000000000000000000000000000702141744519942,0.000000000000000000000000000000000000000000002598575317509156,0.00000000000000000000000000000000000000000008961739042180572,0.0000000000000000000000000000000000000000028790991298546414,0.00000000000000000000000000000000000000008612693533104952,0.000000000000000000000000000000000000002397724636661545,0.00000000000000000000000000000000000006207911372160795,0.0000000000000000000000000000000000014935923252136229,0.000000000000000000000000000000000033362453525006903,0.0000000000000000000000000000000006911371457020738,0.00000000000000000000000000000001326266713830589,0.0000000000000000000000000000002354363123909911,0.0000000000000000000000000000038604593678160466,0.0000000000000000000000000000583715637416057,0.0000000000000000000000000008123738009342319,0.000000000000000000000000010385178148005107,0.0000000000000000000000001216735327071929,0.0000000000000000000000013032440169384733,0.00000000000000000000001272687612494551,0.00000000000000000000011297755618314653,0.0000000000000000000009087144341281793,0.000000000000000000006599283252212485,0.00000000000000000004310695801712894,0.00000000000000000025223771983702483,0.0000000000000000013164828845769532,0.000000000000000006101349898476301,0.000000000000000024997487315074313,0.00000000000000009015063389977044,0.0000000000000002851175490502433,0.0000000000000007886774178030376,0.0000000000000019062586366265513,0.000000000000004032324695854626,0.000000000000007501522877561972,0.000000000000012381799939176045,0.00000000000001836551691738359,0.00000000000002487764117330753,0.000000000000031335336836228547,0.00000000000003735729745095244,0.00000000000004278968764422866,0.000000000000047595121630936255,0.00000000000005173681469219457,0.00000000000005513318333372367,0.0000000000000576723333094621,0.00000000000005924627275085012,0.00000000000005977909336330322,0.00000000000005924195469396361,0.00000000000005765470077095856,0.00000000000005507303540898949,0.00000000000005155972910462364,0.000000000000047147509103594445,0.000000000000041824725487987905,0.00000000000003559342986222518,0.0000000000000286139172573576,0.000000000000021344055886892255,0.000000000000014509999144979107,0.000000000000008848214652751434,0.0000000000000047801032985818954,0.0000000000000022684571059709236,0.0000000000000009412964692309726,0.0000000000000003410647928314895,0.0000000000000001080311889666971,0.00000000000000002999720500249506,0.000000000000000007329791488857663,0.0000000000000000015829567520314223,0.0000000000000000003035153624978273,0.00000000000000000005190145988250297,0.000000000000000000007949635350683076,0.0000000000000000000010951201650808925,0.00000000000000000000013620182403100493,0.000000000000000000000015347819476237616,0.0000000000000000000000015720505330221391,0.00000000000000000000000014680394905562482,0.0000000000000000000000000125326788322402,0.00000000000000000000000000098053635762467,0.00000000000000000000000000007046574893392362,0.000000000000000000000000000004660978725019299,0.0000000000000000000000000000002842932148262839,0.000000000000000000000000000000016016707608355836,0.000000000000000000000000000000000834739765740451,0.00000000000000000000000000000000004029815142774258,0.000000000000000000000000000000000001804246201510994,0.00000000000000000000000000000000000007499677217070144,0.0000000000000000000000000000000000000028968555520987807,0.00000000000000000000000000000000000000010406254832760178,0.0000000000000000000000000000000000000000034788663694970866,0.00000000000000000000000000000000000000000010829217258848392,0.0000000000000000000000000000000000000000000031402333066776364,0.00000000000000000000000000000000000000000000008485386048673375,0.0000000000000000000000000000000000000000000000021370539657918382,0.00000000000000000000000000000000000000000000000005016868692208293,0.0000000000000000000000000000000000000000000000000010977706799506609,0.00000000000000000000000000000000000000000000000000002238661028150688,0.0000000000000000000000000000000000000000000000000000004252249745143278,0
0,0.000000000000000000000000000000000000000000000000000017567760528655327,0.0000000000000000000000000000000000000000000000000008844126351723484,0.00000000000000000000000000000000000000000000000004150971735159193,0.0000000000000000000000000000000000000000000000018172692811238302,0.00000000000000000000000000000000000000000000007421510018456714,0.000000000000000000000000000000000000000000002827144683305623,0.0000000000000000000000000000000000000000001004424265010167,0.0000000000000000000000000000000000000000033272248999448817,0.00000000000000000000000000000000000000010272520972422464,0.00000000000000000000000000000000000000295452195100296,0.0000000000000000000000000000000000000791131191405087,0.000000000000000000000000000000000001970814858455311,0.000000000000000000000000000000000045636418526358,0.000000000000000000000000000000000981348746974005,0.000000000000000000000000000000019574996935194347,0.00000000000000000000000000000036174843007535513,0.000000000000000000000000000006184925732142156,0.00000000000000000000000000009768178093652101,0.0000000000000000000000000014226556717294162,0.000000000000000000000000019070915798377947,0.00000000000000000000000023481405770821486,0.0000000000000000000000026494984609222645,0.000000000000000000000027327587916744417,0.0000000000000000000002569488343480583,0.0000000000000000000021958490227821276,0.00000000000000000001700044808638446,0.0000000000000000001188226278998025,0.000000000000000000746943743714908,0.0000000000000000042062645081547064,0.000000000000000021130952757106315,0.0000000000000000943007203741328,0.00000000000000037228852240460034,0.0000000000000012952492901950934,0.000000000000003958975555161382,0.000000000000010610651924229474,0.00000000000002493493964415508,0.000000000000051506415459287985,0.00000000000009404654060577148,0.00000000000015317753011854147,0.00000000000022532764937698198,0.00000000000030393796020741683,0.0000000000003822524337351861,0.0000000000004556356586960709,0.0000000000005219966475059097,0.0000000000005806788155863845,0.0000000000006311649970435262,0.0000000000006724901193734488,0.0000000000007033459158438803,0.0000000000007224585397991209,0.0000000000007289241186391311,0.000000000000722392947388443,0.0000000000007030874818264992,0.0000000000006716415473097555,0.0000000000006287574798458685,0.0000000000005748014201297977,0.0000000000005097174663877812,0.000000000000433779291552122,0.0000000000003492098753431475,0.0000000000002615795057056107,0.00000000000017931120839288108,0.000000000000110819075616525,0.00000000000006100398221136691,0.00000000000002965004829120801,0.000000000000012655758302038606,0.000000000000004733254581621564,0.0000000000000015514440039401874,0.0000000000000004465788885214012,0.00000000000000011325067253392454,0.00000000000000002540119633109663,0.000000000000000005060177303013003,0.0000000000000000008991511431440783,0.00000000000000000014311125431066443,0.000000000000000000020484647528188104,0.0000000000000000000026468844271421434,0.0000000000000000000003098274979411604,0.000000000000000000000032960679132151064,0.000000000000000000000003196422510232989,0.0000000000000000000000002833459746709959,0.000000000000000000000000023016849103881634,0.0000000000000000000000000017172998585625865,0.00000000000000000000000000011792990810517823,0.000000000000000000000000000007467962469813286,0.0000000000000000000000000000004368432963859227,0.00000000000000000000000000000002364106454365849,0.000000000000000000000000000000001185306276123569,0.00000000000000000000000000000000005512603873000184,0.0000000000000000000000000000000000023808151764643247,0.00000000000000000000000000000000000009557845081614787,0.000000000000000000000000000000000000003569666712130674,0.00000000000000000000000000000000000000012412066437482904,0.000000000000000000000000000000000000000004020441159434632,0.00000000000000000000000000000000000000000012137559126497862,0.0000000000000000000000000000000000000000000034165132594930924,0.00000000000000000000000000000000000000000000008969056059032517,0.0000000000000000000000000000000000000000000000021963004427016768,0.000000000000000000000000000000000000000000000000050169409767143975,0.0000000000000000000000000000000000000000000000000010689558514424176,0.000000000000000000000000000000000000000000000000000021234195164281926,0
0,0.0000000000000000000000000000000000000000000000000008162330154784677,0.00000000000000000000000000000000000000000000000003932988571377058,0.0000000000000000000000000000000000000000000000017682755447740253,0.00000000000000000000000000000000000000000000007421510018456714,0.000000000000000000000000000000000000000000002907675326215437,0.00000000000000000000000000000000000000000010633095839220108,0.000000000000000000000000000000000000000003628573172221031,0.00000000000000000000000000000000000000011551275317429946,0.0000000000000000000000000000000000000034288663901716006,0.00000000000000000000000000000000000009485471696959278,0.0000000000000000000000000000000000024438112070800274,0.00000000000000000000000000000000005859213806553577,0.000000000000000000000000000000001306125273274172,0.00000000000000000000000000000002704337521917194,0.0000000000000000000000000000005194785424867423,0.00000000000000000000000000000924581675670028,0.00000000000000000000000000015225474713046099,0.000000000000000000000000002316081691569108,0.000000000000000000000000032488683694160055,0.0000000000000000000000004194368337053301,0.000000000000000000000004973203233446749,0.00000000000000000000005402969295028241,0.0000000000000000000005364803996660347,0.000000000000000000004855126015098932,0.00000000000000000003992733150875879,0.0000000000000000002974106033883303,0.0000000000000000019996265562993973,0.000000000000000012090414782079399,0.00000000000000006548575431342663,0.00000000000000031646785244699746,0.0000000000000013591117146415592,0.000000000000005167405620498703,0.000000000000017335479553647828,0.000000000000051188726605626866,0.0000000000001328959740730923,0.00000000000030361215195447626,0.0000000000006124311700105121,0.000000000001097612198927009,0.0000000000017640948040882377,0.0000000000025733848178543567,0.0000000000034559892233555004,0.000000000004339187675750557,0.000000000005170777542350967,0.000000000005924802238869305,0.000000000006591515461009428,0.000000000007164133614311515,0.000000000007631957504931452,0.000000000007980778540662333,0.000000000008196664861313031,0.000000000008269632939944428,0.000000000008195736993840002,0.000000000007977252480040991,0.000000000007620819678586469,0.00000000000713369930727984,0.000000000006519783672061231,0.00000000000577959020789545,0.0000000000049190747787117435,0.000000000003966249925046183,0.000000000002983883120609366,0.0000000000020626966414289526,0.0000000000012919887013376677,0.0000000000007246744481746088,0.00000000000036072840589998684,0.00000000000015840011677249401,0.00000000000006116415105111798,0.00000000000002075417028505961,0.000000000000006196011888195398,0.0000000000000016316625081898424,0.000000000000000380309479814621,0.00000000000000007876027869230966,0.00000000000000001455099251724381,0.0000000000000000024079238139021226,0.00000000000000000035830608732236954,0.00000000000000000004812170865313779,0.000000000000000000005853549474222653,0.000000000000000000000646994035423302,0.0000000000000000000000651763050693677,0.0000000000000000000000060005394406005215,0.000000000000000000000000506180960684637,0.00000000000000000000000003921449600581156,0.000000000000000000000000002795987935337571,0.00000000000000000000000000018382813905166982,0.000000000000000000000000000011164518368781676,0.00000000000000000000000000000062735093871983025,0.00000000000000000000000000000003266234955449628,0.000000000000000000000000000000001577650856777294,0.00000000000000000000000000000000007077850549528796,0.000000000000000000000000000000000002952313920489547,0.0000000000000000000000000000000000001145998045599185,0.0000000000000000000000000000000000000041428871254578556,0.00000000000000000000000000000000000000013957507364946218,0.000000000000000000000000000000000000000004384673281579001,0.0000000000000000000000000000000000000000001284939661507252,0.0000000000000000000000000000000000000000000035138966021894046,0.00000000000000000000000000000000000000000000008969205353940432,0.0000000000000000000000000000000000000000000000021371202054847288,0.00000000000000000000000000000000000000000000000004753547436375425,0.0000000000000000000000000000000000000000000000000009865619416627743,0
0,0.00000000000000000000000000000000000000000000000003529137285975381,0.0000000000000000000000000000000000000000000000016290117796044077,0.0000000000000000000000000000000000000000000000702141744519942,0.000000000000000000000000000000000000000000002827144683305623,0.00000000000000000000000000000000000000000010633095839220108,0.000000000000000000000000000000000000000003734910640951583,0.00000000000000000000000000000000000000012248551507603758,0.000000000000000000000000000000000000003748895256974061,0.00000000000000000000000000000000000010703363687721692,0.0000000000000000000000000000000000028488756455858174,0.00000000000000000000000000000000007064038524817366,0.0000000000000000000000000000000016304212671696664,0.000000000000000000000000000000034994794444412315,0.0000000000000000000000000000006977502487567386,0.000000000000000000000000000012908307881839865,0.00000000000000000000000000022127472261435645,0.000000000000000000000000003509497260219894,0.000000000000000000000000051416097880735966,0.0000000000000000000000006945661186730604,0.00000000000000000000000863438660507628,0.0000000000000000000000985632366929016,0.0000000000000000000010307186736668573,0.000000000000000000009849006208151169,0.00000000000000000008575555180823578,0.0000000000000000006783325456938841,0.000000000000000004858801794238167,0.00000000000000003140684743408114,0.00000000000000018253623763340875,0.0000000000000009503097401775086,0.00000000000000441482728426217,0.000000000000018233793776993673,0.00000000000006672248169691476,0.00000000000021571689550337457,0.0000000000006150955589274559,0.000000000001546444849300624,0.0000000000034341979523487944,0.000000000006764574871041904,0.00000000001190009263167996,0.000000000018872661323695487,0.00000000002729807399157841,0.000000000036494063345661886,0.000000000045735529831256835,0.0000000000544790261550184,0.00000000006242994846281248,0.00000000006946145060712914,0.00000000007549099902666864,0.0000000000804074807272349,0.00000000008406779605989727,0.0000000000863310231930006,0.0000000000870951456807729,0.00000000008631882383344632,0.00000000008402310042724669,0.00000000008027175776870088,0.00000000007513402815076774,0.00000000006864950294026495,0.0000000000608375882060415,0.00000000005179110007601352,0.00000000004183166943746712,0.000000000031613001808034724,0.000000000022040243144397304,0.000000000013991599785980813,0.000000000007996232236978516,0.000000000004076648783431271,0.0000000000018418376216987658,0.0000000000007344966074807713,0.0000000000002581206416494922,0.00000000000007996838276292221,0.00000000000002188212499782436,0.000000000000005303758892304882,0.0000000000000011426380078029787,0.00000000000000021963440977260421,0.00000000000000003781218908111374,0.000000000000000005852641016839354,0.0000000000000000008174247218898323,0.00000000000000000010337683497223362,0.000000000000000000011876476470789768,0.0000000000000000000012432307250737201,0.00000000000000000000011891267244205232,0.000000000000000000000010419188324721582,0.0000000000000000000000008382909471522378,0.00000000000000000000000006206549582058246,0.0000000000000000000000000042369993602047575,0.0000000000000000000000000002671782966328469,0.000000000000000000000000000015587948300632778,0.0000000000000000000000000000008426845597434839,0.0000000000000000000000000000000422677980222132,0.000000000000000000000000000000001969443002037396,0.00000000000000000000000000000000008533570181048732,0.000000000000000000000000000000000003441774488287912,0.00000000000000000000000000000000000012931765851191698,0.0000000000000000000000000000000000000045296765059202205,0.00000000000000000000000000000000000000014800380720201382,0.00000000000000000000000000000000000000000451326462527234,0.00000000000000000000000000000000000000000012849643490912413,0.000000000000000000000000000000000000000000003416635539089356,0.00000000000000000000000000000000000000000000008485810446991549,0.0000000000000000000000000000000000000000000000019688355394297557,0.00000000000000000000000000000000000000000000000004265493867803884,0
0,0.0000000000000000000000000000000000000000000000014200643888419607,0.00000000000000000000000000000000000000000000006284243899582485,0.000000000000000000000000000000000000000000002598575317509156,0.0000000000000000000000000000000000000000001004424265010167,0.000000000000000000000000000000000000000003628573172221031,0.00000000000000000000000000000000000000012248551507603758,0.0000000000000000000000000000000000000038620097658950366,0.0000000000000000000000000000000000001136913380792521,0.0000000000000000000000000000000000031231126809821716,0.00000000000000000000000000000000008000357416837936,0.0000000000000000000000000000000019096806300502667,0.000000000000000000000000000000042438609336309463,0.000000000000000000000000000000877160862444045,0.000000000000000000000000000016843428863620546,0.00000000000000000000000000030010580396160876,0.000000000000000000000000004954629775097092,0.00000000000000000000000007567954556415365,0.0000000000000000000000010676950469477353,0.000000000000000000000013887285017050173,0.00000000000000000000016619328634071024,0.0000000000000000000018259134870810703,0.00000000000000000001837289582902371,0.00000000000000000016887966784747012,0.0000000000000000014140337111503683,0.000000000000000010752585630298466,0.00000000000000007401764127637312,0.0000000000000004596671976946612,0.0000000000000025661925965706504,0.000000000000012831808372062991,0.00000000000005726195540258839,0.00000000000022726640723655108,0.0000000000007998271454798933,0.000000000002490484288500255,0.000000000006854050152231815,0.000000000016682055311778032,0.0000000000360039544016857,0.00000000006924984437952406,0.00000000011957454768883629,0.00000000018711354075988967,0.00000000026832477151899396,0.00000000035701806739765144,0.00000000044651366618453353,0.0000000005315945000299002,0.0000000006092038003142052,0.0000000006778706202537983,0.0000000007366681846577381,0.0000000007845164264334,0.0000000008200810714029431,0.0000000008420473235486991,0.0000000008494535637840257,0.0000000008418985701377015,0.0000000008195558855892145,0.0000000007829844590981028,0.0000000007327925144841815,0.0000000006693674775739756,0.0000000005930522001744739,0.0000000005050432855840473,0.00000000040870825580791796,0.0000000003103242304313657,0.0000000002182341588950643,0.00000000014041970379199114,0.00000000008176913729605162,0.000000000042698629786950123,0.000000000019852353051539962,0.000000000008178903583722068,0.0000000000029783189163509712,0.0000000000009581464270469474,0.00000000000027262843618780986,0.0000000000000687681605734324,0.000000000000015424288930618462,0.0000000000000030869727064466893,0.0000000000000005532970326796769,0.00000000000000008914104164681137,0.000000000000000012955316930927016,0.0000000000000000017043520344547458,0.00000000000000000020361898711447462,0.00000000000000000002215852965845781,0.0000000000000000000022026740517812734,0.00000000000000000000020052896152408664,0.000000000000000000000016759595152748042,0.0000000000000000000000012887438008439455,0.00000000000000000000000009136147041499623,0.000000000000000000000000005982106316031025,0.0000000000000000000000000003623846184890824,0.00000000000000000000000000002034104124771293,0.0000000000000000000000000000010594116873091007,0.00000000000000000000000000000005126082357919516,0.0000000000000000000000000000000023068568825421243,0.00000000000000000000000000000000009664997024742213,0.000000000000000000000000000000000003773199015434741,0.000000000000000000000000000000000000137365209810987,0.00000000000000000000000000000000000000466646390430238,0.0000000000000000000000000000000000000001480070887318663,0.000000000000000000000000000000000000000004384854391165942,0.00000000000000000000000000000000000000000012138259892494417,0.0000000000000000000000000000000000000000000031404586343740815,0.00000000000000000000000000000000000000000000007595004787158705,0.0000000000000000000000000000000000000000000000017163234312440972,0
0,0.00000000000000000000000000000000000000000000005317482254158902,0.0000000000000000000000000000000000000000000022576165364862774,0.00000000000000000000000000000000000000000008961739042180571,0.0000000000000000000000000000000000000000033272248999448817,0.00000000000000000000000000000000000000011551275317429946,0.000000000000000000000000000000000000003748895256974061,0.0000000000000000000000000000000000001136913380792521,0.000000000000000000000000000000000003220209872439943,0.00000000000000000000000000000000008513572270205611,0.0000000000000000000000000000000020994396519851464,0.000000000000000000000000000000048250899943505213,0.000000000000000000000000000001032561877481296,0.00000000000000000000000000002055337269773726,0.00000000000000000000000000038010286749818514,0.000000000000000000000000006522424632180483,0.00000000000000000000000010370188078236093,0.0000000000000000000000015252849060431226,0.000000000000000000000020718233614768488,0.00000000000000000000025940115886458513,0.00000000000000000000298753960445423,0.000000000000000000031579412593802936,0.00000000000000000030562305490713097,0.000000000000000002700952214151323,0.000000000000000021735311860562532,0.00000000000000015878739589326444,0.0000000000000010497097183149518,0.000000000000006258326111929261,0.00000000000003353270431857566,0.0000000000001609072477350516,0.0000000000006891303037574206,0.000000000002626028247925596,0.000000000008881226165017906,0.000000000026615093218057132,0.00000000007065667736028794,0.0000000001664178924131943,0.0000000003489943511319257,0.0000000006553890518803309,0.0000000011107160477400649,0.0000000017147867380604718,0.000000002437526331292931,0.0000000032271874539621723,0.000000004027086147748797,0.0000000047911649638867124,0.00000000549046098628469,0.000000006109660992698132,0.000000006639202877051743,0.00000000706927309215022,0.0000000073883716045873574,0.000000007585215633641848,0.000000007651470263749049,0.000000007583537481410352,0.000000007382665163808576,0.000000007053296560205381,0.000000006600355392328541,0.00000000602749404574521,0.00000000533933496395602,0.000000004549234922296074,0.0000000036893305883000848,0.0000000028150416217980466,0.00000000199719877252349,0.000000001302640905868606,0.0000000007729604880238402,0.0000000004134590079572936,0.0000000001978683103240614,0.00000000008425081286676348,0.00000000003180833421034317,0.000000000010633566884556085,0.000000000003148784039519179,0.0000000000008272957512351346,0.00000000000019335531507324192,0.00000000000004032698253903588,0.00000000000000753135759917627,0.0000000000000012639374469213686,0.00000000000000019128297176402086,0.000000000000000026193884201086912,0.00000000000000000325611766923257,0.0000000000000000003685515804989936,0.00000000000000000003809153502040208,0.000000000000000000003604428502032433,0.00000000000000000000031302660743488846,0.000000000000000000000025005684663560004,0.0000000000000000000000018412180879365266,0.00000000000000000000000012519929717481816,0.00000000000000000000000000787551724482972,0.0000000000000000000000000004590082770751667,0.000000000000000000000000000024822591157513253,0.000000000000000000000000000001247155566172141,0.00000000000000000000000000000005828366657479368,0.0000000000000000000000000000000025361711065757657,0.000000000000000000000000000000000102853211667189,0.000000000000000000000000000000000003890617744217908,0.00000000000000000000000000000000000013736872604329159,0.0000000000000000000000000000000000000045298924582440335,0.00000000000000000000000000000000000000013958437408066735,0.000000000000000000000000000000000000000004020774144766147,0.0000000000000000000000000000000000000000001083026277746422,0.000000000000000000000000000000000000000000002728441980931225,0.00000000000000000000000000000000000000000000006426687963174747,0
0,0.000000000000000000000000000000000000000000001852601034457943,0.00000000000000000000000000000000000000000007551006753036177,0.0000000000000000000000000000000000000000028790991298546414,0.00000000000000000000000000000000000000010272520972422464,0.0000000000000000000000000000000000000034288663901716006,0.00000000000000000000000000000000000010703363687721692,0.0000000000000000000000000000000000031231126809821716,0.00000000000000000000000000000000008513572270205613,0.0000000000000000000000000000000021667492825343095,0.00000000000000000000000000000005144574147532387,0.000000000000000000000000000001138568640145099,0.000000000000000000000000000023464698830468073,0.0000000000000000000000000004498247209752166,0.000000000000000000000000008011574000200773,0.00000000000000000000000013239034524161155,0.0000000000000000000000020268300251351987,0.000000000000000000000028700986294433464,0.0000000000000000000003752530503242973,0.000000000000000000004521250119735784,0.00000000000000000005009382957541619,0.0000000000000000005092224945166007,0.0000000000000000047375450157863216,0.000000000000000040231182558721375,0.00000000000000031095220007383585,0.0000000000000021808375617035418,0.0000000000000138343135550574,0.0000000000000791128648441631,0.00000000000040645787736502645,0.0000000000018698421174403314,0.0000000000076779213602202,0.000000000028063617510001226,0.00000000009112359324569835,0.0000000002626066917186017,0.0000000006720756253985691,0.0000000015311550538593735,0.000000003119195941372126,0.000000005718396531833053,0.00000000951076234410134,0.000000014484410524701818,0.00000002040491662578121,0.000000026875027589959344,0.00000003345311318704294,0.000000039766425263710976,0.000000045564839999989994,0.00000005070478993629061,0.000000055096006293774857,0.0000000586553172583835,0.00000006129122848331649,0.00000006291494764800924,0.00000006346027355626251,0.00000006289747873851362,0.00000006123404999846495,0.00000005850181275786517,0.00000005473757165789213,0.000000049974355928140844,0.00000004426439250063771,0.000000037739217494893536,0.000000030677945333453284,0.000000023529033215437575,0.000000016844528733776646,0.000000011138416149735337,0.0000000067355944863886476,0.00000000369118872849676,0.0000000018187481795612455,0.000000000800719239549542,0.00000000031362978185873065,0.00000000010903973243833391,0.00000000003363383241555198,0.000000000009213536721650434,0.000000000002246138437414328,0.000000000000488670824691252,0.00000000000009518189876915152,0.00000000000001665410289095385,0.0000000000000026266564464069297,0.00000000000000037467747867295764,0.000000000000000048493603179663585,0.000000000000000005712301675899113,0.0000000000000000006141630196899219,0.00000000000000000006043155369655567,0.0000000000000000000054554306489873996,0.0000000000000000000004528717046374902,0.00000000000000000000003464330135885066,0.0000000000000000000000024468289597810406,0.0000000000000000000000001598452868332386,0.000000000000000000000000009674151858115497,0.0000000000000000000000000005432314923961816,0.000000000000000000000000000028339933990429507,0.0000000000000000000000000000013752494802661576,0.00000000000000000000000000000006214508219957062,0.0000000000000000000000000000000026175687010363088,0.00000000000000000000000000000000010285625448344631,0.000000000000000000000000000000000003773406800394262,0.0000000000000000000000000000000000001293276079998933,0.0000000000000000000000000000000000000041432832325017306,0.0000000000000000000000000000000000000001241344975984169,0.000000000000000000000000000000000000000003479300422396469,0.00000000000000000000000000000000000000000009125541317485237,0.000000000000000000000000000000000000000000002238993674076194,0
