0,0,0,0,0,0,0,0,0,0,0,0,0,0,0,0,0,0,0,0,0,0,0,0,0,0,0,0,0,0,0,0,0,0,0,0,0,0,0,0,0,0,0,0,0,0,0,0,0,0,0,0,0,0,0,0,0,0,0,0,0,0,0,0,0,0,0,0,0,0,0,0,0,0,0,0,0,0,0,0,0,0,0,0,0,0,0,0,0,0,0,0,0,0,0,0,0,0,0,0
0,-0.014644418106353096,-0.03804923919252931,-0.05016724535076006,-0.05986076521978898,-0.06537858837320719,-0.07638668677435241,-0.09331094449956952,-0.11412828540198627,-0.14069877003866216,-0.15947159571344674,-0.1776122026660317,-0.17842563006410586,-0.1931974160820897,-0.19732192451783725,-0.20788946727136678,-0.21047091498125994,-0.22419143407506867,-0.22782623713990136,-0.22597306984780838,-0.23351310064707206,-0.21507300412043995,-0.192126242913005,-0.18298397660947352,-0.17062656098894818,-0.15581073383735447,-0.1263844587273865,-0.08492541730670458,-0.029117854374677114,0.024485640545528046,0.08552051578318333,0.1461914232179654,0.1921239481991239,0.24508102857728922,0.2999658356227886,0.35431333324437697,0.40102796481445546,0.4478785054250672,0.4684010727652872,0.45103923500265564,0.4174546551015735,0.36493036029901715,0.3166759688897192,0.28279411858074016,0.24942477220653367,0.21119681529505546,0.18658870888127263,0.1602313647680882,0.12512234286931043,0.1096415401737755,0.11540177302335179,0.1384212462023244,0.17771461942005093,0.20968905460800938,0.23575647926948418,0.27569746473510715,0.3087714557176109,0.34099972856011995,0.38570984474548003,0.43550346022420666,0.4645407442266516,0.4782034050022151,0.4565896540838865,0.41147160411589834,0.3693413139569147,0.32121898119584963,0.26801680277179835,0.2173833780050837,0.17383821844316844,0.11447430826807312,0.053200977588165346,-0.006357567809584281,-0.06880279520995702,-0.11584226904754734,-0.15121002309901851,-0.17393283595095096,-0.19423517334632304,-0.2043238683643357,-0.2293001135280713,-0.2452712818590434,-0.23791036813701907,-0.2411629413768878,-0.2353920047741767,-0.22112432742879196,-0.21796921147642687,-0.20708731846365355,-0.2069544021942023,-0.20075246256072962,-0.2061578091141017,-0.19547801923206656,-0.18574065505001575,-0.16844708056741914,-0.15452650643339164,-0.14023258924211268,-0.12602964054484667,-0.11444231061992136,-0.09739892712689342,-0.06936619144668343,-0.03182860983913425,0
0,-0.038049239192524,-0.0804727471923535,-0.11279373097551033,-0.12951750328896663,-0.14224278921906663,-0.16406305860375217,-0.20652154574684803,-0.25108030559945255,-0.3062914671895363,-0.35322273870536025,-0.38574344645879266,-0.3921817978592431,-0.42430885284540204,-0.43200879428922795,-0.4540851564049655,-0.4524451420666367,-0.482507190308398,-0.4777950964390194,-0.4704784256938349,-0.4779504809525056,-0.44556679473621347,-0.4004089241813206,-0.3718340570853673,-0.3503047851246552,-0.306323974001861,-0.24312050896254284,-0.15275223201080582,-0.042145574076718186,0.05532085450986508,0.16575689145963138,0.28070691716282187,0.37541492387819586,0.476848997832409,0.5811196776320391,0.692084656356744,0.7747572664614002,0.8660612388049043,0.898440718200003,0.862309178333478,0.8063995004660232,0.7138567854480123,0.6192933492299993,0.5503215788710097,0.4881657346876784,0.4152324999418391,0.3798975269130819,0.3404969437292105,0.28166697021692433,0.25724057811769835,0.26680784586170053,0.30809892831815316,0.37683738632915853,0.42733088746495196,0.46816128532420437,0.5462061208643596,0.6086896275702215,0.6738951617826546,0.761030203520713,0.8467192630554589,0.8928764296481629,0.92151426061221,0.8851187427099593,0.7939762431700759,0.7189397384988631,0.6176605706576526,0.5171570880216757,0.4203779193850467,0.3324469606292838,0.2215844818997416,0.10767094384000644,-0.0004081282690640026,-0.12409781981267065,-0.22444587079343617,-0.2973724638364317,-0.3530346776805688,-0.38967212084952746,-0.42004755765823526,-0.4694324177064764,-0.49981568801440246,-0.4925142705168217,-0.5019359493801162,-0.5042260912919402,-0.4753421253528186,-0.4764027055859517,-0.4523858438146884,-0.4519560145625048,-0.4344563500863895,-0.4401850954341626,-0.42197682367408773,-0.3948408805615041,-0.36031313750371863,-0.3299766115994605,-0.29253812923830524,-0.26178548828853015,-0.2354239992913603,-0.2043390806148373,-0.14075112091206493,-0.07047012107307635,0
0,-0.0501672453507723,-0.11279373097550706,-0.17188290665148817,-0.20865710562165515,-0.21721152811970815,-0.23896716966713902,-0.3020463013343045,-0.36701093112054156,-0.4415798112779345,-0.5058652539134829,-0.5522735662396828,-0.5719991986618292,-0.6054549572525649,-0.6094520659839783,-0.6400638220027542,-0.631251857745818,-0.6641958859206407,-0.6472783439730172,-0.6433781949176789,-0.654014864847763,-0.6221109398896385,-0.5577194690826403,-0.5068220904992878,-0.4668191460496569,-0.40863492923636846,-0.3362976872273882,-0.2127346118550147,-0.06173181855581337,0.07798546455452618,0.2264974825071813,0.39152289668408774,0.5240996699232003,0.6599176480015889,0.8012456245624097,0.9487221533330809,1.0546609314511997,1.1858344859241785,1.2294414951359096,1.1770794485625455,1.1089518193210812,0.9778993460087445,0.8459603159532144,0.7504468717293985,0.6652301117736945,0.566072727086477,0.5314473634680204,0.4858810998635954,0.40307668491258386,0.3744669805628894,0.3885180152520776,0.44649494664596867,0.544420098016401,0.6076857776731216,0.650167390289521,0.7559859489098637,0.8448855767108845,0.9350472745758918,1.0568315136822133,1.175221058105458,1.2284619965320203,1.2663672766788006,1.214212728226218,1.0805856799865392,0.9849075742883961,0.8486343847160267,0.71436489711273,0.5864256900730181,0.46335775162504694,0.30605482032011416,0.15188605744160533,0.00004116331291341673,-0.16977293005796626,-0.3065382163789286,-0.3937302673499343,-0.46882496956239333,-0.5290311780117043,-0.5827265609528836,-0.6527884123903359,-0.6842954817389604,-0.6771447088129062,-0.6873740712559007,-0.7028717210879052,-0.672132111786418,-0.6810946281966632,-0.6491514981347075,-0.6542145375974712,-0.6386166308545225,-0.6355537537904512,-0.6116452824204438,-0.578438526024255,-0.5330429544058838,-0.48759812737685304,-0.43106118707594276,-0.39533400827555537,-0.366004337338663,-0.3057558614245362,-0.1995396963922595,-0.09629860451314701,0
0,-0.059860765219805864,-0.1295175032889494,-0.2086571056215983,-0.2621272360403595,-0.2751754165629249,-0.28314376115138706,-0.35550763363544297,-0.4187486412651318,-0.5171887229420009,-0.5951857371033603,-0.6547117410152206,-0.6707449456906981,-0.7133022013732208,-0.7059105529509344,-0.7579238673326837,-0.7306364059644527,-0.7652063116459313,-0.7489940047095448,-0.7454291807455954,-0.7605167381609607,-0.7275661242028386,-0.6613786731759974,-0.5986330711820393,-0.5514548123655052,-0.48766765704457676,-0.4033905377204778,-0.255199105795668,-0.07865520949934905,0.10229477926518939,0.292327267138461,0.497757146068379,0.669881710201196,0.8411120193507913,1.0030827528519788,1.1867392952316798,1.3111671205496584,1.4647344225930252,1.5175409590220654,1.4499279264576854,1.3628295521483609,1.2062081594224445,1.0470953611144926,0.9224554183723181,0.8115796179497213,0.6817441192075866,0.6300089103149671,0.5749147295621758,0.4843531758630002,0.44855639539744485,0.4680451277928267,0.543981707360053,0.6574080912868209,0.7378245718427535,0.7987759088311348,0.9383564552316577,1.0531056605107147,1.1708704060414739,1.3153684524556588,1.4571192804387805,1.524667375313991,1.5739219164297662,1.5076545729878488,1.3476269109269747,1.2333595790383864,1.0639558471720294,0.9100192173722844,0.749434867665259,0.5893698379918624,0.3928679653161878,0.1959845873223198,0.0002781918773434988,-0.19960292847856487,-0.36526194818507,-0.4706110488801943,-0.5554095920908682,-0.6285112650454858,-0.6945386085153389,-0.7700675752030085,-0.8030216835739098,-0.7941142342462818,-0.8057027267467961,-0.8216724796647636,-0.7910823366500431,-0.8186647303931349,-0.7638764867121121,-0.7819720536442996,-0.7615592020792215,-0.7687764373137558,-0.7380270983629493,-0.6994413435344998,-0.6394428043265399,-0.6003106685419624,-0.5363113709156662,-0.5098378900232089,-0.4674645415626923,-0.3823445318375225,-0.24247349136501295,-0.1193867760233315,0
0,-0.06537858837319459,-0.1422427892190723,-0.21721152811973166,-0.2751754165629489,-0.27539879796345734,-0.27376776591739005,-0.3482768392553015,-0.41853742658631854,-0.5376279557904755,-0.6343371235870113,-0.7156608533076496,-0.7291573229058695,-0.7794250441159651,-0.7787761848986433,-0.8471765852384318,-0.8180057930140692,-0.8601840208200783,-0.850314109990455,-0.8401568957195019,-0.8578007450181839,-0.8299320873324258,-0.7613170362459101,-0.6952492339240003,-0.6393138415770309,-0.5801310267207624,-0.4820789058088796,-0.3107041695624737,-0.09675607531477985,0.1275621446483637,0.3640736813231102,0.620663323889634,0.8275080226063984,1.026633031133066,1.2182602248862942,1.4351925272896287,1.584728279765782,1.7568150558742117,1.8170225469229626,1.7364994143257448,1.6383357511821437,1.4552741829443223,1.2665684768519074,1.1111411045451867,0.9746295177403577,0.8136958921539867,0.7362472884014363,0.6624622392682417,0.552490692232237,0.5111224423038526,0.535235636629548,0.6257116963651355,0.7646049960838639,0.8702804661922948,0.9572517129168814,1.1314192685422704,1.2732225744302863,1.4214322574248848,1.5937533052056774,1.7603714303982718,1.8371280284874811,1.895962388454173,1.8186259076945794,1.6385674067322333,1.500525604765739,1.3003295626341365,1.1141375244522638,0.9248340716145373,0.7307438094098437,0.4827230202338186,0.23609703356587713,-0.007943279100885842,-0.2518655855320225,-0.44682305297236075,-0.5697262228320337,-0.6531998262085773,-0.7405647071398024,-0.8112807248583771,-0.8903001396797562,-0.9159492970302855,-0.9031290674322334,-0.9221415069312462,-0.9307383106328233,-0.8915354296814797,-0.9182527740184595,-0.8459646117865572,-0.8605988824384704,-0.8389552559358814,-0.8517451002409808,-0.8058680923469065,-0.7577567725294585,-0.6840561664137504,-0.6444335664065621,-0.5813465409722469,-0.5589454324442225,-0.5223390429762034,-0.42754555906609665,-0.2805910271942396,-0.1396519350791353,0
0,-0.07638668677439185,-0.16406305860377116,-0.23896716966724688,-0.2831437611513863,-0.27376776591734653,-0.26474920592664536,-0.3474279462113126,-0.4368893122286748,-0.5784436433364786,-0.6958958139068099,-0.7981436480200838,-0.8074419997761745,-0.8703654258027708,-0.8756456988505864,-0.964641619255397,-0.9372468072928559,-0.9958354641869658,-0.9924850808298742,-0.981455074312674,-1.0016073558157568,-0.9679501970221469,-0.8958723438619716,-0.8369386312635144,-0.7956489271362964,-0.73302582194592,-0.6229022419574052,-0.4234154362632249,-0.17050326958505999,0.08147385652073194,0.35805572020988324,0.6535610284813749,0.8889544402130178,1.1215299276532233,1.3425664253733256,1.595352077544261,1.7659998377257238,1.9698644366729388,2.0419512211468422,1.9509660370426534,1.8453984508359835,1.637112001447652,1.4203068028435855,1.24976684383844,1.0923716554828486,0.9028825526976791,0.8087491164874554,0.710827419932319,0.5824096631837836,0.5387150452048353,0.5646245685716647,0.6624853870921538,0.8241342139655627,0.959647448447094,1.0671874819090212,1.2725663455929404,1.437071040316618,1.6020078765831707,1.800339914078712,1.9928455002921288,2.0761521206168307,2.1435171705886344,2.051758623880466,1.8388014659755478,1.6814276038621347,1.446601363968333,1.2300105835595097,1.0061478475919163,0.7819036191679547,0.4911382535596502,0.19710997206352562,-0.08127975461839339,-0.3700057954667497,-0.5981327744988468,-0.7379426876272961,-0.8279558942297347,-0.9045326049418008,-0.966795218974697,-1.0504047627075488,-1.0794020989990236,-1.0624056103138637,-1.0818940239608068,-1.0820815875165137,-1.0264997502037783,-1.0489347144956773,-0.9539189983037655,-0.9653690988648067,-0.9333288357936815,-0.9534155037024432,-0.8949602604647497,-0.8360188945694703,-0.745561697741114,-0.6897038561914746,-0.6208153332877236,-0.6026303959250415,-0.5691367799826692,-0.4814734647903184,-0.322540697401828,-0.16130160563085244,0
0,-0.09331094449957306,-0.20652154574686357,-0.3020463013343342,-0.3555076336355625,-0.34827683925531416,-0.34742794621131,-0.4324023884475643,-0.5409294613398418,-0.7087475799384716,-0.8466831034940606,-0.9618039801204263,-0.9733790905158625,-1.0497091348236938,-1.0711829072068026,-1.1631259211552474,-1.1274430941169613,-1.1967215902051804,-1.1980113951952527,-1.1919577809441748,-1.2117039429218732,-1.1846912393252709,-1.108560198803018,-1.0385206028909906,-1.0012036674621778,-0.9335632072864355,-0.8064159748980789,-0.5815781413661607,-0.29664924408466575,-0.008806060116052151,0.29508311062262876,0.6267044309967073,0.893225853515733,1.1617028408679917,1.4130434477693263,1.701404776936747,1.8908636415741622,2.1201913698011277,2.211272745280304,2.125426642099772,2.015430297601667,1.7932656739051478,1.5686126546362127,1.3764985881082803,1.2018153104217835,0.9927717129942958,0.8808937146698731,0.7743974600251462,0.6416630894030104,0.6005486428679607,0.6275331878242332,0.7291426017826005,0.8993601450392675,1.049114266334706,1.1787479749708576,1.4070436104041242,1.591504802009477,1.777498242105303,1.9847269214836343,2.1885660267764337,2.273727877942335,2.3324011636407036,2.2204069096525525,1.9788528928570832,1.8034197194537835,1.532995014570912,1.2840514304724806,1.0211388082057464,0.7637139739342726,0.43200577939922863,0.10274888240005124,-0.21578125680079627,-0.5423706268096052,-0.7986068459905685,-0.9587969510404426,-1.054595728555196,-1.1280894986227838,-1.2005013573665153,-1.2872995477994642,-1.3076401924553462,-1.2909699897008724,-1.30545266748932,-1.2985030864404212,-1.231189701853624,-1.2603327864259035,-1.1617858265788588,-1.1599078478160827,-1.1176214676075074,-1.1387840050204387,-1.0740972026045612,-1.0023010801202186,-0.8901602705523763,-0.817278019713389,-0.7467859127609173,-0.7174555595876446,-0.6751595359385528,-0.5713655648270235,-0.38191181906682675,-0.18748510656490594,0
0,-0.11412828540192936,-0.25108030559939676,-0.36701093112059546,-0.418748641265162,-0.4185374265863226,-0.43688931222862143,-0.5409294613398372,-0.6512206695554168,-0.8260836669697829,-0.9806168492986601,-1.1223755775545072,-1.1476545032152452,-1.2334186023974811,-1.2517598556290648,-1.3425302777888066,-1.2976899756912668,-1.386823203758093,-1.3922057582885285,-1.3877041868387416,-1.4050027490835737,-1.3717909476949997,-1.291987332323389,-1.213861706989544,-1.1825722972502162,-1.1189009125069702,-0.9687634712994516,-0.708768196976937,-0.4080843996299314,-0.09955059577797992,0.23771169547925933,0.5999974916094483,0.8871780128135144,1.1764329018203967,1.4457327835828875,1.7593323617180805,1.9672052062996515,2.225407252542894,2.335052063797565,2.261939337560391,2.1649221459866173,1.9513022180227297,1.7401402632208498,1.5501910148975897,1.3715755011222521,1.1558565520147899,1.0354386790496222,0.9191667587399937,0.7828032307143392,0.7446693075943138,0.7737618084500669,0.877230781714778,1.0546167903787733,1.2212674176613725,1.3642419608566423,1.6024967022670635,1.7921613723024699,1.9757669446019264,2.1680755624780663,2.3614809707753777,2.4311921161871632,2.473978799805594,2.3392639836313864,2.064569439758925,1.8688532769512667,1.5729294092075747,1.3036712539415125,1.0162517869985275,0.7339157971371528,0.36624683299396965,-0.002924287468710885,-0.345793136825841,-0.6915157110648676,-0.9843110335348454,-1.169154660881084,-1.2587103165786466,-1.3231803938137965,-1.400380212523445,-1.490579298209111,-1.5149753739607934,-1.499546650959028,-1.5118916154022677,-1.5009393009270926,-1.414604233446159,-1.452879182137418,-1.355530144752763,-1.3601465326234459,-1.3113774635041346,-1.3209766603431554,-1.2359111992376572,-1.155026154122281,-1.0377271560560095,-0.9625323417693061,-0.8731644699031158,-0.8216847620720319,-0.7649688385641253,-0.6548208526645996,-0.436683428347352,-0.21362228184676632,0
0,-0.14069877003866477,-0.3062914671895333,-0.44157981127796453,-0.5171887229420372,-0.5376279557905843,-0.5784436433365457,-0.7087475799384656,-0.8260836669698145,-1.0228930663568967,-1.1970027179879066,-1.3501123752632016,-1.389819392360742,-1.4936380596053724,-1.5042070286455747,-1.5980114357296509,-1.5439444683657972,-1.627758592729649,-1.632396551730957,-1.6131457649526304,-1.6223973029146757,-1.5830118500007142,-1.4895760145650476,-1.4039144968754702,-1.3686907504670711,-1.2941398933212582,-1.1255989142585587,-0.8444347653088183,-0.5186535990014407,-0.19061082462192064,0.16128134725509696,0.53476722130295,0.8346469544876902,1.1343242823852375,1.4181700625921974,1.760146650589516,1.9844058203358772,2.258460822245954,2.3900317226579064,2.3334391668331147,2.2555217192863166,2.061322616002708,1.8661172771749408,1.6819437218390487,1.5107979798640574,1.3007777069570703,1.1848948876437222,1.065741461503663,0.9178923332775185,0.8813118226974783,0.9113558720473547,1.0172882543127904,1.2117734011568408,1.386423058570246,1.5292606672891955,1.7670974036023732,1.9492385565330206,2.1267311042507,2.3038490933229934,2.477054867377473,2.5248180853190347,2.5501807796004257,2.3901794337929947,2.0956494046000294,1.8783264380596556,1.5509162037397604,1.2628325722987643,0.9588083625094536,0.6578523823711656,0.2733005231390814,-0.11588929369302475,-0.48216346333349447,-0.8528607110368159,-1.1682729361474444,-1.3726765051299727,-1.469255239902789,-1.5372473519222893,-1.6215558927124858,-1.724212023057571,-1.7544064964330186,-1.7457831410736917,-1.770313991416089,-1.7606540132690638,-1.6796459204522984,-1.7268705577447432,-1.6275917026019906,-1.6412362490066246,-1.5760760805560323,-1.572281400592904,-1.4787219126590543,-1.3808019101839177,-1.2419378309123494,-1.1572285703834007,-1.040402980236079,-0.9642700140535575,-0.8804026275633123,-0.742108036952946,-0.500101698221775,-0.24388095573881696,0
0,-0.159471595713468,-0.35322273870538706,-0.5058652539134985,-0.5951857371033717,-0.6343371235870946,-0.6958958139068797,-0.8466831034941045,-0.9806168492987041,-1.197002717988002,-1.3943154587034858,-1.5543310599669644,-1.5928935146269734,-1.7010447744865242,-1.7159778238294914,-1.806074069651827,-1.7465382769615334,-1.8471950888418083,-1.867748343344854,-1.8446335561708491,-1.8550731578061088,-1.8145388161931557,-1.716936481637607,-1.626179321360106,-1.5831684094776681,-1.5054245462180598,-1.3227055522157183,-1.009980698203974,-0.6552979185510783,-0.3000725507630811,0.09138086244773838,0.48612343237039296,0.8043079513428462,1.1254757800954434,1.4348802247117562,1.8017705651949159,2.040252100485595,2.336280093115687,2.4927153455494753,2.4523597998252193,2.396304389402598,2.2182057644574833,2.033900514932706,1.8535516836320642,1.6787160501742078,1.4671223702159693,1.3462962516661063,1.2143896217128376,1.0547268121239501,1.011803805322174,1.0432779935370315,1.1585051011002918,1.3688368263731336,1.5621157876585985,1.7149383048505444,1.9567478321888878,2.1449436110550897,2.3210116970687897,2.4886970903374097,2.646595306241813,2.6710706045143118,2.6784203250645717,2.4893051397178776,2.1665900974128127,1.9268159200630677,1.5667170219418907,1.2472137111247699,0.9162823039884418,0.5919652028327865,0.17971431499581852,-0.25662421330955965,-0.6541931544150961,-1.0538504192887128,-1.402743529821947,-1.620541624612351,-1.7163708495798695,-1.7883606780573373,-1.8751959957372915,-1.9806800080742908,-2.009292804842259,-1.9957435555615572,-2.022679472727407,-1.99599138442415,-1.8973419212791847,-1.9499307797291343,-1.8537237689277644,-1.8617319354874868,-1.7920471666777023,-1.7880223439863694,-1.6894889932735306,-1.5712371997212529,-1.4118761837182794,-1.3087802822950498,-1.171637517712287,-1.0734430643212274,-0.9669886679028736,-0.8117380003433345,-0.5507583391338303,-0.2661980191382668,0
0,-0.1776122026660246,-0.3857434464589008,-0.5522735662397442,-0.6547117410152646,-0.7156608533076595,-0.7981436480201524,-0.961803980120498,-1.1223755775544912,-1.3501123752631574,-1.5543310599669597,-1.7260210565300356,-1.7772425655868571,-1.8840337029280192,-1.8982734744986896,-1.9865461428392874,-1.9300094365428624,-2.0438809582917115,-2.082955657928613,-2.0735286883965713,-2.0862099320948486,-2.050031959773883,-1.9530766715595,-1.8590596807139448,-1.823850048922597,-1.7431354412620303,-1.5509346579918617,-1.2285268041156405,-0.8479014801307954,-0.4810791515497362,-0.0870008743636158,0.32639078350492834,0.6720745954769133,1.0180735341834761,1.3548368984631973,1.7592773571551734,2.0321747980874187,2.3518156123405056,2.545710457439287,2.5453672700791006,2.514799172152026,2.3639635407712873,2.2035591778566896,2.0263221760484407,1.863987969165008,1.6645137721640448,1.5447786901562524,1.4174965203938847,1.263997929432493,1.2263318755379995,1.2571100413059666,1.367282415915776,1.5739338225491728,1.7655171716358684,1.918909733650906,2.150586934758886,2.3270368174845735,2.499818473023862,2.6474082104470633,2.7817002696079745,2.7823711752748714,2.7493589438263837,2.5228491110712907,2.1727530267753754,1.8933791485669067,1.4915138170727384,1.1403403269858037,0.7796469807882883,0.4235801312091984,-0.012759392810763038,-0.4593843066349926,-0.876111202571539,-1.3055845731245301,-1.6662653430239343,-1.8968079913791809,-1.996503201808132,-2.0590570911403825,-2.1485060215256655,-2.251552786693888,-2.2733230574008934,-2.254904348054585,-2.2646673553549834,-2.2127189564864103,-2.0954676849693104,-2.1398225692245343,-2.041742190998885,-2.0466902750467892,-1.975137509241288,-1.958941067534705,-1.8506468113674792,-1.729795218167708,-1.5638167354609163,-1.433113175848572,-1.2828749259236178,-1.1649796247992465,-1.035788309404946,-0.8651402741855502,-0.5864692402408765,-0.28532397742716026,0
0,-0.17842563006410017,-0.39218179785929264,-0.5719991986617847,-0.6707449456907073,-0.7291573229058629,-0.8074419997761925,-0.973379090515852,-1.1476545032152559,-1.3898193923607103,-1.5928935146269683,-1.7772425655868243,-1.8194838236542197,-1.9264634972753663,-1.9554274823157398,-2.0576285496320286,-2.0154521230552063,-2.1602745410894553,-2.2221323285695926,-2.2331346278205073,-2.2675317914812836,-2.2580429798571933,-2.1810385713498177,-2.0989186437405665,-2.082788791555013,-2.0203098172459932,-1.8301939378404715,-1.4881009270556065,-1.087238360473043,-0.7053762365341788,-0.29526349938620866,0.15119457440762277,0.5261508742932146,0.9013838293390448,1.2711686595813245,1.705917975551922,2.0093215892146925,2.364682055233716,2.594005362491867,2.6308674183491356,2.6439805074562623,2.5296164405343067,2.394907162143218,2.2423519789633293,2.0979613842548854,1.9107915128340445,1.794039255284146,1.6586093518409506,1.5120543301931662,1.4825498230131144,1.5125729760684126,1.6142503916363635,1.8131857312842756,2.0147978366713657,2.166776322615373,2.386138167684838,2.5464011290725432,2.6976536874029367,2.8205504213817734,2.9228410733931227,2.8834184545071633,2.813177047626175,2.549149753708646,2.1599140407985993,1.8445059808738995,1.404981789476415,1.0147053586766694,0.6198869007584121,0.22891287789603149,-0.24522363123680838,-0.7152806871432373,-1.1516372075062433,-1.6035703271775585,-1.9851030381257848,-2.214275867110101,-2.2944907082462356,-2.3335030528338785,-2.4077921635463064,-2.489663307923631,-2.4793378286702734,-2.4345025254252004,-2.4188028563927437,-2.3390583636899174,-2.1875179513335,-2.213521117402184,-2.09852513452714,-2.087100369857793,-2.011796019985484,-2.0033675107072932,-1.8844925374945865,-1.7694390941311187,-1.5905182167386704,-1.445341941387845,-1.2944195048652283,-1.1819128715431635,-1.0549935816611358,-0.8867044132475731,-0.5938822496836086,-0.2862048004286217,0
0,-0.19319741608211197,-0.42430885284533976,-0.6054549572525422,-0.7133022013732451,-0.7794250441159996,-0.870365425802761,-1.0497091348237118,-1.2334186023975173,-1.493638059605478,-1.7010447744865933,-1.8840337029280056,-1.9264634972754042,-2.053709607682023,-2.097781659854225,-2.2115734571076655,-2.1920202333690972,-2.35829421122248,-2.440704771318204,-2.460809509149546,-2.5057024432649944,-2.5164668933616117,-2.450747779099394,-2.3870500578807072,-2.3852369842712826,-2.3281946033507035,-2.13847235477111,-1.7938066326688842,-1.3855754946442034,-0.9993703962808818,-0.604060610160819,-0.14409256322583042,0.254473158002395,0.6567109610423231,1.0543392229840611,1.5099460441435804,1.8319794225572972,2.2019140912463975,2.460326459616031,2.5408410216715542,2.604355816549984,2.5355962115660087,2.435793755230704,2.30692605425985,2.188653636014699,2.0245761671581524,1.9251498294644607,1.8015030146742623,1.6697826668698672,1.6548015415914386,1.6823918596719545,1.768542453365917,1.9539890547081527,2.14485521548119,2.279969017468373,2.477409110479293,2.610399194376907,2.73836413690012,2.8297570039324835,2.8906412697746977,2.8068678995630747,2.695280930742067,2.4020334446462606,1.9931608811660764,1.6512323580616133,1.1840155352041828,0.7598662292916454,0.3315055361061238,-0.08875322870296073,-0.5823174588771324,-1.044582808882163,-1.4884485501906222,-1.9486734671187433,-2.333836876603759,-2.562996167897888,-2.6350055407781823,-2.6575891601749517,-2.7120068066921386,-2.781014832075217,-2.7483693520160815,-2.688296749563281,-2.6575808800722793,-2.551655414251753,-2.3744964905897175,-2.3759634996797394,-2.2458540282468875,-2.2153341536752063,-2.117770660935202,-2.108302543096233,-1.992467875244095,-1.8751940834159837,-1.6776105722077246,-1.5222744988027723,-1.3586196965193975,-1.2339856886470675,-1.0994513276762157,-0.9204169884943492,-0.6246427906617356,-0.29894167331041366,0
0,-0.1973219245177631,-0.4320087942891826,-0.6094520659840158,-0.7059105529509607,-0.7787761848986047,-0.8756456988506203,-1.0711829072068726,-1.2517598556291645,-1.5042070286456484,-1.7159778238295411,-1.8982734744987084,-1.9554274823158415,-2.0977816598543195,-2.142406589890894,-2.2745409152658875,-2.277716139331513,-2.482419016151886,-2.5999568596357605,-2.646201564783531,-2.715312277807981,-2.748073596164469,-2.705652978024918,-2.6676719267404683,-2.686287083465988,-2.6447109196936136,-2.461678815417618,-2.11214720121889,-1.7047904918350916,-1.3249234203676725,-0.9255931704714069,-0.46162153887571894,-0.05013060567461437,0.3600430667180099,0.7640270651236771,1.22141235309409,1.550533419444679,1.9355235814539449,2.2181087059463733,2.339973945647649,2.455357343230507,2.4383950043303324,2.380392667836789,2.290734685120898,2.199812398097817,2.0618127249549874,1.9847254362888502,1.8663009689041195,1.7443716794697226,1.7365165184059461,1.762787069608961,1.8391090326905963,2.014015008079887,2.200081924204766,2.312080028757669,2.483142944397968,2.587775227265497,2.6793932833754543,2.7316630400143787,2.7467676208246683,2.6170146035388946,2.4673467875813158,2.1483820259446635,1.7177289265641742,1.3591541359284616,0.8822363992281157,0.4427831920681062,-0.0006487850313529749,-0.4410204475828669,-0.9438512201694716,-1.413768150738317,-1.8526732774218901,-2.3108899443762767,-2.699140645500109,-2.919693697754809,-2.972088398619334,-2.968955274284711,-2.9934581584371376,-3.0373561008489722,-2.9802707214787927,-2.8891399160381215,-2.8270389740712756,-2.682719178807544,-2.4663815555815067,-2.4455913558962887,-2.295905299808984,-2.2638008539410075,-2.14913795222191,-2.1231608343546977,-2.006399866390506,-1.8833105504831211,-1.6904276258204471,-1.5360054438342576,-1.3558392955726584,-1.2267532667547238,-1.0864461871447981,-0.9175238302106961,-0.6270007529847965,-0.2997810827187762,0
0,-0.20788946727125793,-0.45408515640489683,-0.6400638220027652,-0.7579238673327235,-0.8471765852384344,-0.9646416192554236,-1.1631259211553346,-1.3425302777889119,-1.5980114357296835,-1.8060740696518303,-1.9865461428393507,-2.057628549632089,-2.2115734571076944,-2.2745409152659217,-2.4079839315524105,-2.4256485845925693,-2.657138626476913,-2.8087295672112154,-2.8735408781228697,-2.956432412158158,-3.0160491952120916,-2.9958560031357524,-2.9697968858267796,-2.9994445168694286,-2.975585419418515,-2.797321314321814,-2.450796363367834,-2.053842132033079,-1.686178981199849,-1.3125532972929341,-0.8562894534072979,-0.4427846164714429,-0.025788679671586004,0.38591299955126057,0.8416193023940864,1.1770292401515583,1.5762673462765049,1.8826008760997868,2.0407758227794828,2.197296950917138,2.2249785871933128,2.2115100074568352,2.153415851995262,2.092238707882911,1.9813699891363008,1.921376298674944,1.8184729430254807,1.7066003302465802,1.7107307937255378,1.7342526277060226,1.7945083621768896,1.9572648786509397,2.1267951211399576,2.221970088642403,2.3659171051095433,2.4408119828337385,2.4997286687195754,2.512296386250888,2.4871164541208937,2.3211550235899345,2.138991674846087,1.796058526541051,1.3447803739080808,0.9733354150474304,0.4921394667633943,0.038845192051205256,-0.418419706441499,-0.8661983170691335,-1.3670291138852113,-1.814021940139836,-2.2390304918748036,-2.684436477056625,-3.0673550079093,-3.281141872967981,-3.3132992693658907,-3.2954134529806782,-3.3069520307798688,-3.327444604308386,-3.2435822902257,-3.137149430479142,-3.0528976391587643,-2.8736614412087054,-2.6291563559068414,-2.5921882153447133,-2.4391620526791478,-2.385143065114333,-2.2551850466892396,-2.209717919053285,-2.0902406801272195,-1.965811371170551,-1.7636393582369425,-1.6056846443290584,-1.4201746035854077,-1.2719139472558947,-1.1168744693064097,-0.9283051918580544,-0.6343080647364587,-0.3017708151177399,0
0,-0.2104709149812513,-0.4524451420665603,-0.6312518577458174,-0.7306364059644818,-0.8180057930140582,-0.9372468072928246,-1.1274430941169977,-1.2976899756912992,-1.5439444683657768,-1.7465382769615647,-1.930009436542892,-2.015452123055266,-2.1920202333691208,-2.277716139331522,-2.4256485845926,-2.4732905437371544,-2.743873333241376,-2.935785696780636,-3.0340586058610897,-3.1454244204967607,-3.2355823391538903,-3.2479857048192886,-3.2516979463017965,-3.326760644376734,-3.3276368963902927,-3.1646205440743116,-2.8376629699392852,-2.456811512449809,-2.115037155789419,-1.764144461798203,-1.328141595836608,-0.9224834382598134,-0.499474007061134,-0.08751591145500229,0.3574240383010499,0.6866328847034924,1.0922590221010482,1.4152821594257392,1.6031818459897005,1.787980154741024,1.8536442123131458,1.872194992111707,1.8471058690245479,1.8146005133713474,1.723802848622668,1.6782207436526375,1.5859658555333827,1.481026262597888,1.4944434195756986,1.5140259497315576,1.5576482742747109,1.7090025821326627,1.8627147979796588,1.9433168166870851,2.065425175001045,2.110970699268469,2.1378780715872505,2.122015721801947,2.0656851107370513,1.8753091216039148,1.6685613280153142,1.3091124771644362,0.8478844644367827,0.4776283873195104,0.003543184836835618,-0.4526825190979169,-0.9214350641247301,-1.3657308008549736,-1.8512572183529392,-2.2782985072682638,-2.6746978732135016,-3.099372149050321,-3.4621545222139867,-3.65927045280169,-3.6653586269194194,-3.5991263859931575,-3.5775426497425262,-3.564349682634953,-3.4501868124925164,-3.3160771296617035,-3.1958940222568795,-2.975182429050851,-2.6912479590687117,-2.6234805982464304,-2.4521453405872453,-2.3702176956940977,-2.2121133332290523,-2.146896245549226,-2.02076527388184,-1.8983596650267764,-1.6986603441434935,-1.5434388288702023,-1.3644987270192943,-1.2165956284323955,-1.066404495001081,-0.8989006671762197,-0.6150372038627171,-0.29281748499304383,0
0,-0.22419143407505046,-0.4825071903083599,-0.6641958859205557,-0.7652063116459029,-0.860184020820101,-0.9958354641869676,-1.1967215902052166,-1.3868232037580497,-1.6277585927295921,-1.847195088841801,-2.0438809582917434,-2.160274541089481,-2.358294211222482,-2.4824190161519115,-2.6571386264768924,-2.7438733332413885,-3.0336498377736265,-3.2545906839629897,-3.3740339594334174,-3.4996223575426857,-3.610979888939244,-3.635819913287107,-3.6626218081570046,-3.7700331917540257,-3.7843979337628957,-3.62561336677254,-3.3105893480688815,-2.931430237768255,-2.6135059471321265,-2.2781944223459134,-1.8553667892871506,-1.462612328941744,-1.0447264730165788,-0.6247142729384295,-0.1910033747280392,0.1262441609048689,0.5167845875886505,0.8402184011551463,1.0449354215163518,1.2470668617818812,1.3364163297110205,1.3651181546777644,1.3527947436373242,1.3287985874951542,1.2361142950697723,1.1887746267393187,1.0985739429256893,0.9865461648051855,1.002156428960435,1.0189857486864324,1.053929387697419,1.208677971729946,1.3570637098622238,1.4388767663309006,1.5585613610892963,1.5928476166576833,1.60654952806476,1.5830953506701844,1.507232297354801,1.3056306882481095,1.0857120179985278,0.7265844891186267,0.27991723759055254,-0.08137591628726637,-0.5474595986108723,-1.0141335489679408,-1.4818487507821545,-1.9168668901739494,-2.3921855342577123,-2.8048341302904856,-3.176664108644119,-3.5968336002772863,-3.9470623707198333,-4.1372749038956504,-4.13052392171368,-4.032016892012511,-3.9875408412089826,-3.9600784081610234,-3.8240768804085516,-3.6737781659950137,-3.5319961314097714,-3.2807957831292462,-2.9764847357190645,-2.868541202672732,-2.6673276815823788,-2.5423922198925566,-2.358576583608425,-2.2552596107963354,-2.1107320544424786,-1.9661399651616152,-1.7635157971223447,-1.583171718968036,-1.3904543434124226,-1.2260788513949257,-1.0718429977825286,-0.9075591335151114,-0.6266455398004825,-0.2962826883538635,0
0,-0.22782623713984768,-0.47779509643903556,-0.647278343972921,-0.7489940047094948,-0.8503141099904072,-0.9924850808298542,-1.198011395195229,-1.392205758288525,-1.6323965517309542,-1.8677483433447974,-2.0829556579286503,-2.222132328569671,-2.4407047713182357,-2.599956859635806,-2.808729567211205,-2.9357856967806826,-3.254590683963025,-3.5158833528919917,-3.6566594403842543,-3.7945584195414175,-3.915652742651343,-3.9584543629994604,-4.013084865296046,-4.149324491765085,-4.1829417230692085,-4.040724097909334,-3.7494084848916898,-3.400179370484506,-3.109371088956047,-2.7929540428389963,-2.385193094818185,-2.0066822348640896,-1.6047917347099259,-1.2016110035780536,-0.7867914235661043,-0.48633927963171286,-0.11860766490412826,0.19959526871745928,0.4132934670727919,0.6187799272888687,0.732197301689079,0.7769941499966135,0.781928508162625,0.7742165171156309,0.6866651919579391,0.6379173627436955,0.5566555652608903,0.4533332414643682,0.46677864216501186,0.4803050722867797,0.5068329531696043,0.648388921357642,0.7838230061008109,0.8644638137427112,0.9744329006470283,0.9874906384207984,0.98190984954859,0.9442745790818828,0.8493492669763385,0.6511874247451132,0.42690417330133024,0.07561694321437379,-0.34774442413492257,-0.6934001059067477,-1.1403844587940093,-1.590390233592343,-2.0433688619974135,-2.465952604592118,-2.9296730676910587,-3.32232577249016,-3.665898787955613,-4.051366294083971,-4.3754564101841975,-4.548084914998782,-4.522896467640561,-4.397039062246962,-4.325392867921176,-4.279579759708376,-4.132834816807618,-3.9680987799157545,-3.803173199645257,-3.510576702087767,-3.1759795719254424,-3.0280130368180593,-2.789994176417294,-2.6265714598877867,-2.4196990211072658,-2.289711875381688,-2.121832505762002,-1.9545405450389397,-1.7456875280629074,-1.5560764054601754,-1.3564811427929448,-1.1883623286645797,-1.031827527598783,-0.8707612336460057,-0.6080539429873898,-0.2920075924694496,0
0,-0.22597306984782228,-0.4704784256937501,-0.6433781949176315,-0.7454291807455247,-0.8401568957194813,-0.9814550743126309,-1.1919577809441368,-1.387704186838821,-1.6131457649525736,-1.844633556170825,-2.073528688396575,-2.233134627820558,-2.460809509149617,-2.646201564783519,-2.8735408781228986,-3.03405860586108,-3.374033959433412,-3.656659440384174,-3.8132170596344244,-3.9564740980099202,-4.082701746243648,-4.1348157154832865,-4.207497936297025,-4.363209526634633,-4.4263616760412825,-4.318061790832059,-4.064624632149234,-3.762725998203633,-3.517198236541627,-3.242211745340005,-2.8688588058379962,-2.521246268409191,-2.1456423729031924,-1.7674747730042508,-1.3988074732011386,-1.1248013915317328,-0.7841655961365661,-0.4822500659654152,-0.27032198763211873,-0.07134514180640836,0.05476921322380692,0.1093062502293879,0.1364071722024146,0.14961847410718762,0.07520914829880365,0.04165493806676735,-0.02010868508443729,-0.10526127448827484,-0.08664989878078212,-0.07685834436842572,-0.0662487808447671,0.05102784804102388,0.1631269441700834,0.2243117585255252,0.3163348813555206,0.3054506443237367,0.2759694234878246,0.22916479694200817,0.12540161252179705,-0.060981860992853396,-0.2799454788604574,-0.6118058794010512,-1.0055758037832672,-1.3233414124517575,-1.7235344754959536,-2.147153055199397,-2.571296911834192,-2.964802055399992,-3.395536892898945,-3.7431245717060513,-4.037748606155303,-4.371938507415362,-4.656937943255234,-4.795238423121123,-4.7422804629352555,-4.59777578846481,-4.510299199306143,-4.455904327458347,-4.30510347164704,-4.136846705096031,-3.9577540128066615,-3.643246022188896,-3.28547448120326,-3.103940017988759,-2.8464765077849257,-2.6541740609425823,-2.4343850955434236,-2.2797492149621426,-2.0928590499065574,-1.921147298078749,-1.7175928699390175,-1.5226835172533273,-1.3174356029131908,-1.1516522036933279,-1.0054661976044752,-0.8467992123340752,-0.5868923165354408,-0.28277262561247807,0
0,-0.23351310064713687,-0.4779504809524838,-0.6540148648477015,-0.7605167381608924,-0.8578007450181826,-1.001607355815708,-1.211703942921831,-1.4050027490836,-1.6223973029146643,-1.8550731578061952,-2.086209932094904,-2.2675317914813498,-2.5057024432650774,-2.7153122778080743,-2.956432412158213,-3.145424420496761,-3.499622357542658,-3.794558419541424,-3.9564740980099264,-4.08526974521142,-4.201242777618051,-4.248877714770847,-4.330913521494951,-4.50085612381632,-4.5801339255261215,-4.496771951542381,-4.279542728016297,-4.024414801895787,-3.827613938197552,-3.606867563585329,-3.2838932254475246,-2.9744259192008347,-2.6422962240761474,-2.3061010102656825,-1.99495664318909,-1.7625530408820655,-1.467375905601814,-1.204942010706319,-1.0180205837084977,-0.8372309385756399,-0.7118073651090165,-0.6575745917490007,-0.6195971585108732,-0.5938410501165661,-0.659813326916977,-0.6782329229654005,-0.7187082760811682,-0.7869579008930921,-0.7671458538325673,-0.7622609872743078,-0.7608676413434902,-0.6645650327169427,-0.5778405927409915,-0.5347767294209841,-0.4556137724332014,-0.4812998458753262,-0.5230458391066736,-0.5688153957222528,-0.6681395511120135,-0.8299607463154285,-1.0189943547048013,-1.3093617262192945,-1.656895204808947,-1.9327939337309212,-2.277200971268556,-2.6579179035363985,-3.0362608658453536,-3.39193834925863,-3.77336462978433,-4.066106929178033,-4.310124533293505,-4.595842284565376,-4.844221696368126,-4.957006435941462,-4.890753644056555,-4.73345149841729,-4.63807773686749,-4.586334475101065,-4.446623015501515,-4.29271819524284,-4.10806121886299,-3.7816310261719104,-3.409962879860843,-3.2003703171418683,-2.9286875583714487,-2.708977962173668,-2.473234748641198,-2.292513202108373,-2.097925253927349,-1.9171111818393232,-1.7142091392967196,-1.5182942115885518,-1.312128994049897,-1.144255097870278,-0.9999667511308057,-0.8408551494649346,-0.5829047671387105,-0.28308370077222117,0
0,-0.21507300412047192,-0.44556679473618505,-0.622110939889591,-0.7275661242027571,-0.8299320873323813,-0.96795019702208,-1.18469123932519,-1.3717909476949708,-1.583011850000736,-1.8145388161931613,-2.0500319597738823,-2.2580429798572754,-2.516466893361655,-2.748073596164513,-3.0160491952120836,-3.2355823391538823,-3.6109798889392244,-3.915652742651388,-4.082701746243618,-4.2012427776180825,-4.296546109870964,-4.328458643070987,-4.396150473717855,-4.555489508649515,-4.641720962211534,-4.586109373866399,-4.402637212046318,-4.1902704528578845,-4.033194707725768,-3.8617868156485233,-3.5938038409494095,-3.3200279700008153,-3.0332840889306785,-2.742262848039016,-2.481315385152187,-2.2985360767828347,-2.055534684986241,-1.8401447298303555,-1.6843430907023427,-1.525584960082331,-1.4121259196100073,-1.365112961956748,-1.3231720773951396,-1.2932598358113898,-1.343780470025239,-1.3423035326681156,-1.3637183105669046,-1.4214946365995424,-1.414273970211685,-1.4145166000219072,-1.407561242076911,-1.3249711862015814,-1.262726158932198,-1.2436209632176634,-1.184956492599778,-1.2181166722436088,-1.2629865153648656,-1.2988120217416996,-1.3795793984989557,-1.512968047746473,-1.6649967576511377,-1.906889129589066,-2.200736192914864,-2.426584006807134,-2.7205736418324804,-3.056731307141289,-3.3912307665682486,-3.7127553562755025,-4.041165411440681,-4.286797155684963,-4.490866430774278,-4.732527601135735,-4.947051800569734,-5.032093247147556,-4.962322428220848,-4.8169463695738335,-4.734978871666552,-4.694943140345075,-4.572918247054261,-4.426678424641851,-4.2342013823028655,-3.896924639268529,-3.5019625240014194,-3.25955855876864,-2.957793269281126,-2.7133710972299085,-2.4534157835095973,-2.243381957749598,-2.0402383495331744,-1.855322153123903,-1.6537263531571214,-1.4605685277105072,-1.2474250948209933,-1.0879766370694757,-0.9443782680376652,-0.7910788128931714,-0.5387811324252879,-0.2577000164670794,0
0,-0.192126242913007,-0.4004089241812411,-0.5577194690825938,-0.6613786731760412,-0.7613170362458195,-0.8958723438619643,-1.1085601988030394,-1.2919873323234308,-1.4895760145651133,-1.7169364816377086,-1.9530766715595873,-2.1810385713498346,-2.450747779099395,-2.7056529780249226,-2.9958560031357546,-3.247985704819233,-3.635819913287045,-3.958454362999438,-4.134815715483331,-4.2488777147709005,-4.328458643070999,-4.359229051358339,-4.4352305396217595,-4.591424853446473,-4.6907794032769345,-4.666876168605601,-4.5305181356994355,-4.36641831932447,-4.25336847003213,-4.1369174740999775,-3.9210435130925476,-3.700924054753723,-3.457497095305257,-3.2050554786425187,-2.9977041981984587,-2.85649609171554,-2.654598957941374,-2.4698225807826164,-2.3376250933090708,-2.1978128374495545,-2.0908663967889054,-2.0341723931233826,-1.9748638132111078,-1.9345956430066626,-1.970195784243232,-1.951153014325016,-1.9548706227293373,-2.0115917419577283,-2.0143527285223484,-2.0195857152106305,-2.0132497041753887,-1.9383363498208246,-1.900331870875431,-1.9042646060489008,-1.8658518624560254,-1.911900307391468,-1.9740247135812257,-2.014781176352964,-2.0836726957774347,-2.1897664522165616,-2.312230083448849,-2.517548728736491,-2.7654631715382156,-2.9458209466424425,-3.1835766679960904,-3.479668230052054,-3.7714314633006585,-4.042082564177597,-4.3209016399171585,-4.511807812809739,-4.673581940124566,-4.867490693229895,-5.035933532658961,-5.090281683852149,-5.011763849560583,-4.871108915561587,-4.78116215382186,-4.739393185371094,-4.631788219316194,-4.4898836296743525,-4.285044415738455,-3.925699895114634,-3.514844331426262,-3.2369294693914488,-2.9104172821410663,-2.6384169439231258,-2.3634511865343173,-2.1311461100532743,-1.9221147854054546,-1.7340200527357559,-1.5405424743389848,-1.3475912928630684,-1.1377900990874639,-0.9848740415793624,-0.850337577830541,-0.7043802147923952,-0.47706768081645623,-0.22481941142334738,0
0,-0.18298397660948443,-0.3718340570852631,-0.5068220904992854,-0.5986330711820061,-0.6952492339239875,-0.8369386312634427,-1.0385206028910294,-1.2138617069895925,-1.4039144968755075,-1.6261793213601519,-1.8590596807139537,-2.098918643740569,-2.387050057880733,-2.6676719267404674,-2.9697968858267307,-3.251697946301789,-3.6626218081570197,-4.013084865296138,-4.207497936297055,-4.330913521494946,-4.396150473717818,-4.435230539621809,-4.541478328344294,-4.7118092113987355,-4.829430958484027,-4.826375760527909,-4.727879967407698,-4.606962419434861,-4.535796367463139,-4.459843570603069,-4.297787209866042,-4.114744664010355,-3.9028360532789828,-3.683662717268556,-3.5202424061822732,-3.414832773086185,-3.2448760581069407,-3.0807569522694993,-2.973477953564043,-2.864391485880552,-2.771149958313472,-2.714784167410416,-2.6425198833797343,-2.602107111824738,-2.6291122421646254,-2.6024099429598113,-2.6002108975960208,-2.6523091232940756,-2.6703029840138153,-2.6802024459272142,-2.6702316437911553,-2.6073376855882633,-2.5819396183011163,-2.597044515341266,-2.5710549000358762,-2.6193346957786776,-2.69423498132408,-2.732985813002708,-2.7830305608217882,-2.8537694501108413,-2.9446185849388438,-3.122317934235214,-3.3311059222759076,-3.469057135747441,-3.658891771788933,-3.9188782941802174,-4.177869450243234,-4.4142735331637315,-4.641675685567633,-4.792760377252071,-4.91628170852362,-5.069877904741855,-5.202969401242976,-5.236799279960009,-5.144894134402218,-4.99292201373681,-4.874086712521295,-4.822259963868387,-4.727848747885084,-4.574836695339824,-4.347236627862749,-3.95408123211527,-3.5150267969483475,-3.2025365597221676,-2.8620906055602173,-2.56012326471603,-2.2635433913892933,-2.0189576730484156,-1.8076156402842471,-1.618114265163747,-1.4295104974009873,-1.2442619742369538,-1.0455913457824206,-0.8885359361587668,-0.7631224573035793,-0.6350321681825827,-0.43670483394850534,-0.20828957878903728,0
0,-0.17062656098899123,-0.3503047851245908,-0.4668191460496854,-0.5514548123655134,-0.6393138415770867,-0.7956489271363004,-1.001203667462179,-1.1825722972501778,-1.3686907504670598,-1.5831684094777003,-1.8238500489225828,-2.0827887915550027,-2.3852369842712915,-2.6862870834659667,-2.999444516869452,-3.3267606443767295,-3.770033191754058,-4.149324491765102,-4.363209526634611,-4.500856123816238,-4.555489508649513,-4.59142485344646,-4.711809211398748,-4.889691792288263,-5.019192584049897,-5.038801124335091,-4.97026121612074,-4.879234875784791,-4.8419110207927964,-4.802639612297326,-4.681320530072036,-4.529024514687884,-4.344710854846031,-4.151647048579188,-4.024028774831769,-3.9503699000469714,-3.8057370436675493,-3.6729067354116833,-3.5994750826891497,-3.5290027872311804,-3.472233714018204,-3.4330930749978124,-3.366489804083315,-3.335662702141259,-3.3611918754668735,-3.3281539155098843,-3.3218486660439974,-3.382037457678763,-3.415113064443085,-3.4279136932151957,-3.412168544043105,-3.3480163926792406,-3.332931080209886,-3.357201106554665,-3.3360217008319175,-3.375435129487552,-3.4446582834190296,-3.464479918181168,-3.4764399101787693,-3.5055174940791436,-3.5574154044869237,-3.697186389265823,-3.871763586642733,-3.9695738927736497,-4.119280695802152,-4.348933362797237,-4.579104640923479,-4.785139112960197,-4.975484600681736,-5.0920044880265065,-5.187580398409216,-5.317200703624662,-5.422412712889946,-5.436832123801217,-5.33792260519086,-5.180617810035831,-5.049389272994776,-4.998017326941695,-4.913343808337196,-4.742384582048065,-4.490041947646593,-4.0624119676413635,-3.5837936903473544,-3.220118143210286,-2.865159522189805,-2.5382474550720397,-2.2233252736980087,-1.9586002575583124,-1.7381603450186618,-1.5541106645704568,-1.3700225075668029,-1.179963168433157,-0.9771852809060511,-0.8084983773287452,-0.6962274499247174,-0.578691329288295,-0.40441238018763176,-0.18978846839081145,0
0,-0.15581073383738386,-0.30632397400186184,-0.408634929236319,-0.48766765704455023,-0.5801310267207404,-0.7330258219459933,-0.9335632072864879,-1.1189009125070009,-1.2941398933212904,-1.5054245462180955,-1.7431354412621278,-2.020309817245973,-2.328194603350701,-2.64471091969364,-2.975585419418494,-3.3276368963903016,-3.784397933762922,-4.182941723069147,-4.426361676041196,-4.58013392552615,-4.641720962211575,-4.690779403276948,-4.829430958483974,-5.019192584049912,-5.158579538555585,-5.211153173021912,-5.1787840406536185,-5.129511970402156,-5.137816514266463,-5.145616790972922,-5.077627269676423,-4.965968603759052,-4.816309672352774,-4.65420191305765,-4.563222566258707,-4.531352224581462,-4.423290570168865,-4.324514033868367,-4.286193039705385,-4.2415447435736695,-4.21234279334435,-4.187948177333426,-4.131700074043973,-4.124402772411111,-4.158344786735004,-4.119992955212751,-4.1082662132034855,-4.169944275017478,-4.21310542331955,-4.2290280609678135,-4.210147713372983,-4.151869672500202,-4.148349881010992,-4.180743485577523,-4.154524654299204,-4.171985955322117,-4.231102452850183,-4.233857735063135,-4.216950055733244,-4.214663464096573,-4.225526118363515,-4.322570148219468,-4.452000207278777,-4.500720573477317,-4.608843405706655,-4.802543027941373,-4.994851826526465,-5.160572461791949,-5.298699078550213,-5.370003829924469,-5.425874129043165,-5.520145227066903,-5.591645637352336,-5.576865921297443,-5.473837104555752,-5.3073415858054025,-5.161209205856206,-5.095745805448729,-5.006190297483633,-4.818401154731707,-4.533114115645618,-4.081618544810507,-3.5853555635844163,-3.194695382269709,-2.8200248965579537,-2.4733219699851996,-2.1481299330215164,-1.8643236849486802,-1.6426918697921697,-1.4561019074385357,-1.2820358434776693,-1.0871817817331042,-0.8866899918492508,-0.723377049679857,-0.6110787045484934,-0.5012067794985249,-0.34657038547008273,-0.16595374820395242,0
0,-0.12638445872740334,-0.2431205089624818,-0.3362976872272961,-0.4033905377204507,-0.4820789058088719,-0.6229022419574587,-0.8064159748981252,-0.9687634712995181,-1.1255989142586225,-1.3227055522156776,-1.5509346579919214,-1.8301939378404792,-2.1384723547711686,-2.461678815417619,-2.79732131432179,-3.1646205440742703,-3.6256133667724706,-4.040724097909308,-4.318061790832037,-4.496771951542344,-4.586109373866394,-4.666876168605558,-4.826375760527872,-5.0388011243350475,-5.21115317302192,-5.297528840959049,-5.3046890245847615,-5.309168239966714,-5.363119819110434,-5.417813326869892,-5.4076764908570105,-5.337905278931324,-5.222044446609824,-5.093478282264579,-5.037375146931984,-5.044774065368497,-4.978915589310069,-4.907245602240868,-4.9052342951591745,-4.892936750351694,-4.893567264446334,-4.87970030821453,-4.848337075566202,-4.867216066216795,-4.912407085808797,-4.886411770607498,-4.872331453304969,-4.935510182819028,-4.990143901577245,-5.0093470468429215,-4.984807593867032,-4.931914769363012,-4.936900725299177,-4.960084092659232,-4.923288823664959,-4.9151480990940275,-4.949213814066787,-4.9376660438234286,-4.888176236564403,-4.847305544185362,-4.815145950302012,-4.877802537775851,-4.956403423621497,-4.959683964638082,-5.026523686613065,-5.181540350544998,-5.338641213082462,-5.462749288734382,-5.544091826162994,-5.570220263900646,-5.586229478806489,-5.633579811676582,-5.668564290627158,-5.622391487514984,-5.491118836908779,-5.305151882104147,-5.142940669767348,-5.044673791100911,-4.928767981093442,-4.715529424494315,-4.3948650428603235,-3.925439425644854,-3.420665782959964,-3.013025864922932,-2.6328793378271556,-2.2756864622591975,-1.9476632666441314,-1.6613703811795286,-1.4449733357243573,-1.2670957431636467,-1.1123889662218733,-0.9407466601178515,-0.7550286776029547,-0.6039227041467804,-0.5080384530420247,-0.4125889492320935,-0.2740910045606432,-0.13151471343136975,0
0,-0.08492541730672713,-0.15275223201067148,-0.21273461185495723,-0.25519910579571786,-0.31070416956244956,-0.42341543626328776,-0.5815781413662622,-0.7087681969770497,-0.8444347653089274,-1.0099806982040322,-1.2285268041156432,-1.4881009270555905,-1.7938066326689355,-2.11214720121887,-2.4507963633678265,-2.837662969939252,-3.3105893480688753,-3.7494084848917337,-4.064624632149333,-4.279542728016282,-4.402637212046325,-4.530518135699434,-4.727879967407671,-4.970261216120761,-5.178784040653621,-5.304689024584749,-5.355250407317946,-5.409677475479044,-5.518090088419619,-5.613865714657955,-5.663387506448529,-5.632860509551737,-5.54630707179057,-5.448988819487534,-5.42499475434387,-5.459391223008291,-5.419441649035275,-5.375495436965208,-5.413613903899191,-5.43664355181994,-5.479090419990788,-5.483878121556518,-5.477642896074251,-5.524617773439983,-5.585550273698438,-5.5771654526273915,-5.567580955256075,-5.636113307032866,-5.702473843389261,-5.724882323431593,-5.695463687280884,-5.644254873080705,-5.650348089166214,-5.658735142608904,-5.604989557496513,-5.567162435295485,-5.5736733112905466,-5.541186410251026,-5.4433183190014605,-5.361730651266803,-5.279507051158921,-5.308738467428097,-5.351337259288558,-5.320957141244439,-5.34966364574574,-5.469891544848131,-5.598316073732667,-5.684607644872016,-5.70983199663062,-5.6981422459363085,-5.6665412439533185,-5.671132584494,-5.665141672812731,-5.582729868277582,-5.421217000473093,-5.207761990588784,-5.011309611824096,-4.864787966668947,-4.715028832815573,-4.462870465883091,-4.099832702132009,-3.603951241818943,-3.0836536376316817,-2.655159385598163,-2.2705824350712716,-1.9152523815809173,-1.588249804082964,-1.321989706850673,-1.1153212087688338,-0.9677946893871374,-0.8370274948360139,-0.7022177637227048,-0.5395900751761906,-0.41672037543144697,-0.3498186464678719,-0.2823081437260611,-0.18098091638277872,-0.08877588975674701,0
0,-0.029117854374706802,-0.04214557407667576,-0.06173181855568757,-0.07865520949936503,-0.09675607531473197,-0.17050326958509968,-0.296649244084716,-0.40808439963003945,-0.5186535990014896,-0.6552979185511063,-0.8479014801308653,-1.087238360473077,-1.385575494644279,-1.7047904918351413,-2.053842132033054,-2.4568115124498213,-2.9314302377683035,-3.4001793704845102,-3.7627259982036514,-4.0244148018958095,-4.190270452857901,-4.366418319324498,-4.6069624194348915,-4.8792348757847455,-5.129511970402143,-5.309168239966727,-5.40967747547897,-5.516648417791507,-5.685211004517024,-5.831895757291267,-5.944962888228666,-5.950189732075801,-5.885934964258196,-5.824662205893021,-5.826982860783472,-5.88954475477527,-5.880898439198992,-5.851918657156256,-5.915923832942271,-5.957625646015107,-6.0336949003210325,-6.054369334298154,-6.074717727662706,-6.15260266557479,-6.223648468953304,-6.224156722335103,-6.214871089924239,-6.279079010070206,-6.3540243213322665,-6.380422363843697,-6.348740330214221,-6.309155564377524,-6.320331118427589,-6.322320572159959,-6.25858057749044,-6.187450541747649,-6.165089751197068,-6.112414979766656,-5.975176696921103,-5.866827669017523,-5.7502728524025475,-5.755881043391727,-5.757933800836825,-5.6895970511414244,-5.687113315316535,-5.769028889425749,-5.8750840397618465,-5.927628517637581,-5.8927623242947496,-5.833675641883988,-5.748137308180566,-5.70919152024015,-5.657887177642014,-5.526459722996559,-5.329204772693728,-5.089195420407843,-4.856139720699237,-4.66129596696173,-4.468910189225082,-4.166950052907491,-3.7538501980968326,-3.224956656366108,-2.700072388940825,-2.251417189671068,-1.8559775349930818,-1.4981374038392308,-1.175843000428323,-0.9301625869668297,-0.7467110241538895,-0.6228423408459849,-0.5174549380504636,-0.39922301459139037,-0.2670816384873712,-0.18436939004079864,-0.15928980977657706,-0.12117110292383923,-0.06756572377923178,-0.032476034229584484,0
0,0.024485640545538003,0.055320854509886754,0.07798546455464388,0.10229477926521865,0.12756214464841473,0.08147385652072366,-0.00880606011619641,-0.09955059577807628,-0.19061082462200732,-0.30007255076309164,-0.4810791515497288,-0.7053762365342061,-0.9993703962809306,-1.324923420367702,-1.686178981199899,-2.1150371557894916,-2.6135059471322233,-3.109371088956021,-3.517198236541652,-3.8276139381975356,-4.033194707725768,-4.253368470032208,-4.535796367463178,-4.841911020792854,-5.137816514266479,-5.363119819110408,-5.518090088419592,-5.685211004517068,-5.896093598531172,-6.0868889511625035,-6.237275157261991,-6.266434389500631,-6.2193805381311025,-6.188848190389026,-6.208288491430231,-6.2836833280675926,-6.28864850161724,-6.271368485033738,-6.356585441679566,-6.410521550113364,-6.516998657047815,-6.5416594223319,-6.5789450220612045,-6.672534726176821,-6.741069111596101,-6.7447121017398155,-6.727973332766277,-6.7803706507755255,-6.856887746712374,-6.8868189926686885,-6.858559684665658,-6.838425699223968,-6.861383522762529,-6.862988033912004,-6.8001950691214335,-6.711045418060911,-6.669520134456062,-6.608226561572975,-6.439366339193208,-6.3111683761748925,-6.167887663044146,-6.153696392879193,-6.1331708848987985,-6.041841034391209,-6.016509986730574,-6.064327469193554,-6.152173701109914,-6.181933829442789,-6.112787591176388,-6.014624728477986,-5.89205914117836,-5.8030349628244595,-5.701250383464123,-5.529493971685152,-5.291670965759458,-5.020529839812659,-4.750602844727776,-4.51191635604101,-4.281419779104318,-3.928837229415782,-3.468636980397185,-2.9096432622263846,-2.357177682596769,-1.878430282928861,-1.4688887830686002,-1.1026444977379197,-0.7820124807547117,-0.549531925464147,-0.3742670102941849,-0.27412146733696824,-0.1872767770409099,-0.09108585564706456,0.005985149382824929,0.05999010431745214,0.036996388106713546,0.03260161963068425,0.03841281799460741,0.024568156299296224,0
0,0.08552051578311698,0.16575689145953276,0.2264974825070994,0.2923272671384353,0.36407368132305457,0.3580557202098591,0.29508311062248466,0.23771169547912063,0.1612813472550222,0.0913808624476909,-0.08700087436372414,-0.2952634993862821,-0.6040606101609118,-0.9255931704714706,-1.3125532972930174,-1.7641444617982345,-2.2781944223459814,-2.7929540428390727,-3.242211745340057,-3.60686756358534,-3.861786815648566,-4.136917474099982,-4.459843570603048,-4.802639612297324,-5.145616790972882,-5.41781332686985,-5.613865714657901,-5.831895757291245,-6.086888951162474,-6.31811459746856,-6.496727567851906,-6.539130526971631,-6.496003636915639,-6.486813280909941,-6.50022674737552,-6.573971518403855,-6.579804554646112,-6.564147698589188,-6.657719506016291,-6.713431995166942,-6.837745931474758,-6.856285922661958,-6.899833332361868,-7.0013819675720175,-7.065118422508262,-7.0689970912632445,-7.047096629299713,-7.086395427931295,-7.160815977038022,-7.194599073393002,-7.173389908822646,-7.172723454367599,-7.204081942075553,-7.207003533073524,-7.145815551893879,-7.046922966341576,-6.996547417953675,-6.94180728494706,-6.753897340046455,-6.620283048788224,-6.463815748287783,-6.442194883113657,-6.409795916692647,-6.309686110172192,-6.2841043158030105,-6.306798923738335,-6.390629010501504,-6.4102575892434155,-6.31660868734114,-6.181668710160739,-6.019390216597051,-5.887820540860423,-5.746865468702086,-5.532740095110026,-5.248608663320095,-4.941940547907457,-4.634331142579497,-4.340844560599173,-4.061299947742062,-3.6531897215134643,-3.1474348396360887,-2.567268816860311,-1.9956584523539163,-1.491993877023836,-1.0583548899333477,-0.6979040602474949,-0.3603018660891323,-0.14424210389403685,0.03120590092835612,0.09642485101146671,0.16987032296640595,0.2333350146115891,0.30359668938014356,0.31559282019018275,0.24267413655258155,0.1939700792226609,0.15587011313415555,0.09043503239255954,0
0,0.1461914232179539,0.2807069171627989,0.3915228966840515,0.49775714606834853,0.6206633238895853,0.6535610284813437,0.6267044309965706,0.5999974916093345,0.534767221302904,0.48612343237033456,0.3263907835048682,0.1511945744075806,-0.1440925632258627,-0.4616215388757584,-0.8562894534073595,-1.3281415958366272,-1.8553667892872587,-2.3851930948183524,-2.8688588058381064,-3.283893225447609,-3.5938038409494033,-3.9210435130925743,-4.297787209866083,-4.681320530072079,-5.077627269676417,-5.407676490857009,-5.663387506448519,-5.944962888228665,-6.237275157261976,-6.496727567851935,-6.713560247217011,-6.784655124923343,-6.759526440775233,-6.769018567027876,-6.777449858533513,-6.839291039602432,-6.833825011948719,-6.81057369970696,-6.909655322542471,-6.94942566084874,-7.079049214119434,-7.086346153989869,-7.126041117687842,-7.229588798564138,-7.29076608372258,-7.304227856780673,-7.280672735978103,-7.312526295153475,-7.396763344456586,-7.434788262227542,-7.406326057568296,-7.419541392527624,-7.45683759656743,-7.452083639964044,-7.391956293846446,-7.287686979069844,-7.239197320710126,-7.193780286840407,-7.001036356506518,-6.882374382921074,-6.715647307659548,-6.694151860765516,-6.6643471596195,-6.566079308528029,-6.539558611637841,-6.539522098598099,-6.604133541462354,-6.596422161527611,-6.4663064424069985,-6.308605621750294,-6.112597709829287,-5.924750783006765,-5.727804127721034,-5.45878815904816,-5.121383747549842,-4.772097075777045,-4.413447862066875,-4.06638424699953,-3.733355736693932,-3.275168938268832,-2.7332238529616126,-2.1378342561843557,-1.5530144066896985,-1.0289109890758588,-0.5915883968608376,-0.23724837634365917,0.08795158605767231,0.2724227423524646,0.43164392913100774,0.4788791016407307,0.5444181566014042,0.5795380711128364,0.6154868057118617,0.587520108029709,0.4619934566550806,0.37205830485578706,0.2773524564456374,0.15503501568196149,0
0,0.19212394819916515,0.37541492387821235,0.5240996699231601,0.6698817102011332,0.8275080226063034,0.888954440212938,0.8932258535156369,0.887178012813409,0.8346469544876556,0.8043079513427732,0.6720745954768007,0.5261508742931704,0.254473158002336,-0.05013060567469797,-0.44278461647147355,-0.9224834382597996,-1.4626123289417827,-2.0066822348642104,-2.52124626840928,-2.9744259192009066,-3.320027970000883,-3.70092405475376,-4.114744664010386,-4.529024514687868,-4.965968603759059,-5.3379052789313395,-5.632860509551719,-5.950189732075832,-6.2664343895006995,-6.539130526971723,-6.78465512492336,-6.873098451309138,-6.8582877278546235,-6.8749203870533195,-6.86714161737075,-6.91541935512868,-6.9072235136389155,-6.886043712121571,-6.992359222306701,-7.035535405676657,-7.184489069390177,-7.195460967121873,-7.258500657472126,-7.3782696969536055,-7.445214052505404,-7.476213314045107,-7.456294050742443,-7.491162447914222,-7.584586783301427,-7.623745602504017,-7.587717369400819,-7.599014007662087,-7.632417399628539,-7.609861790962074,-7.54197570346639,-7.419612134037663,-7.346582315452896,-7.295289574992772,-7.084845499260917,-6.964120261696467,-6.789345615402656,-6.761229539901138,-6.728134724254569,-6.640466533086316,-6.6280267508780755,-6.617349641371103,-6.67016939351233,-6.643964564520282,-6.48644134038747,-6.316869502921993,-6.100758714712527,-5.8820334637086935,-5.647049547348138,-5.3383292558167215,-4.959508670462701,-4.578578269752652,-4.186038700103586,-3.7840233221749804,-3.41802948301873,-2.9224440337462774,-2.350478232955852,-1.7409561545770624,-1.1411663986666296,-0.6093069291515234,-0.1766373350125229,0.16553815003587707,0.4700333412809342,0.6264344521464509,0.7619004614465101,0.795335766925301,0.8480123079539462,0.8640982210423744,0.8700425402461346,0.8118656643136354,0.6500272269801831,0.5183596040086993,0.37956521493571077,0.20504650683691808,0
0,0.24508102857728353,0.4768489978323857,0.6599176480015687,0.8411120193507536,1.026633031132986,1.1215299276531752,1.1617028408678698,1.1764329018203177,1.134324282385222,1.1254757800954105,1.0180735341834457,0.9013838293389485,0.6567109610422174,0.36004306671792385,-0.02578867967167367,-0.4994740070611392,-1.0447264730166783,-1.6047917347100018,-2.1456423729032625,-2.6422962240762304,-3.033284088930721,-3.4574970953053303,-3.902836053279099,-4.344710854846108,-4.81630967235286,-5.222044446609874,-5.546307071790628,-5.88593496425822,-6.219380538131115,-6.496003636915713,-6.759526440775253,-6.858287727854672,-6.8602300198392925,-6.880501659766197,-6.859983385939802,-6.898115404624644,-6.883965280227665,-6.862299007115336,-6.980554209461584,-7.026699568535877,-7.193365982617713,-7.221125628273381,-7.308676782700764,-7.4481933621623915,-7.521405083732897,-7.5750597258123555,-7.574291505350138,-7.617849231057367,-7.717367083307562,-7.755773765222636,-7.712536660294659,-7.714633915587144,-7.7276344517108795,-7.680461134756826,-7.603464932009686,-7.458227549461182,-7.358551295049034,-7.29079983628835,-7.066464951832609,-6.948872369192447,-6.763514067593185,-6.734789041092474,-6.701928514993248,-6.621417973242109,-6.620993455783442,-6.605356104721499,-6.638442688262245,-6.59991335472094,-6.424099389431479,-6.250483152605331,-6.019772555001268,-5.780753737196326,-5.517144182626952,-5.17548983456637,-4.761981227606381,-4.351880344026091,-3.9313796480850023,-3.4866407615646864,-3.078647903981105,-2.541407344003236,-1.9429691047311042,-1.3188262909347006,-0.7143461286283792,-0.18833006178246514,0.2347460986747121,0.5686950343300058,0.8497866397001187,0.980722856891512,1.096241148201213,1.112883759405609,1.155834352837513,1.1536485196959778,1.1260419803435642,1.0324390233692315,0.8391837118395283,0.6677940914672794,0.4873695014868808,0.26108291437740444,0
0,0.2999658356227283,0.5811196776319925,0.801245624562328,1.003082752851886,1.218260224886361,1.3425664253732519,1.413043447769323,1.445732783582794,1.4181700625921057,1.4348802247117378,1.354836898463161,1.2711686595812732,1.0543392229839927,0.7640270651236465,0.38591299955120817,-0.08751591145502975,-0.6247142729385116,-1.201611003578109,-1.7674747730043672,-2.3061010102657615,-2.742262848039024,-3.205055478642557,-3.683662717268699,-4.151647048579328,-4.654201913057708,-5.093478282264601,-5.448988819487477,-5.824662205893024,-6.188848190389119,-6.486813280910026,-6.769018567027951,-6.874920387053358,-6.880501659766205,-6.890892840422063,-6.841070944758613,-6.8583168587051055,-6.8369309077853515,-6.8029447841623725,-6.920211551769059,-6.962967538509697,-7.140557773187547,-7.184326369552301,-7.294988680728471,-7.451052455498766,-7.526843331319877,-7.598481983245579,-7.611473400217926,-7.650704966934164,-7.746721794953338,-7.7843095473691255,-7.742734856666871,-7.746305321088368,-7.743647396032743,-7.675190968535588,-7.593243417507018,-7.428044376882635,-7.305323717304802,-7.224012109011301,-6.994232382074412,-6.8855202281418295,-6.704097380821454,-6.688071564071301,-6.6589992579722574,-6.594545554383281,-6.620942918553336,-6.612035557017196,-6.638074317886347,-6.589753526986528,-6.396252394706526,-6.202199465005302,-5.942651837853506,-5.6678382025398255,-5.374505155995697,-4.999221697378942,-4.552552936501907,-4.113606799287933,-3.6627689705784214,-3.180244831885163,-2.728788099219337,-2.1524522805919744,-1.5313390564905158,-0.8946917120522103,-0.30016722711665567,0.227123776521879,0.6408235571887022,0.9668266928582255,1.2208821114284327,1.3200597082450338,1.4090904294044997,1.4021218172716092,1.4312665267509117,1.4138278322312952,1.3568580091027391,1.234007669592677,1.0128908255090319,0.8192044465265161,0.5959178577035972,0.3178016994844874,0
0,0.3543133332443852,0.6920846563567553,0.9487221533331132,1.186739295231645,1.4351925272896444,1.5953520775442525,1.7014047769367375,1.7593323617180503,1.7601466505894936,1.8017705651948943,1.759277357155132,1.7059179755518943,1.5099460441434955,1.2214123530940524,0.8416193023940917,0.35742403830103187,-0.1910033747281478,-0.7867914235661607,-1.3988074732012852,-1.994956643189174,-2.4813153851522216,-2.9977041981985106,-3.5202424061823634,-4.024028774831912,-4.563222566258803,-5.037375146932056,-5.424994754343922,-5.826982860783487,-6.208288491430338,-6.500226747375557,-6.777449858533533,-6.867141617370803,-6.859983385939828,-6.841070944758537,-6.7537388398388,-6.735941445143698,-6.694860747421053,-6.6511647758470005,-6.7539732597681645,-6.782569793190129,-6.96298286593996,-7.0207183475777954,-7.143662227675122,-7.310260732695806,-7.3910856812379615,-7.476224522699664,-7.501842091657802,-7.535589594723981,-7.62708538280081,-7.661467608998749,-7.621087364731439,-7.626781032373727,-7.608948693784319,-7.52564365087731,-7.436998160190295,-7.258542907823335,-7.119949431855484,-7.02649077991729,-6.800107947789573,-6.711681884333661,-6.550151632365246,-6.546702469473141,-6.536488432464465,-6.5073733531540165,-6.571665637020875,-6.592316176728648,-6.630665809690089,-6.597757558719796,-6.407966694942399,-6.217526623382412,-5.939250013537763,-5.63560286652973,-5.30826948251856,-4.895900768835181,-4.4084277864823145,-3.9266982214969794,-3.428024034218738,-2.8892754777312315,-2.387387122960509,-1.75301906165477,-1.0888743388687039,-0.43690718097120435,0.16425725959432194,0.6992571973131942,1.110843684487451,1.4290312977636654,1.6572056903259687,1.7224844987757082,1.7738459313382229,1.74243190951484,1.7432132047324516,1.7002646365330167,1.605656503636174,1.4467809352919996,1.1923348582932791,0.9625343006297395,0.7025940688442353,0.36870746979082547,0
0,0.40102796481442066,0.7747572664613834,1.054660931451225,1.311167120549636,1.5847282797657811,1.76599983772571,1.8908636415741242,1.9672052062996372,1.9844058203357966,2.040252100485605,2.032174798087375,2.0093215892146516,1.8319794225571877,1.550533419444627,1.177029240151527,0.6866328847034444,0.12624416090486992,-0.4863392796317634,-1.1248013915318233,-1.7625530408821872,-2.2985360767829417,-2.8564960917155897,-3.4148327730862134,-3.950369900047049,-4.531352224581578,-5.0447740653685775,-5.459391223008282,-5.8895447547752635,-6.283683328067663,-6.573971518403804,-6.839291039602438,-6.9154193551286625,-6.898115404624567,-6.8583168587051055,-6.735941445143718,-6.676453345586202,-6.601666476082502,-6.535219352087833,-6.612879578717957,-6.602968913692156,-6.7576266295021234,-6.8048372916874165,-6.915017930667968,-7.067127377278565,-7.1376213811422335,-7.230289333126165,-7.269585671229245,-7.2986816668081955,-7.383764303341102,-7.414806286545674,-7.375726000399036,-7.383453453671446,-7.350037608193595,-7.2579778859290425,-7.178806124175682,-7.013011449898352,-6.884409792222295,-6.801965709920152,-6.608984658558052,-6.5662545051963725,-6.435986395312611,-6.456444323495346,-6.480607501601073,-6.494040694259031,-6.594484104359494,-6.635651586698028,-6.681727537178883,-6.659992147250629,-6.47891355368022,-6.285715048918521,-5.990918826193673,-5.657494218342848,-5.300922528191749,-4.846290386287811,-4.312715204432282,-3.7931858810545243,-3.2557100225663196,-2.675680479874806,-2.125893720739764,-1.4516309754641303,-0.7659931218786401,-0.1037239179912783,0.503235972385448,1.0408880494776938,1.4414100506141363,1.7475771143754921,1.9555918155072545,1.9892706262725766,2.007621946080393,1.9643032697308112,1.9501973390255427,1.890444259432573,1.7771143824358502,1.5979051675517346,1.319693226611424,1.0712805850608182,0.785237864348042,0.4134260584426709,0
0,0.447878505425062,0.8660612388048615,1.185834485924136,1.4647344225929892,1.7568150558741746,1.9698644366729723,2.1201913698010957,2.2254072525428104,2.2584608222458056,2.3362800931156005,2.3518156123405096,2.364682055233671,2.20191409124633,1.9355235814539822,1.5762673462764936,1.0922590221009634,0.5167845875885897,-0.11860766490420158,-0.784165596136669,-1.467375905601937,-2.055534684986276,-2.6545989579413956,-3.2448760581070046,-3.805737043667641,-4.423290570168933,-4.978915589310069,-5.419441649035251,-5.8808984391989645,-6.288648501617264,-6.57980455464614,-6.833825011948743,-6.907223513638973,-6.883965280227691,-6.836930907785314,-6.694860747421086,-6.601666476082527,-6.484601085178979,-6.386022222250887,-6.429103163279401,-6.368488937915591,-6.485705363704931,-6.5146284314791005,-6.598071415328728,-6.7205914566237155,-6.762545532885441,-6.844489343477959,-6.891262085028881,-6.909980633166002,-6.9800529638075846,-7.007632166066703,-6.977294339927247,-6.9931591946524545,-6.952624499361782,-6.87180911943382,-6.8207014635684775,-6.682200482857771,-6.578359023400284,-6.516250559690215,-6.366032928647052,-6.381744831780662,-6.291148497118813,-6.34557644513665,-6.414170962597142,-6.462704102691527,-6.583912288133557,-6.63190243546181,-6.6806563919924775,-6.657904470817467,-6.483816401933012,-6.28413489629325,-5.968330137633536,-5.600526770009413,-5.21662615320414,-4.71610019836318,-4.141820693146355,-3.59297142205796,-3.0212418250960535,-2.4038296269191073,-1.803553763655811,-1.0874857131407534,-0.3794960995815142,0.2988654428419093,0.9153606664014433,1.4435030881924198,1.8278063881789353,2.116166342905639,2.30960024788435,2.309073588579673,2.305556372578047,2.2421263449678137,2.215288218511259,2.1277931911153045,1.988857566486189,1.7794442556822117,1.482553977806166,1.2095041517758456,0.8797012358862152,0.4598596308821767,0
0,0.46840107276527165,0.8984407182000258,1.2294414951358494,1.5175409590220417,1.817022546922907,2.0419512211468005,2.211272745280261,2.3350520637974954,2.3900317226578287,2.492715345549371,2.5457104574391245,2.5940053624917536,2.460326459615933,2.2181087059463103,1.8826008760996735,1.4152821594255973,0.8402184011549965,0.19959526871729924,-0.48225006596551323,-1.2049420107064737,-1.8401447298304983,-2.46982258078272,-3.0807569522695224,-3.6729067354117064,-4.324514033868365,-4.907245602240907,-5.375495436965224,-5.851918657156267,-6.271368485033736,-6.564147698589155,-6.810573699706961,-6.88604371212162,-6.8622990071153245,-6.802944784162418,-6.651164775846992,-6.535219352087888,-6.386022222250856,-6.262437156835726,-6.271048245166988,-6.166082057173358,-6.2489314540874235,-6.265185693942341,-6.332330637060675,-6.430684134374843,-6.460961550786221,-6.540696621630699,-6.595338283417985,-6.62054858189739,-6.676181944162792,-6.698675505527968,-6.674473142771379,-6.678537300560928,-6.6287832552163195,-6.551018033349427,-6.510611114742215,-6.394777748000583,-6.307207240621302,-6.261522119478171,-6.1522976406279355,-6.2188259582195435,-6.168554527077463,-6.253189315786942,-6.357994440700268,-6.432184457044708,-6.564371549159124,-6.624812779537559,-6.670938060006075,-6.63996246667102,-6.467362324277198,-6.259443260255545,-5.9245801083765475,-5.538039577581998,-5.126156405749894,-4.596908477544872,-3.9852509765147506,-3.4021431137882523,-2.8084716239025997,-2.16325541630148,-1.5190255776242245,-0.7656861265117675,-0.04667750594412682,0.6296168094038789,1.238109783691195,1.7450846289515072,2.1042808071851598,2.366905318747741,2.5313595678791856,2.500401607452037,2.4643854042326456,2.3791088495171655,2.3343541289657455,2.229652234673156,2.0713320517890077,1.8515631106342143,1.5467059440257187,1.2611694415142127,0.9171763666864738,0.48144492098929914,0
0,0.4510392350026433,0.8623091783334633,1.1770794485625247,1.4499279264576859,1.7364994143257233,1.9509660370426107,2.1254266420997237,2.261939337560363,2.3334391668330583,2.452359799825124,2.545367270079016,2.630867418349023,2.5408410216715334,2.3399739456475412,2.0407758227793997,1.6031818459896197,1.0449354215162256,0.4132934670726624,-0.27032198763220966,-1.018020583708575,-1.6843430907024675,-2.337625093309123,-2.9734779535640596,-3.599475082689168,-4.286193039705425,-4.905234295159223,-5.413613903899261,-5.915923832942347,-6.356585441679666,-6.657719506016359,-6.909655322542529,-6.992359222306724,-6.980554209461588,-6.920211551769096,-6.753973259768183,-6.612879578717982,-6.4291031632793745,-6.271048245166999,-6.234400643995093,-6.071742571087631,-6.10582022548364,-6.099182814855118,-6.135238724987877,-6.197283419706253,-6.210303460149146,-6.281426333239885,-6.33296630718835,-6.3574539823586145,-6.40073788578559,-6.419002858937772,-6.400732657988127,-6.402413649379233,-6.356077905938492,-6.288683417284011,-6.26861482713744,-6.190217742956269,-6.134864097202231,-6.114155068642909,-6.056392833098362,-6.184944926165244,-6.182659396527322,-6.304160645366547,-6.446586562244065,-6.546990467263311,-6.692804758155195,-6.752462300157449,-6.782962219100215,-6.737975274657524,-6.552628463823574,-6.329412691068898,-5.96572492614999,-5.547392699526933,-5.094213392533233,-4.528271012410122,-3.8818487824542904,-3.265842201092057,-2.6489690387723264,-1.9844578851053907,-1.3134709799272815,-0.5390847341702933,0.17501058788113705,0.8346249646342115,1.4191479510239156,1.8926918520152523,2.2143616562864987,2.434089121530903,2.5549853781087264,2.493030494088084,2.4221963540635096,2.3233359661903696,2.266903963678448,2.153794811426432,1.9920285169190939,1.782941866142876,1.4914251758388808,1.2186817133560015,0.8873422058984035,0.46687970400175105,0
0,0.4174546551015782,0.806399500465938,1.1089518193211396,1.3628295521483274,1.6383357511821515,1.845398450835871,2.015430297601579,2.1649221459864947,2.2555217192861807,2.396304389402463,2.514799172151983,2.6439805074561136,2.6043558165498673,2.4553573432304203,2.197296950917027,1.7879801547408891,1.247066861781766,0.6187799272887368,-0.07134514180646258,-0.8372309385756885,-1.525584960082421,-2.197812837449645,-2.8643914858805513,-3.5290027872312035,-4.241544743573731,-4.89293675035181,-5.436643551820022,-5.957625646015175,-6.410521550113442,-6.713431995167036,-6.949425660848854,-7.0355354056766535,-7.026699568535965,-6.9629675385097265,-6.782569793190166,-6.602968913692265,-6.3684889379156795,-6.166082057173382,-6.071742571087657,-5.8416251770132614,-5.818701743929254,-5.783595904677069,-5.778996675413531,-5.787200498898182,-5.779441913966053,-5.840987984086802,-5.882974083562668,-5.9062547015386055,-5.931200858410282,-5.945445685245951,-5.941404379343204,-5.944235604044111,-5.908698778033771,-5.8536101643985985,-5.859061469836057,-5.837673382084172,-5.825898016832613,-5.834591321387496,-5.83478295381226,-6.034906748275831,-6.092417376651441,-6.260165173670898,-6.456285100822838,-6.595852733481261,-6.753862291372063,-6.813823764545912,-6.836656481348481,-6.780977556157911,-6.603881222880714,-6.368473943664516,-5.9809435752841145,-5.5347544958374195,-5.04155231999548,-4.4397987897247955,-3.7646635434832945,-3.1101503893824707,-2.464081476725421,-1.7861489338180692,-1.097721162827717,-0.3121175228093884,0.39920383316049324,1.045193986755851,1.605661969477337,2.047033591500537,2.32764358391955,2.493825943607481,2.5631862409506256,2.4644333488122867,2.3728351147717968,2.2560632780410863,2.187916700999291,2.0666134619768073,1.911762885618958,1.7117751364376765,1.4324303187488214,1.1756340032238224,0.8494614955277213,0.44143871613167684,0
0,0.3649303602990153,0.7138567854479861,0.9778993460087617,1.206208159422432,1.4552741829442952,1.6371120014475704,1.7932656739049733,1.951302218022592,2.0613226160025855,2.218205764457419,2.363963540771173,2.5296164405342405,2.535596211565942,2.4383950043302627,2.2249785871932795,1.8536442123131072,1.3364163297109466,0.7321973016890159,0.05476921322374381,-0.7118073651091058,-1.4121259196100768,-2.0908663967888654,-2.7711499583134915,-3.4722337140182193,-4.212342793344361,-4.893567264446356,-5.4790904199907615,-6.033694900321122,-6.516998657047867,-6.837745931474778,-7.079049214119509,-7.184489069390246,-7.193365982617772,-7.140557773187593,-6.96298286594001,-6.7576266295021865,-6.485705363704974,-6.248931454087486,-6.105820225483677,-5.818701743929243,-5.738500616412967,-5.67530297631678,-5.626712195485044,-5.574468371799256,-5.541400682449849,-5.584016691892222,-5.610324319332796,-5.626308188309247,-5.62816628197292,-5.638197262339345,-5.65328604550097,-5.663967371530483,-5.645793331702742,-5.613204325565563,-5.648094421234395,-5.6913061586535,-5.727972999391269,-5.769766209584696,-5.830234346980878,-6.0896440237144125,-6.197761922786155,-6.4008927178349655,-6.633831540874374,-6.796252778269084,-6.947184363341496,-6.9907452425483125,-6.9862673198358385,-6.900541281979061,-6.706988991192542,-6.442031973975303,-6.013960958455091,-5.528245211339742,-4.9930986882265715,-4.361785960528584,-3.659926117505476,-2.9747569735684656,-2.3214403046740606,-1.6465196446289367,-0.9537119700922583,-0.17522048646324587,0.5122390071357404,1.1243131265500683,1.6554732069968485,2.054581164380343,2.2887347270958287,2.402010028286768,2.4280305692795316,2.3018525081861965,2.191039167325318,2.0646422224079464,1.9855803205918892,1.8612576553128837,1.7220480595485748,1.548283047307221,1.296252001269655,1.0625681683618373,0.7694978962962209,0.3939495115915289,0
0,0.3166759688897525,0.6192933492300152,0.8459603159532658,1.0470953611144844,1.2665684768518857,1.420306802843469,1.5686126546361148,1.7401402632207377,1.866117277174787,2.0339005149325464,2.2035591778566035,2.394907162143131,2.4357937552306717,2.3803926678367633,2.211510007456877,1.8721949921116854,1.3651181546776554,0.7769941499965356,0.10930625022938568,-0.6575745917490361,-1.3651129619568145,-2.034172393123332,-2.714784167410405,-3.433093074997842,-4.187948177333378,-4.879700308214496,-5.483878121556614,-6.054369334298215,-6.541659422331957,-6.856285922662015,-7.086346153989911,-7.19546096712192,-7.221125628273392,-7.1843263695523545,-7.02071834757786,-6.804837291687498,-6.514628431479191,-6.265185693942411,-6.099182814855183,-5.7835959046770995,-5.6753029763168215,-5.6096938003448455,-5.544597729212276,-5.46155547368672,-5.421035300354891,-5.458614145777289,-5.4847936183442405,-5.502969733300501,-5.491840637391257,-5.496422784027354,-5.515721960813314,-5.5202741424924335,-5.500299483371211,-5.474619325681854,-5.5198717686355945,-5.597442928132541,-5.65599391554293,-5.7069301515536335,-5.800262558532534,-6.092014361130548,-6.228528531028693,-6.45048262842672,-6.7061524449416785,-6.87976930466584,-7.015393081253588,-7.039730855956904,-7.009546476243676,-6.909307171982635,-6.715431281193939,-6.445941817608734,-6.002901933108517,-5.4942722424846435,-4.938166973017177,-4.294493039773832,-3.578110652829978,-2.8803738064021425,-2.2316321133485824,-1.5734744621967136,-0.8782135033401077,-0.10441189509238853,0.5628770456938526,1.1478693469056913,1.6602871007662112,2.021832992793482,2.2093500252731264,2.2791574242762476,2.2717944327334045,2.1284388252383444,2.0007888058896635,1.8688295693963706,1.7820498146687525,1.648833072483632,1.5187322361961701,1.374369450920925,1.1521343616198771,0.9421938504676203,0.6816431242396246,0.3469898884472041,0
0,0.28279411858076203,0.5503215788710037,0.7504468717294261,0.9224554183723069,1.1111411045451398,1.249766843838386,1.376498588108193,1.5501910148974574,1.6819437218389768,1.853551683632004,2.0263221760485015,2.2423519789633097,2.30692605425983,2.290734685120898,2.1534158519952262,1.8471058690245141,1.3527947436372458,0.781928508162585,0.13640717220239407,-0.6195971585108653,-1.323172077395185,-1.9748638132110448,-2.6425198833798067,-3.3664898040833577,-4.131700074043969,-4.848337075566167,-5.477642896074234,-6.074717727662715,-6.578945022061266,-6.899833332361857,-7.126041117687856,-7.258500657472122,-7.308676782700774,-7.294988680728577,-7.143662227675214,-6.915017930668052,-6.598071415328893,-6.332330637060787,-6.135238724987971,-5.778996675413513,-5.626712195485089,-5.544597729212303,-5.447953335147499,-5.317553213024975,-5.251566896498622,-5.268982077951932,-5.285178889612479,-5.296010005248585,-5.272270571772737,-5.272150325901114,-5.297829857934293,-5.3073162838490715,-5.298149973242678,-5.296850129008231,-5.37245898567448,-5.50212353077415,-5.595330117377918,-5.666656927892408,-5.806293632841707,-6.142800862478461,-6.313295903754977,-6.554424930807114,-6.839594116264109,-7.025385287833298,-7.145813025717266,-7.143380246131321,-7.080750253992666,-6.947021108935299,-6.747103541035935,-6.460542762932522,-5.9897627308013695,-5.44817091702453,-4.865235912214935,-4.195750149314488,-3.469082563197304,-2.7717120088238216,-2.1399522859006272,-1.5067795093496426,-0.8184973264838298,-0.062274359832520804,0.5736820761016315,1.1310847816841276,1.6221512352422487,1.9469726631080506,2.104357019456511,2.1327881847401913,2.1022580735236005,1.9402969329405164,1.813644155117331,1.6810986333045166,1.5947784113662888,1.4624948296356584,1.3545662047518,1.2294422670767156,1.0402410477600792,0.8554588161938713,0.6174222195403898,0.31276699152714477,0
0,0.2494247722065522,0.4881657346877014,0.6652301117736996,0.8115796179496573,0.9746295177403367,1.0923716554828071,1.2018153104217217,1.371575501122101,1.510797979864001,1.678716050174138,1.8639879691649914,2.0979613842548352,2.188653636014624,2.1998123980978783,2.0922387078829128,1.814600513371348,1.3287985874951174,0.7742165171155471,0.1496184741071141,-0.5938410501165569,-1.293259835811395,-1.9345956430066389,-2.602107111824737,-3.3356627021412346,-4.1244027724111,-4.867216066216828,-5.524617773439969,-6.15260266557478,-6.672534726176853,-7.001381967572018,-7.229588798564217,-7.378269696953635,-7.44819336216245,-7.451052455498891,-7.31026073269593,-7.067127377278705,-6.720591456623879,-6.430684134374999,-6.197283419706344,-5.78720049889826,-5.574468371799237,-5.461555473686646,-5.317553213024972,-5.135612273021688,-5.039571684106008,-5.036685932225385,-5.042832397339533,-5.042764875469361,-5.012573385073769,-5.009110034659871,-5.03613301492594,-5.055636708227608,-5.0585493488711295,-5.081458769424639,-5.192161109977792,-5.37796665203519,-5.520634936921751,-5.624279225790089,-5.827260455312135,-6.221180205898789,-6.431863706798917,-6.698607110037648,-7.0161896943625095,-7.216406950460509,-7.3230320317439075,-7.29952262545061,-7.210347809891739,-7.052984246974823,-6.83956207795023,-6.534363554202424,-6.036709439620299,-5.456420893884305,-4.844492786409699,-4.1476252215949,-3.3979244306551855,-2.6941645058979793,-2.0636219355993095,-1.4462575440926193,-0.7647535480369874,-0.027486499366715628,0.5783397093966373,1.110369885755389,1.5833565919120716,1.874943282327078,2.001168168763064,1.9996838361346316,1.9415230421985148,1.7651498045953933,1.63166628842726,1.5067484463152885,1.4194130025580503,1.2946554651807836,1.203607547212051,1.1008143979830698,0.9379020612713765,0.7751712574067212,0.558340290560145,0.2786472343943932,0
0,0.21119681529507023,0.41523249994179273,0.5660727270865028,0.6817441192075936,0.8136958921539325,0.9028825526976542,0.992771712994281,1.155856552014697,1.3007777069569995,1.4671223702158738,1.6645137721639494,1.9107915128339759,2.024576167158091,2.0618127249550433,1.981369989136316,1.7238028486226125,1.2361142950696693,0.6866651919578531,0.07520914829870658,-0.6598133269170215,-1.3437804700252594,-1.9701957842431992,-2.6291122421646262,-3.3611918754668633,-4.15834478673506,-4.91240708580886,-5.585550273698481,-6.223648468953343,-6.741069111596067,-7.065118422508268,-7.29076608372267,-7.445214052505548,-7.521405083732961,-7.526843331319957,-7.3910856812379935,-7.137621381142313,-6.762545532885507,-6.460961550786317,-6.210303460149128,-5.779441913965991,-5.541400682449815,-5.421035300354766,-5.251566896498621,-5.0395716841059945,-4.922850295146389,-4.899601181404897,-4.896229461901941,-4.895606644877913,-4.86697544627099,-4.858078808936816,-4.876944740812968,-4.892313386523758,-4.903770355332846,-4.948489280647281,-5.083642883129745,-5.303161206414858,-5.473465652338684,-5.588172624237391,-5.821201263315151,-6.241340896147855,-6.476132008236607,-6.760386223523129,-7.109976462931047,-7.3210853971810925,-7.420228153993002,-7.39048698596027,-7.290788154248533,-7.121433975466548,-6.9020070131267,-6.591628164698729,-6.087311245174544,-5.4889515729281095,-4.858867433939142,-4.1495985931761235,-3.3914399363862726,-2.6912050452648844,-2.068865392657059,-1.470888252643444,-0.8064046590393149,-0.08230027897946095,0.5023301509029314,1.021246761571444,1.4903113774692933,1.761414820140006,1.8617428225136512,1.8322727483535288,1.7484134817221215,1.5604471644586524,1.417031360772729,1.2948730518547293,1.2047022107359273,1.0880598310296272,1.0145958391223562,0.941338894323829,0.8122145177475826,0.6782468465692802,0.4873448184637511,0.23863979844843897,0
0,0.1865887088813096,0.3798975269130805,0.531447363468021,0.6300089103149366,0.7362472884013838,0.8087491164874814,0.8808937146698866,1.0354386790496097,1.184894887643593,1.3462962516661028,1.5447786901562075,1.794039255284012,1.9251498294643703,1.9847254362887743,1.9213762986749765,1.6782207436526082,1.18877462673921,0.6379173627436004,0.04165493806674826,-0.6782329229654938,-1.3423035326682435,-1.9511530143250617,-2.6024099429598775,-3.328153915509931,-4.119992955212799,-4.886411770607598,-5.577165452627363,-6.224156722335068,-6.744712101739749,-7.068997091263233,-7.304227856780729,-7.476213314045172,-7.575059725812434,-7.598481983245632,-7.476224522699692,-7.2302893331262,-6.844489343477974,-6.540696621630715,-6.281426333239889,-5.84098798408678,-5.584016691892212,-5.458614145777252,-5.268982077951948,-5.036685932225415,-4.899601181404849,-4.858622717693224,-4.853492838040546,-4.855643737023109,-4.831797536074989,-4.817806752640785,-4.825961357280557,-4.833630068264187,-4.845766853863438,-4.908944347620387,-5.068942660204596,-5.312016853428445,-5.505031042927097,-5.629651565789553,-5.885769127038362,-6.3217569818843815,-6.569717814523869,-6.860759281185342,-7.222840138746459,-7.424170754362636,-7.506637328377496,-7.455997829074722,-7.327646987104744,-7.133453908658616,-6.8990369572163095,-6.5811433441556515,-6.0674606657207075,-5.455625564472502,-4.808231158143394,-4.086102091748437,-3.3339681107217785,-2.6440074724757467,-2.0311729193987023,-1.4564013989574396,-0.8145486765564217,-0.11149437179391275,0.4526265748665099,0.9676697698101717,1.4353612618999332,1.694821108339536,1.7810825428700334,1.728557561542892,1.628092140515651,1.4392583153624483,1.2946570426039001,1.1773364266142667,1.0850453151487902,0.9787548145870353,0.9218597828618121,0.8668069699067343,0.7679961789154917,0.6497084221228827,0.45730480282438046,0.2155759540261887,0
0,0.16023136476806732,0.34049694372922834,0.4858810998635743,0.5749147295621221,0.6624622392682382,0.710827419932323,0.7743974600251123,0.9191667587399749,1.065741461503622,1.2143896217128196,1.4174965203938596,1.6586093518408966,1.8015030146741802,1.8663009689040584,1.8184729430254312,1.585965855533298,1.098573942925569,0.5566555652607548,-0.020108685084510067,-0.7187082760812851,-1.3637183105669906,-1.9548706227294634,-2.600210897596113,-3.3218486660440734,-4.108266213203538,-4.872331453305,-5.567580955256034,-6.214871089924187,-6.727973332766279,-7.047096629299783,-7.280672735978137,-7.456294050742458,-7.5742915053501285,-7.611473400218001,-7.501842091657806,-7.269585671229156,-6.89126208502887,-6.595338283418013,-6.332966307188425,-5.882974083562645,-5.610324319332753,-5.484793618344284,-5.285178889612562,-5.042832397339619,-4.896229461901949,-4.853492838040561,-4.856924742320531,-4.863425510104613,-4.838275623565979,-4.820616007152468,-4.8253419912407365,-4.824997023982668,-4.827256299613447,-4.892259023197966,-5.065575386728209,-5.321203211232666,-5.526553335816394,-5.65298430964472,-5.928156128357097,-6.377237795953703,-6.632089736020933,-6.917877787199296,-7.274952218116384,-7.463293399811175,-7.532875288517388,-7.467182202892928,-7.314909798045993,-7.111268442588688,-6.872897880222471,-6.5538947069311515,-6.042189282242984,-5.425257089424048,-4.7739502690166615,-4.053476305738845,-3.3072174688918974,-2.6247346279309385,-2.0209126373473962,-1.4688353845905782,-0.8503250740990219,-0.173879058013798,0.36710513631829517,0.8697187111011025,1.3328758257866207,1.583241967326066,1.6553402475131307,1.5984082331519647,1.4881354303092627,1.3118182596442665,1.1661305043548387,1.0641527775869342,0.9784008726815594,0.8848422385683288,0.8357089848841283,0.8039703345484763,0.7261303822945547,0.6145123016314412,0.42592608246620645,0.19333515242553642,0
0,0.1251223428692865,0.28166697021684267,0.40307668491261395,0.4843531758630121,0.5524906922322784,0.5824096631837524,0.6416630894030416,0.7828032307142785,0.9178923332775232,1.054726812123945,1.2639979294325148,1.512054330193135,1.6697826668698068,1.7443716794697217,1.706600330246524,1.4810262625977733,0.9865461648051108,0.45333324146427556,-0.10526127448832456,-0.7869579008932399,-1.421494636599679,-2.0115917419578655,-2.6523091232942484,-3.3820374576788987,-4.169944275017459,-4.935510182819016,-5.636113307032853,-6.279079010070134,-6.780370650775503,-7.086395427931248,-7.31252629515342,-7.491162447914163,-7.617849231057384,-7.650704966934177,-7.53558959472394,-7.298681666808111,-6.909980633165918,-6.620548581897455,-6.357453982358667,-5.906254701538584,-5.626308188309222,-5.502969733300503,-5.296010005248669,-5.042764875469433,-4.895606644877937,-4.855643737023136,-4.863425510104612,-4.876665750023042,-4.851304136303541,-4.830779964085939,-4.834592573505282,-4.826000144638836,-4.824623201243732,-4.888264946046445,-5.063444545674628,-5.331198486499886,-5.544137148138375,-5.668763702706236,-5.9523750411374525,-6.405114061082083,-6.662852682497349,-6.943559451006004,-7.3110436466459,-7.505912095330487,-7.5805524879040025,-7.517973347974131,-7.354975816439038,-7.144205513156103,-6.909301066184718,-6.598465991793231,-6.097337344143309,-5.481784218468201,-4.824058542897332,-4.102035695145421,-3.3532548501602792,-2.664902527611926,-2.0670292399508146,-1.51848747915079,-0.9129268909235191,-0.2573487275550259,0.2624931399244479,0.7537779017250641,1.2233988434204806,1.4670280284720503,1.5310456450720875,1.4658232182356177,1.3423776224108865,1.161125204921872,1.0106357906427121,0.9206400353374189,0.8455282311382689,0.7562353443531019,0.7110183555286261,0.6981645754006808,0.6422657293756211,0.5368878250869767,0.37168882183808105,0.16078040388581502,0
0,0.10964154017375058,0.2572405781175858,0.3744669805628773,0.44855639539742087,0.5111224423038951,0.5387150452048134,0.6005486428679607,0.7446693075942691,0.8813118226974336,1.011803805322163,1.2263318755380024,1.4825498230130554,1.6548015415913842,1.7365165184059292,1.71073079372546,1.4944434195755958,1.0021564289604001,0.4667786421649425,-0.08664989878084399,-0.7671458538326337,-1.4142739702117209,-2.0143527285223866,-2.6703029840139134,-3.415113064443152,-4.213105423319552,-4.9901439015772,-5.702473843389067,-6.35402432133215,-6.856887746712254,-7.160815977037873,-7.396763344456397,-7.5845867833012885,-7.717367083307566,-7.7467217949533245,-7.6270853828008045,-7.38376430334115,-6.980052963807555,-6.6761819441628685,-6.400737885785616,-5.931200858410357,-5.628166281972955,-5.491840637391334,-5.272270571772812,-5.012573385073819,-4.866975446271023,-4.831797536075077,-4.838275623565957,-4.851304136303584,-4.836116028036611,-4.816013000824069,-4.810448694792793,-4.80354579624401,-4.806319122910266,-4.866796088930308,-5.041420973808986,-5.315636170062353,-5.542471091281731,-5.679924763336807,-5.985881031958323,-6.45856005666392,-6.728201557531738,-7.021380321080356,-7.402270172394129,-7.600529465758018,-7.676080666407502,-7.615481622516054,-7.4452593346380604,-7.223358186440639,-6.976619871780394,-6.666844179687921,-6.165004281240967,-5.541365541937421,-4.872668265135938,-4.13912199772824,-3.3804130427550607,-2.677482988418815,-2.0650262134995017,-1.5064224812576499,-0.888610591400186,-0.2360373042830311,0.2781617096538535,0.7714097993005242,1.2377463925524819,1.4713806772560845,1.5226947603986185,1.4496912011363383,1.3113253343350184,1.1217259155845465,0.9653081579033086,0.8818782494061311,0.8054126334551256,0.71369645613505,0.6664998854121041,0.655788107193014,0.6063667229949632,0.5072975736059525,0.3462732296922105,0.14553417870193763,0
0,0.11540177302323998,0.2668078458616314,0.388518015252086,0.46804512779283525,0.5352356366295444,0.5646245685716121,0.6275331878241273,0.7737618084500757,0.9113558720473125,1.0432779935370755,1.2571100413059184,1.512572976068377,1.682391859671962,1.762787069608965,1.734252627705976,1.5140259497315869,1.0189857486863771,0.48030507228671554,-0.07685834436843675,-0.7622609872743786,-1.4145166000219749,-2.019585715210695,-2.680202445927236,-3.4279136932152148,-4.229028060967812,-5.009347046842855,-5.724882323431476,-6.380422363843605,-6.886818992668569,-7.194599073392918,-7.434788262227464,-7.623745602503913,-7.75577376522264,-7.784309547369136,-7.661467608998637,-7.414806286545644,-7.007632166066666,-6.698675505527938,-6.419002858937697,-5.945445685245938,-5.638197262339423,-5.4964227840273105,-5.272150325901184,-5.009110034659917,-4.858078808936784,-4.817806752640836,-4.820616007152433,-4.830779964086025,-4.816013000824045,-4.796772898462524,-4.792143217610928,-4.789363829561461,-4.796845868473398,-4.862823769642748,-5.042779640594897,-5.319980247814003,-5.550968230303548,-5.693177772370946,-6.002231086630021,-6.478105199060115,-6.751112486258132,-7.048527659594968,-7.431971140573986,-7.632730135189736,-7.711071623355451,-7.651280179576233,-7.482227314436138,-7.259649256079764,-7.00872406131032,-6.695407045678963,-6.190379946494239,-5.563212583041331,-4.8915672652428,-4.155069678304033,-3.3936588162662833,-2.687988585454765,-2.0711734510340847,-1.5078093838862667,-0.885080657879848,-0.22797742773155524,0.28964162048647885,0.7862062821905106,1.2558110999381156,1.4939360816107752,1.54813487809404,1.4766309490163054,1.340971532963708,1.1522499654359444,0.9971396020261413,0.9128590497437312,0.8356392963836761,0.7417843431835852,0.69345305729518,0.680690404808867,0.6265873341106137,0.5224008564077666,0.35665051140881987,0.151813530266848,0
0,0.13842124620221058,0.308098928318173,0.4464949466459589,0.5439817073600881,0.6257116963651079,0.6624853870920518,0.729142601782507,0.8772307817147145,1.0172882543127053,1.158505101100246,1.3672824159157497,1.6142503916363504,1.768542453365891,1.8391090326905992,1.7945083621768638,1.5576482742746693,1.0539293876974194,0.5068329531695288,-0.06624878084482176,-0.7608676413435097,-1.4075612420769288,-2.0132497041754074,-2.670231643791192,-3.412168544043056,-4.21014771337299,-4.984807593866937,-5.695463687280827,-6.348740330214151,-6.858559684665586,-7.173389908822574,-7.406326057568325,-7.587717369400843,-7.712536660294664,-7.742734856666849,-7.621087364731368,-7.375726000398979,-6.977294339927134,-6.674473142771376,-6.400732657988087,-5.941404379343223,-5.65328604550096,-5.515721960813277,-5.297829857934262,-5.036133014925995,-4.876944740813004,-4.825961357280575,-4.825341991240752,-4.834592573505229,-4.81044869479282,-4.792143217610969,-4.7986395003422055,-4.797343899658535,-4.807087885148537,-4.882980740258256,-5.069685240455404,-5.344583794378602,-5.566866606664294,-5.70323086893334,-5.992302741975426,-6.450296818533623,-6.71665271541991,-7.00878562839652,-7.384056283862947,-7.5855778911951495,-7.665974795131911,-7.6061386774455295,-7.4463864594411,-7.2341512376051815,-6.993216683931954,-6.674408828868244,-6.165757550443094,-5.540995975424034,-4.873468002366275,-4.143046581866651,-3.3848000165852477,-2.684170180495498,-2.0704284052101958,-1.5060694842019868,-0.8887984259887433,-0.22109917627827358,0.3122070271082428,0.8169323896059584,1.2963977397107196,1.5520353757513279,1.623087013140138,1.562479888652971,1.4431709746190013,1.2632556368453873,1.1145070248865818,1.021662508418576,0.9421964799538622,0.846106670484895,0.7937035845225211,0.7737715102237891,0.7040437774758629,0.5831054199149261,0.40040663169855534,0.17549681765843644,0
0,0.177714619419997,0.37683738632907077,0.5444200980164283,0.657408091286779,0.7646049960838668,0.8241342139654351,0.8993601450391999,1.0546167903787516,1.2117734011567798,1.3688368263730797,1.5739338225490809,1.8131857312842241,1.9539890547080925,2.014015008079807,1.9572648786509055,1.7090025821326278,1.2086779717299228,0.6483889213576122,0.051027848040983696,-0.6645650327169572,-1.3249711862016231,-1.9383363498208623,-2.6073376855882695,-3.348016392679233,-4.151869672500219,-4.931914769362969,-5.644254873080702,-6.309155564377467,-6.838425699223924,-7.172723454367603,-7.419541392527604,-7.599014007662112,-7.714633915587135,-7.7463053210883555,-7.626781032373704,-7.383453453671414,-6.993159194652381,-6.678537300560857,-6.402413649379233,-5.944235604044066,-5.66396737153053,-5.520274142492432,-5.307316283849107,-5.055636708227689,-4.8923133865237505,-4.833630068264219,-4.824997023982664,-4.826000144638805,-4.803545796243951,-4.78936382956145,-4.797343899658523,-4.807340131693391,-4.825569367904328,-4.908182306518169,-5.09734142857369,-5.3602671337630445,-5.576452205895011,-5.717144550626217,-5.995655390906943,-6.448286943343968,-6.713548399503157,-7.0150550402374385,-7.381197548734501,-7.578012969730045,-7.656218489648387,-7.596312943846329,-7.44853093902544,-7.243143826578677,-6.9929858692382165,-6.660468980199871,-6.134515929438993,-5.501788594670618,-4.8339885476693185,-4.09841506471858,-3.3355923844583164,-2.633837748862201,-2.007257334110712,-1.4323599688317694,-0.7991733983943639,-0.10688559979543932,0.45287037207557695,0.9729376812573917,1.449554673913754,1.7164801455574001,1.797621685630639,1.7463432829424865,1.6392598671410676,1.4650235569186665,1.3188003620567978,1.2103341070859892,1.1147878184832987,1.0112489143606305,0.9513215269328732,0.9086663974808223,0.8112623589173111,0.6768331680598777,0.464974877248063,0.21245681636297695,0
0,0.20968905460804865,0.42733088746498715,0.6076857776731375,0.7378245718427493,0.8702804661922591,0.9596474484469414,1.0491142663346034,1.22126741766138,1.3864230585702282,1.5621157876585485,1.7655171716358515,2.014797836671335,2.1448552154811997,2.200081924204716,2.1267951211398164,1.8627147979796457,1.3570637098621878,0.7838230061007789,0.16312694417008217,-0.5778405927409815,-1.262726158932286,-1.9003318708755126,-2.5819396183011425,-3.3329310802098404,-4.148349881010858,-4.9369007252990205,-5.650348089166189,-6.3203311184275375,-6.86138352276245,-7.204081942075503,-7.4568375965673805,-7.632417399628599,-7.727634451710924,-7.743647396032731,-7.608948693784346,-7.350037608193681,-6.952624499361803,-6.628783255216325,-6.3560779059384425,-5.908698778033758,-5.645793331702725,-5.500299483371267,-5.298149973242707,-5.058549348871186,-4.903770355332859,-4.845766853863402,-4.8272562996135004,-4.824623201243666,-4.806319122910263,-4.796845868473455,-4.807087885148473,-4.825569367904324,-4.855468736704624,-4.9368722266915075,-5.113271684031386,-5.361210666448069,-5.563633565751973,-5.703525637278209,-5.960055788083805,-6.397521035823203,-6.654575249680163,-6.962484993412899,-7.33294462076969,-7.544475465451692,-7.637747907089039,-7.594592660925192,-7.47241974827054,-7.277226622333605,-7.027396672610374,-6.693222993787629,-6.161690566885001,-5.528941420060997,-4.859183735792186,-4.1155089715927184,-3.340486808756878,-2.62426590116615,-1.981848074229619,-1.37723195218394,-0.7156084758399964,0.006951396654512543,0.5932500328101088,1.1289064642086017,1.6127358492693047,1.8932426005606071,1.9890835737037915,1.9418717012590532,1.843660256717472,1.6549454207810255,1.5068413110829368,1.3776819559526454,1.2705816718603546,1.1476315634747447,1.0749152288804744,1.0033063977220773,0.8785024683182128,0.7304813147677599,0.5080919302327168,0.2409518906081396,0
0,0.23575647926943727,0.4681612853242496,0.6501673902894608,0.7987759088311294,0.9572517129168671,1.067187481908938,1.1787479749707592,1.364241960856582,1.529260667289155,1.714938304850517,1.9189097336508063,2.166776322615316,2.2799690174682588,2.3120800287576224,2.2219700886423612,1.9433168166870223,1.4388767663309172,0.8644638137427095,0.22431175852552615,-0.5347767294209904,-1.243620963217685,-1.904264606048928,-2.5970445153412727,-3.357201106554641,-4.180743485577437,-4.960084092659187,-5.658735142608799,-6.322320572159925,-6.862988033911921,-7.207003533073476,-7.452083639964052,-7.609861790962114,-7.680461134756848,-7.675190968535692,-7.525643650877321,-7.257977885929004,-6.871809119433819,-6.551018033349366,-6.288683417284001,-5.853610164398618,-5.6132043255655875,-5.4746193256818705,-5.2968501290082575,-5.081458769424695,-4.9484892806473075,-4.908944347620355,-4.89225902319791,-4.888264946046377,-4.866796088930206,-4.86282376964283,-4.882980740258355,-4.90818230651823,-4.936872226691491,-4.998391629759769,-5.148241988337259,-5.368939643858194,-5.544322382026918,-5.672127915029212,-5.901593888301107,-6.320302892227775,-6.562259662022327,-6.862952784958143,-7.220376488215727,-7.443078080174079,-7.553989308480694,-7.534386911199526,-7.442651582801467,-7.272979456752894,-7.036590666091824,-6.708126971627098,-6.183270199272101,-5.561464380691198,-4.905584538591059,-4.171143424780517,-3.387428346660598,-2.658215989677513,-2.0031536737268385,-1.3696481254674124,-0.6818354527049477,0.06407281084672922,0.6743117898196009,1.2155693438960782,1.700976328247301,1.9928363332339956,2.1023220277573498,2.079106510701198,1.9969950739705793,1.807305139777423,1.6587957991900593,1.5205165149705568,1.4114119043667759,1.2733258272459314,1.180154278533157,1.086947491218125,0.9315566400377594,0.7669230656135796,0.5437921888056234,0.26579361967681747,0
0,0.2756974647350688,0.5462061208643824,0.7559859489097928,0.93835645523162,1.131419268542251,1.272566345592896,1.4070436104040167,1.6024967022669812,1.7670974036023748,1.9567478321887333,2.150586934758815,2.3861381676848,2.477409110479205,2.483142944397847,2.3659171051094616,2.0654251750009807,1.5585613610892537,0.9744329006470369,0.3163348813554813,-0.45561377243327295,-1.1849564925997293,-1.8658518624560847,-2.5710549000359064,-3.336021700831916,-4.154524654299253,-4.9232888236649615,-5.604989557496436,-6.258580577490441,-6.800195069121429,-7.145815551893858,-7.391956293846471,-7.54197570346647,-7.603464932009757,-7.593243417507128,-7.436998160190319,-7.178806124175622,-6.820701463568519,-6.510611114742234,-6.268614827137459,-5.8590614698360355,-5.6480944212343624,-5.51987176863555,-5.372458985674474,-5.192161109977836,-5.083642883129782,-5.068942660204633,-5.065575386728199,-5.063444545674575,-5.04142097380893,-5.042779640594871,-5.069685240455458,-5.09734142857383,-5.113271684031451,-5.148241988337222,-5.269832636297076,-5.452011690284791,-5.595166368960821,-5.7090765610388585,-5.904882955984909,-6.292721735229627,-6.508113373703978,-6.792743226043878,-7.119473184214915,-7.332695007735322,-7.4529246498094714,-7.4416334137600115,-7.362902799233582,-7.207107340987268,-6.977832716942927,-6.65734069147134,-6.140287892208861,-5.5358751801223285,-4.898774527460255,-4.175786235390364,-3.396988706060644,-2.6606667587386794,-1.993507563830404,-1.334882312386334,-0.625388130666589,0.1378082615447321,0.7735608813994257,1.3318974411062547,1.824682585532038,2.138257884153761,2.2732670078894497,2.278438433008359,2.220896089909269,2.0422775039830543,1.9017641523984918,1.7584893703534894,1.6466632569106499,1.4973529262821421,1.3836146575549866,1.2583694009744015,1.0659448799740074,0.8698668374512333,0.6194193439452784,0.30757022324592165,0
0,0.30877145571758474,0.6086896275701474,0.8448855767108198,1.0531056605106361,1.2732225744302188,1.4370710403165565,1.5915048020093578,1.7921613723023881,1.9492385565329957,2.144943611054989,2.3270368174844758,2.546401129072464,2.610399194376787,2.5877752272654835,2.440811982833687,2.110970699268371,1.5928476166576206,0.9874906384207657,0.30545064432375696,-0.4812998458753897,-1.2181166722436203,-1.9119003073914627,-2.6193346957786954,-3.3754351294876033,-4.1719859553221195,-4.915148099094008,-5.5671624352954785,-6.187450541747665,-6.71104541806088,-7.046922966341624,-7.287686979069859,-7.419612134037649,-7.458227549461233,-7.428044376882726,-7.25854290782337,-7.013011449898383,-6.682200482857768,-6.394777748000623,-6.190217742956246,-5.837673382084087,-5.691306158653469,-5.59744292813248,-5.502123530774197,-5.377966652035255,-5.303161206414861,-5.3120168534284495,-5.321203211232612,-5.331198486499833,-5.315636170062329,-5.319980247814002,-5.344583794378651,-5.3602671337631,-5.361210666448028,-5.368939643858179,-5.4520116902847855,-5.573787968212716,-5.6632332582004254,-5.741729884181762,-5.870608999093655,-6.19822959636028,-6.372821214314946,-6.634040670069516,-6.931351103876504,-7.132346321136992,-7.269443874798187,-7.282664232328872,-7.233514405332698,-7.102839367495569,-6.889710624337719,-6.589158979561834,-6.100780511601561,-5.537102014889321,-4.930061934276251,-4.233965129424348,-3.4765653686033815,-2.7456240738190605,-2.0746317438455666,-1.3972250465233291,-0.6778309553600484,0.10626625909982791,0.7753369081854032,1.363852612626084,1.8767297177926654,2.223551145574156,2.38940029832734,2.4253767876667496,2.396333964763623,2.2301803821395123,2.096039850584102,1.9430409476359605,1.8323774641939272,1.6743672708256172,1.5414542422510071,1.3921107201656722,1.1715962564980074,0.9532236209062438,0.6787679165176803,0.34175670817812703,0
0,0.34099972856011557,0.67389516178258,0.9350472745758016,1.1708704060414454,1.421432257424898,1.6020078765831227,1.777498242105166,1.97576694460184,2.1267311042506467,2.3210116970687364,2.4998184730237947,2.69765368740282,2.7383641369000666,2.6793932833754646,2.4997286687195186,2.1378780715871586,1.60654952806474,0.9819098495486206,0.2759694234877914,-0.5230458391067527,-1.262986515364883,-1.97402471358118,-2.694234981324172,-3.4446582834191153,-4.231102452850209,-4.949213814066813,-5.573673311290552,-6.165089751197132,-6.6695201344561195,-6.996547417953686,-7.239197320710188,-7.346582315452934,-7.358551295049078,-7.30532371730484,-7.11994943185546,-6.884409792222338,-6.57835902340028,-6.307207240621218,-6.13486409720222,-5.825898016832532,-5.727972999391191,-5.655993915542895,-5.5953301173779835,-5.520634936921767,-5.473465652338709,-5.505031042927097,-5.52655333581642,-5.54413714813838,-5.542471091281786,-5.550968230303561,-5.566866606664243,-5.5764522058950154,-5.5636335657520055,-5.544322382026927,-5.595166368960873,-5.6632332582005045,-5.715150356583731,-5.768895903307724,-5.847640926199636,-6.128467352029272,-6.268575618537443,-6.51147438799446,-6.78191500040123,-6.973825440733029,-7.129987396334861,-7.1699164546994645,-7.154997292468753,-7.05848951233855,-6.852884798989128,-6.571850026873609,-6.1131182600969165,-5.584438351870079,-5.006372930832362,-4.336029383255787,-3.588287640010426,-2.857080015993177,-2.1687486249413914,-1.4664369996576552,-0.740483597450806,0.06267358187642073,0.7650010013967804,1.3826558708698748,1.9165393359094558,2.2986643932974866,2.4954522322206634,2.569550536517643,2.563457747941533,2.4130125590815448,2.2785691524704967,2.124040419744676,2.01365357090243,1.8553414432940671,1.7008565827656883,1.5308886806607078,1.277839859169799,1.0352425254154343,0.7394973951358271,0.37452497137181456,0
0,0.38570984474543596,0.7610302035206817,1.0568315136822146,1.3153684524556886,1.5937533052057073,1.8003399140786118,1.984726921483632,2.1680755624779966,2.3038490933229356,2.4886970903373262,2.647408210447008,2.820550421381681,2.829757003932459,2.7316630400143542,2.512296386250947,2.122015721801883,1.5830953506701362,0.9442745790818431,0.22916479694204925,-0.5688153957222729,-1.2988120217416994,-2.014781176352999,-2.7329858130028644,-3.4644799181812367,-4.233857735063223,-4.937666043823571,-5.5411864102510755,-6.112414979766667,-6.608226561573094,-6.941807284947077,-7.193780286840451,-7.29528957499278,-7.290799836288373,-7.224012109011276,-7.026490779917216,-6.801965709920149,-6.5162505596902855,-6.261522119478231,-6.114155068642893,-5.834591321387539,-5.769766209584722,-5.706930151553615,-5.666656927892412,-5.624279225790136,-5.5881726242373695,-5.629651565789573,-5.652984309644721,-5.668763702706359,-5.679924763336807,-5.693177772370905,-5.703230868933258,-5.7171445506262355,-5.703525637278212,-5.6721279150292165,-5.709076561038834,-5.741729884181772,-5.768895903307705,-5.807283398743641,-5.849745992168311,-6.098374541842833,-6.209283070317024,-6.430163419550295,-6.676771731820236,-6.857555885243417,-7.027541882049839,-7.084002449318656,-7.093730649256517,-7.013275671849023,-6.809617740856909,-6.532828843158272,-6.093222654699426,-5.591392455194398,-5.036405147172245,-4.381983833362897,-3.651015993755492,-2.934167438216919,-2.2428257835696312,-1.5281738829295402,-0.8072963773135577,0.00011745674158726727,0.7226602904016252,1.3657125397636922,1.9150583502174698,2.330480199080905,2.568418088589579,2.6833306700576305,2.707513097756436,2.573793820704228,2.452570745513522,2.3020499833742654,2.199066169939589,2.051548246459368,1.887319396934729,1.6900451684179056,1.4083273990730816,1.1453994526760816,0.8197338306569201,0.41790026964160154,0
0,0.4355034602241668,0.8467192630554661,1.1752210581054277,1.457119280438783,1.7603714303982596,1.9928455002921766,2.1885660267764635,2.3614809707754025,2.477054867377483,2.646595306241773,2.7817002696079105,2.92284107339305,2.890641269774638,2.7467676208246328,2.487116454120864,2.0656851107369887,1.5072322973547665,0.8493492669763324,0.12540161252173512,-0.6681395511120249,-1.3795793984990454,-2.083672695777507,-2.7830305608218384,-3.476439910178803,-4.21695005573332,-4.888176236564522,-5.443318319001515,-5.975176696921137,-6.4393663391933265,-6.7538973400465245,-7.001036356506611,-7.084845499260998,-7.066464951832628,-6.994232382074358,-6.800107947789571,-6.608984658558036,-6.366032928647062,-6.152297640627993,-6.0563928330982995,-5.834782953812303,-5.830234346980916,-5.800262558532518,-5.806293632841696,-5.827260455312117,-5.821201263315151,-5.885769127038301,-5.928156128357086,-5.9523750411374845,-5.985881031958349,-6.002231086630011,-5.992302741975364,-5.995655390906909,-5.96005578808384,-5.901593888301143,-5.90488295598493,-5.870608999093617,-5.84764092619961,-5.849745992168295,-5.829776021583766,-6.019241277590553,-6.078050363155323,-6.258161627171903,-6.463023828794391,-6.614052548616046,-6.785358590333769,-6.852201720994643,-6.884166393122676,-6.831314367492005,-6.643670051819648,-6.39704732285162,-5.9987159675795185,-5.541950524377231,-5.035525173649914,-4.413622771033746,-3.7107416916910285,-3.026430989134823,-2.347330978955053,-1.635244050681215,-0.9249655329370419,-0.11403345585946136,0.6286426810862992,1.3006581079369552,1.8749271156655538,2.32514076551965,2.6048671058414192,2.7665662538468903,2.830275320068616,2.719682952855656,2.6138074638522504,2.4722159759799633,2.381039556131562,2.238494180422689,2.061098803291571,1.836892246562764,1.5292892274959404,1.2448800145464936,0.8921375814764084,0.4623127519968575,0
0,0.46454074422665437,0.8928764296481543,1.2284619965320729,1.524667375314075,1.8371280284874902,2.0761521206168694,2.273727877942408,2.4311921161872334,2.5248180853191027,2.6710706045142785,2.7823711752748115,2.8834184545071335,2.806867899563037,2.6170146035389257,2.321155023589944,1.8753091216038873,1.3056306882480118,0.6511874247450389,-0.06098186099291561,-0.8299607463154691,-1.5129680477465668,-2.1897664522165945,-2.853769450110898,-3.5055174940791747,-4.214663464096657,-4.847305544185421,-5.361730651266867,-5.866827669017626,-6.311168376174916,-6.6202830487882665,-6.882374382921124,-6.9641202616964915,-6.948872369192443,-6.8855202281418775,-6.711681884333697,-6.566254505196377,-6.381744831780704,-6.218825958219631,-6.184944926165245,-6.0349067482758505,-6.08964402371436,-6.092014361130509,-6.14280086247846,-6.221180205898824,-6.241340896147895,-6.321756981884325,-6.3772377959536355,-6.405114061082007,-6.458560056663869,-6.478105199060159,-6.450296818533675,-6.448286943343986,-6.3975210358231935,-6.320302892227841,-6.292721735229612,-6.19822959636031,-6.1284673520292685,-6.098374541842794,-6.019241277590649,-6.134722034597738,-6.1304246097130095,-6.258735020720253,-6.402837872698889,-6.508366820727591,-6.66169119967587,-6.722716743186161,-6.755419340478767,-6.710848080427815,-6.515346394776459,-6.283975442664297,-5.916313857495887,-5.495039461465826,-5.034094227980687,-4.45400508268562,-3.7854369230319826,-3.142938866413609,-2.4975592445980617,-1.8070851927872789,-1.1205020780992447,-0.3275027454331175,0.4126471273669741,1.0916213269059405,1.6836705913542918,2.1614964183736443,2.4770755597158374,2.686345588289608,2.795195299297454,2.718140363276913,2.6313144329340394,2.508987914330201,2.432361879144376,2.300160711606651,2.1183230928996806,1.8857606657633534,1.5676399851519156,1.2717548030441146,0.9195646439199701,0.4828950070591382,0
0,0.47820340500220293,0.9215142606122029,1.2663672766788072,1.5739219164297888,1.8959623884541723,2.143517170588609,2.332401163640702,2.473978799805675,2.5501807796004194,2.678420325064581,2.749358943826337,2.813177047626116,2.6952809307420824,2.4673467875813038,2.1389916748460998,1.6685613280152602,1.0857120179984419,0.4269041733012412,-0.27994547886055055,-1.01899435470491,-1.6649967576511695,-2.3122300834489113,-2.9446185849389206,-3.5574154044869912,-4.225526118363536,-4.815145950302083,-5.2795070511589515,-5.750272852402674,-6.167887663044156,-6.4638157482877885,-6.715647307659598,-6.789345615402686,-6.763514067593188,-6.704097380821553,-6.550151632365198,-6.43598639531264,-6.291148497118827,-6.168554527077454,-6.1826593965273675,-6.092417376651464,-6.197761922786093,-6.228528531028632,-6.313295903754957,-6.4318637067989055,-6.476132008236626,-6.569717814523845,-6.632089736020932,-6.662852682497263,-6.7282015575316985,-6.751112486258164,-6.7166527154200075,-6.713548399503224,-6.654575249680237,-6.562259662022377,-6.508113373703954,-6.372821214314902,-6.268575618537505,-6.209283070317028,-6.078050363155325,-6.130424609712993,-6.076444832760126,-6.162547191330626,-6.264351701480881,-6.338214057593632,-6.472821246655443,-6.531367053013017,-6.577237416966698,-6.54648324184058,-6.367830348536872,-6.155877745595456,-5.822033778110336,-5.440399884165765,-5.030800703846572,-4.494121779450005,-3.865939523959628,-3.2614432833496187,-2.6457415081011977,-1.981167883633806,-1.3271186527398737,-0.5599740745490946,0.1818580866444292,0.8732018335111332,1.4852626127284037,1.9904693751254507,2.339435532437534,2.58804941080111,2.738051669816658,2.6921682762310035,2.640211667597463,2.5328415577296197,2.4688259969607924,2.3482093312124643,2.1730804502088787,1.931553253633009,1.6032418483298705,1.2981407365688127,0.9408327975881016,0.4931616211062241,0
0,0.4565896540838224,0.8851187427098812,1.2142127282262647,1.5076545729878437,1.8186259076945903,2.051758623880461,2.2204069096525987,2.3392639836314513,2.390179433793004,2.4893051397178705,2.5228491110712588,2.549149753708663,2.402033444646295,2.1483820259447035,1.7960585265410756,1.3091124771644898,0.726584489118664,0.07561694321436185,-0.6118058794010455,-1.3093617262193276,-1.9068891295891492,-2.5175487287365583,-3.122317934235303,-3.697186389265902,-4.32257014821954,-4.87780253777589,-5.308738467428136,-5.755881043391817,-6.1536963928791915,-6.442194883113618,-6.694151860765512,-6.761229539901171,-6.734789041092496,-6.68807156407134,-6.546702469473128,-6.456444323495319,-6.345576445136693,-6.253189315786964,-6.304160645366621,-6.260165173670946,-6.400892717835014,-6.450482628426735,-6.554424930807093,-6.698607110037647,-6.760386223523108,-6.860759281185338,-6.917877787199266,-6.943559451006002,-7.021380321080381,-7.048527659595089,-7.00878562839659,-7.015055040237509,-6.962484993412872,-6.862952784958166,-6.792743226043844,-6.634040670069523,-6.511474387994484,-6.430163419550357,-6.258161627171902,-6.258735020720287,-6.162547191330687,-6.213198856712233,-6.277530851832349,-6.325228762949537,-6.446264657341225,-6.491938126588151,-6.540715672705419,-6.521594462579009,-6.347927108559851,-6.149286910981261,-5.8422018961995885,-5.487385410377054,-5.111340089374866,-4.610667556433599,-4.028268578052119,-3.4645536429362886,-2.877559101249472,-2.247300894720883,-1.638773016538892,-0.9105161173363022,-0.18247348488723572,0.5084234458204991,1.1272440769443008,1.6527766216993651,2.0266206479759314,2.3021692896696746,2.4813516314971253,2.4683733557328633,2.4486237461054214,2.3666332262125125,2.323732720057519,2.2246649016901383,2.0703464265739084,1.8416666411842346,1.5249027548807401,1.2370097593874683,0.8988213047388249,0.46993300864572596,0
0,0.4114716041158684,0.7939762431700199,1.0805856799864986,1.3476269109269978,1.6385674067322422,1.8388014659755607,1.9788528928571825,2.064569439758978,2.09564940460002,2.1665900974128496,2.172753026775339,2.159914040798628,1.9931608811661135,1.7177289265641862,1.3447803739080808,0.8478844644367749,0.2799172375906414,-0.34774442413487316,-1.00557580378329,-1.6568952048090013,-2.200736192914969,-2.7654631715382734,-3.3311059222760067,-3.8717635866427984,-4.452000207278805,-4.9564034236215795,-5.351337259288569,-5.757933800836935,-6.1331708848988535,-6.409795916692563,-6.664347159619538,-6.7281347242546214,-6.701928514993244,-6.65899925797228,-6.536488432464421,-6.480607501601091,-6.414170962597142,-6.357994440700335,-6.446586562244079,-6.456285100822894,-6.633831540874398,-6.706152444941727,-6.839594116264116,-7.016189694362451,-7.109976462931022,-7.222840138746461,-7.274952218116429,-7.311043646645938,-7.4022701723941635,-7.431971140574053,-7.384056283862991,-7.381197548734523,-7.332944620769642,-7.220376488215646,-7.119473184214874,-6.931351103876482,-6.781915000401251,-6.676771731820292,-6.463023828794465,-6.402837872698876,-6.264351701480836,-6.277530851832362,-6.29619519583849,-6.3086876704027866,-6.410455913211714,-6.453246626942427,-6.504972135626393,-6.492283677714586,-6.3193670711949395,-6.137038521731338,-5.858899951392424,-5.54686326193047,-5.208125290827195,-4.761420403567872,-4.227988878104881,-3.702358363593699,-3.1562529514639484,-2.5689205970596944,-2.0119350002860825,-1.325656460909056,-0.6225442341754077,0.05159979297387074,0.661408050205357,1.1998789427325445,1.595937912729612,1.8956452428294952,2.09435006299054,2.1190008916677385,2.124592809767935,2.068374708106413,2.0422363222383524,1.9752086445615622,1.8491990109390888,1.6515513197512286,1.3553299272138428,1.09627785166366,0.8045777520773162,0.42475764849705644,0
0,0.36934131395685627,0.7189397384987669,0.9849075742883865,1.2333595790384373,1.5005256047657856,1.6814276038621678,1.8034197194538724,1.8688532769512938,1.8783264380596847,1.9268159200630839,1.8933791485668885,1.844505980873911,1.6512323580616497,1.3591541359285024,0.9733354150474417,0.47762838731949797,-0.08137591628723587,-0.6934001059067078,-1.3233414124517529,-1.9327939337310276,-2.4265840068072,-2.9458209466424945,-3.469057135747511,-3.9695738927736666,-4.5007205734773255,-4.959683964638158,-5.32095714124452,-5.689597051141552,-6.041841034391267,-6.309686110172171,-6.566079308528002,-6.640466533086357,-6.621417973242113,-6.594545554383352,-6.507373353154067,-6.494040694259088,-6.462704102691583,-6.432184457044767,-6.546990467263362,-6.595852733481267,-6.7962527782690785,-6.879769304665851,-7.0253852878333,-7.21640695046048,-7.321085397181096,-7.4241707543626525,-7.463293399811228,-7.505912095330525,-7.600529465758107,-7.632730135189833,-7.585577891195202,-7.578012969730025,-7.544475465451686,-7.443078080174054,-7.332695007735342,-7.132346321137013,-6.9738254407330835,-6.857555885243458,-6.614052548616127,-6.508366820727569,-6.338214057593692,-6.32522876294956,-6.308687670402779,-6.278094714032178,-6.343955202723687,-6.371607354934341,-6.418698345100497,-6.397413854224582,-6.2249086986901405,-6.0548477913543985,-5.802648629822593,-5.5293232247293345,-5.22632202554567,-4.827464828606701,-4.347065688261552,-3.867240713641268,-3.3656823685450106,-2.8236465863084677,-2.31463954517944,-1.668422950867573,-0.9882343681876692,-0.3229468969455831,0.284420135044763,0.8253554697033023,1.2391310864558358,1.5604569616443373,1.786769532084201,1.8481536388146287,1.8911949643561212,1.853896809902507,1.8473079985073642,1.7985095611425732,1.6900754339376247,1.5109700006442577,1.237307974255385,0.9972832910734242,0.7296611182373839,0.3843030369617277,0
0,0.321218981195848,0.6176605706576132,0.8486343847159987,1.0639558471720252,1.3003295626341735,1.446601363968406,1.5329950145709026,1.5729294092075539,1.550916203739779,1.566717021941902,1.4915138170727775,1.404981789476498,1.1840155352041655,0.8822363992280894,0.492139466763355,0.0035431848368002493,-0.5474595986108739,-1.1403844587939607,-1.7235344754959399,-2.2772009712686017,-2.7205736418325595,-3.1835766679961846,-3.65889177178902,-4.119280695802176,-4.6088434057066925,-5.02652368661309,-5.349663645745789,-5.687113315316579,-6.016509986730664,-6.2841043158030345,-6.539558611637881,-6.62802675087818,-6.620993455783574,-6.620942918553402,-6.571665637020957,-6.594484104359573,-6.583912288133588,-6.564371549159102,-6.69280475815523,-6.753862291372037,-6.947184363341544,-7.015393081253683,-7.145813025717302,-7.3230320317439785,-7.420228153993007,-7.50663732837748,-7.532875288517479,-7.580552487904066,-7.676080666407573,-7.711071623355526,-7.665974795131964,-7.65621848964839,-7.637747907089074,-7.553989308480792,-7.452924649809537,-7.269443874798213,-7.129987396334918,-7.027541882049834,-6.785358590333776,-6.661691199675853,-6.472821246655504,-6.4462646573411755,-6.41045591321175,-6.343955202723706,-6.371825950618312,-6.372660126354417,-6.408235967862848,-6.373631978124268,-6.203147103896876,-6.035567099343281,-5.807646950637985,-5.567351269806689,-5.3041959156429925,-4.948278924639843,-4.513065019442228,-4.079832658279022,-3.6294984548456823,-3.1463986392750867,-2.6877381430354306,-2.0974920368596788,-1.4609131801981488,-0.811030224252031,-0.2066674584735725,0.33092866996636283,0.7532283075354553,1.0900134432572193,1.3484597675898273,1.4505209066998896,1.5345564510326524,1.528203514805369,1.552245535108316,1.5287283658767468,1.4572690685172218,1.3130091509192323,1.071076397787596,0.8646770772505799,0.6323786726142081,0.3392117549694002,0
0,0.2680168027718472,0.5171570880216338,0.7143648971126357,0.910019217372281,1.1141375244522824,1.230010583559576,1.2840514304725683,1.303671253941511,1.2628325722987448,1.2472137111247394,1.140340326985844,1.0147053586767005,0.7598662292915821,0.4427831920680481,0.03884519205110015,-0.4526825190980196,-1.014133548967991,-1.5903902335923013,-2.147153055199343,-2.657917903536377,-3.056731307141294,-3.4796682300521513,-3.9188782941802582,-4.348933362797269,-4.802543027941425,-5.181540350544962,-5.469891544848077,-5.769028889425784,-6.0643274691935245,-6.306798923738369,-6.539522098598082,-6.617349641371197,-6.605356104721593,-6.612035557017318,-6.592316176728779,-6.635651586698178,-6.631902435461899,-6.624812779537702,-6.752462300157491,-6.813823764545882,-6.990745242548334,-7.039730855956935,-7.143380246131342,-7.299522625450686,-7.390486985960341,-7.4559978290748035,-7.467182202893032,-7.517973347974229,-7.615481622516113,-7.651280179576257,-7.606138677445583,-7.596312943846336,-7.594592660925237,-7.534386911199524,-7.441633413760037,-7.282664232328934,-7.169916454699459,-7.084002449318745,-6.852201720994627,-6.722716743186162,-6.531367053013021,-6.491938126588147,-6.453246626942455,-6.3716073549343335,-6.372660126354318,-6.370546880655978,-6.4151622416911245,-6.394546799491308,-6.246334328916111,-6.103332595290049,-5.90774352748218,-5.705701999239037,-5.475931696716258,-5.158016893076651,-4.760410863995867,-4.35965523281563,-3.9419025892569284,-3.497721932742191,-3.0813930838344095,-2.5306621072854227,-1.9177760447576968,-1.2794878698574257,-0.6619288255127391,-0.12235693736063805,0.31584798474967,0.6690108122743628,0.959731397338217,1.0993677315582633,1.213366682092781,1.2355699746349273,1.2773074459064062,1.270445066202569,1.2295379950662932,1.1155853260036406,0.9044161959550842,0.7198050432036952,0.5274985294797944,0.2841234337750843,0
0,0.21738337800513438,0.42037791938501445,0.5864256900729906,0.7494348676651942,0.9248340716145131,1.0061478475919259,1.021138808205751,1.0162517869984684,0.9588083625094144,0.9162823039883917,0.7796469807882721,0.6198869007583785,0.3315055361060399,-0.0006487850314045515,-0.418419706441602,-0.921435064124783,-1.4818487507821478,-2.043368861997451,-2.571296911834217,-3.0362608658453722,-3.391230766568243,-3.7714314633006896,-4.1778694502432385,-4.579104640923491,-4.994851826526509,-5.3386412130824965,-5.598316073732685,-5.875084039761834,-6.152173701109846,-6.390629010501496,-6.60413354146241,-6.670169393512462,-6.638442688262343,-6.638074317886511,-6.63066580969023,-6.681727537178963,-6.680656391992606,-6.670938060006138,-6.782962219100294,-6.836656481348536,-6.986267319835851,-7.0095464762436945,-7.080750253992695,-7.210347809891816,-7.290788154248572,-7.327646987104776,-7.314909798046089,-7.354975816439089,-7.445259334638125,-7.482227314436123,-7.446386459441142,-7.4485309390254555,-7.472419748270609,-7.442651582801556,-7.362902799233658,-7.233514405332766,-7.154997292468785,-7.093730649256594,-6.884166393122717,-6.755419340478775,-6.5772374169667085,-6.540715672705396,-6.504972135626425,-6.4186983451004735,-6.408235967862706,-6.415162241691039,-6.483279659877964,-6.477083277083477,-6.349181081750117,-6.211335353301937,-6.0324121963326665,-5.851221100639509,-5.649802768191785,-5.366046520259542,-5.005666268483336,-4.634802553292838,-4.245892264045146,-3.843737992323252,-3.4672699129627254,-2.9596951558379425,-2.374976075701401,-1.7492426350241175,-1.1314215023717054,-0.5796728462759965,-0.1239550746642377,0.24452394900204463,0.5648746454934749,0.7346415814739895,0.8726105294474144,0.9158439077247038,0.972616830178082,0.9870553644084021,0.9821961759151772,0.9047967339969805,0.7263327541552315,0.5790601888407771,0.4249316332630232,0.23050426544434907,0
0,0.17383821844320135,0.33244696062932083,0.46335775162496895,0.5893698379918403,0.7307438094097912,0.781903619167871,0.7637139739342572,0.7339157971370983,0.6578523823710978,0.5919652028327124,0.4235801312090954,0.22891287789599624,-0.08875322870300294,-0.44102044758286185,-0.8661983170690984,-1.365730800854972,-1.9168668901739307,-2.4659526045920637,-2.9648020553999666,-3.3919383492586195,-3.7127553562755207,-4.042082564177606,-4.414273533163824,-4.785139112960281,-5.160572461792045,-5.462749288734423,-5.6846076448720195,-5.9276285176375865,-6.1819338294427535,-6.4102575892433915,-6.596422161527667,-6.643964564520324,-6.599913354721044,-6.58975352698661,-6.597757558719864,-6.659992147250696,-6.657904470817522,-6.639962466671072,-6.737975274657524,-6.780977556157931,-6.900541281979125,-6.909307171982627,-6.947021108935381,-7.052984246974855,-7.121433975466591,-7.133453908658656,-7.111268442588762,-7.144205513156167,-7.223358186440653,-7.259649256079802,-7.234151237605159,-7.243143826578696,-7.277226622333665,-7.272979456752971,-7.207107340987356,-7.102839367495657,-7.058489512338526,-7.013275671849009,-6.831314367492007,-6.710848080427874,-6.546483241840585,-6.521594462578999,-6.492283677714547,-6.3974138542246335,-6.373631978124291,-6.394546799491315,-6.477083277083459,-6.491276716853563,-6.389966513109447,-6.2619198236283005,-6.1025812735586005,-5.950464239144894,-5.785990744972335,-5.541631514581249,-5.222216421161585,-4.882595459150193,-4.524937122567474,-4.175077548567688,-3.8297364411499224,-3.358677124576518,-2.8017563620568415,-2.1877707522412764,-1.5803420341959469,-1.0306590687701067,-0.5640143668236719,-0.17604531071818175,0.17075747833493993,0.3743767784801664,0.5398350632580347,0.6009931471734292,0.6765381721525735,0.7142972215972628,0.7412065792253569,0.6956037736416285,0.5530068356771909,0.444734616789318,0.3308170953832168,0.18322772078963734,0
0,0.11447430826804067,0.22158448189974697,0.3060548203201306,0.3928679653160985,0.4827230202337873,0.49113825355958857,0.43200577939920887,0.3662468329939475,0.2733005231391095,0.17971431499579127,-0.012759392810804873,-0.24522363123684965,-0.5823174588771416,-0.9438512201695175,-1.3670291138852464,-1.8512572183529634,-2.392185534257644,-2.929673067691012,-3.3955368928989254,-3.773364629784377,-4.041165411440732,-4.320901639917256,-4.6416756855677415,-4.975484600681874,-5.298699078550354,-5.5440918261630605,-5.709831996630618,-5.892762324294734,-6.11278759117642,-6.316608687341116,-6.466306442407027,-6.486441340387513,-6.424099389431545,-6.396252394706599,-6.407966694942449,-6.478913553680206,-6.483816401933035,-6.467362324277173,-6.55262846382352,-6.6038812228806645,-6.706988991192535,-6.715431281193915,-6.747103541035933,-6.839562077950276,-6.902007013126734,-6.899036957216351,-6.872897880222502,-6.90930106618475,-6.976619871780464,-7.008724061310361,-6.993216683931893,-6.992985869238168,-7.027396672610427,-7.036590666091895,-6.9778327169429994,-6.889710624337815,-6.852884798989116,-6.809617740856918,-6.643670051819616,-6.515346394776505,-6.367830348536887,-6.347927108559897,-6.319367071194955,-6.2249086986901885,-6.203147103896886,-6.24633432891613,-6.349181081750129,-6.389966513109453,-6.324248306711076,-6.215619591515398,-6.087276930812093,-5.988414296502095,-5.8768836648311344,-5.6867491596160535,-5.419351868413615,-5.119026017406133,-4.810401836280263,-4.51192911900619,-4.218224404917432,-3.795912687281157,-3.2731590034713447,-2.6701295782979027,-2.071837083974332,-1.5362168172974184,-1.0665550197411127,-0.6672185661805269,-0.3020094794677944,-0.06176226097474155,0.12521232169046254,0.2106373868440994,0.299938102312155,0.3713639421199061,0.4369223161838771,0.434968286527065,0.3454145033489029,0.27653178873376416,0.21477840345895238,0.12053350942717946,0
0,0.05320097758824031,0.1076709438399892,0.15188605744162,0.195984587322254,0.2360970335658366,0.19710997206353634,0.1027488824000216,-0.0029242874688036624,-0.11588929369303817,-0.2566242133095507,-0.4593843066350463,-0.7152806871433094,-1.0445828088821671,-1.413768150738345,-1.814021940139822,-2.2782985072682638,-2.804834130290488,-3.3223257724900446,-3.743124571706032,-4.06610692917807,-4.2867971556850275,-4.511807812809831,-4.79276037725214,-5.092004488026639,-5.370003829924568,-5.570220263900698,-5.698142245936307,-5.833675641884039,-6.014624728478099,-6.181668710160775,-6.308605621750332,-6.31686950292201,-6.250483152605407,-6.202199465005324,-6.2175266233825,-6.285715048918486,-6.284134896293247,-6.25944326025552,-6.329412691068804,-6.368473943664443,-6.442031973975279,-6.445941817608689,-6.460542762932505,-6.534363554202465,-6.5916281646987995,-6.5811433441557,-6.553894706931141,-6.598465991793237,-6.666844179687999,-6.6954070456789685,-6.6744088288682475,-6.660468980199864,-6.693222993787723,-6.7081269716271485,-6.6573406914713775,-6.589158979561861,-6.571850026873617,-6.532828843158275,-6.397047322851696,-6.283975442664355,-6.155877745595531,-6.149286910981348,-6.137038521731462,-6.05484779135443,-6.035567099343337,-6.103332595290113,-6.21133535330197,-6.261919823628284,-6.215619591515367,-6.14068696215989,-6.047274377791959,-5.987573575053364,-5.912300515990332,-5.763023139157392,-5.540366299421293,-5.274033798140116,-5.003466997504048,-4.760146261881851,-4.51304185924374,-4.146354050706072,-3.6721022340245772,-3.0900297840275743,-2.508122041782175,-1.9929060223660569,-1.543683082206044,-1.134896620631713,-0.7799325697522279,-0.5157388166381653,-0.3209733374009325,-0.1930526351937256,-0.08485096555321786,0.02558457689205156,0.125148844283774,0.17199050428519672,0.13540130849242635,0.1113335363173251,0.09469954680869896,0.05464594893264246,0
0,-0.00635756780960406,-0.0004081282691140123,0.000041163312946183574,0.0002781918772330277,-0.007943279100922894,-0.08127975461845713,-0.2157812568008731,-0.34579313682588747,-0.48216346333356946,-0.6541931544151441,-0.8761112025716413,-1.1516372075063155,-1.4884485501906655,-1.8526732774219061,-2.239030491874769,-2.6746978732134794,-3.1766641086441045,-3.6658987879555642,-4.037748606155319,-4.310124533293622,-4.4908664307743855,-4.673581940124622,-4.916281708523653,-5.187580398409262,-5.425874129043202,-5.586229478806551,-5.666541243953298,-5.748137308180597,-5.892059141178413,-6.0193902165970234,-6.112597709829385,-6.100758714712551,-6.01977255500131,-5.942651837853509,-5.939250013537838,-5.9909188261936235,-5.968330137633473,-5.924580108376522,-5.965724926149919,-5.980943575284109,-6.013960958455064,-6.002901933108407,-5.989762730801292,-6.036709439620307,-6.087311245174534,-6.0674606657206995,-6.042189282243007,-6.097337344143344,-6.165004281241013,-6.19037994649422,-6.165757550443025,-6.1345159294389155,-6.161690566884985,-6.18327019927212,-6.140287892208848,-6.100780511601556,-6.113118260096856,-6.093222654699375,-5.998715967579455,-5.916313857495966,-5.822033778110342,-5.8422018961996605,-5.858899951392437,-5.802648629822572,-5.807646950637975,-5.907743527482236,-6.032412196332688,-6.102581273558649,-6.087276930812123,-6.047274377792013,-5.985627219999518,-5.969594003693267,-5.937760431252058,-5.823353773111668,-5.635733242512346,-5.395412636013447,-5.158870500790312,-4.9576364129106665,-4.748673560422858,-4.434482639194231,-4.010647307067803,-3.4592677420637705,-2.9046589237877685,-2.4213553698031935,-1.9874840079342393,-1.5854781120384394,-1.2256698189667767,-0.9433557315393164,-0.7324632305500095,-0.5764327353519743,-0.44552944697540875,-0.3091341120608945,-0.17049186377809747,-0.0889060944090603,-0.07310290839943678,-0.05284987720009937,-0.020868404068230925,-0.007888838256804555,0
0,-0.06880279521004339,-0.12409781981271388,-0.16977293005803068,-0.19960292847859154,-0.2518655855320195,-0.3700057954667566,-0.542370626809573,-0.6915157110649935,-0.8528607110368944,-1.0538504192887965,-1.3055845731246967,-1.6035703271776331,-1.9486734671188073,-2.310889944376299,-2.684436477056643,-3.099372149050286,-3.5968336002773587,-4.051366294084021,-4.3719385074154395,-4.595842284565478,-4.732527601135782,-4.867490693229881,-5.06987790474182,-5.317200703624668,-5.520145227066882,-5.633579811676534,-5.671132584493957,-5.709191520240089,-5.803034962824495,-5.887820540860444,-5.924750783006803,-5.882033463708722,-5.780753737196287,-5.667838202539882,-5.635602866529724,-5.657494218342781,-5.600526770009301,-5.538039577581978,-5.547392699526836,-5.5347544958373085,-5.528245211339646,-5.494272242484628,-5.448170917024504,-5.456420893884332,-5.488951572928079,-5.45562556447252,-5.425257089424071,-5.481784218468171,-5.541365541937344,-5.563212583041347,-5.54099597542395,-5.501788594670567,-5.5289414200609155,-5.561464380691138,-5.535875180122325,-5.537102014889291,-5.584438351869989,-5.59139245519427,-5.541950524377217,-5.495039461465831,-5.440399884165821,-5.487385410377075,-5.546863261930446,-5.529323224729396,-5.567351269806736,-5.70570199923909,-5.8512211006395445,-5.950464239144926,-5.988414296502109,-5.987573575053416,-5.969594003693291,-5.9884776695656745,-5.995058916112949,-5.923371978334686,-5.765522651702838,-5.5468374178892015,-5.345310558067498,-5.192229656877755,-5.027449101223562,-4.764920442857402,-4.394873931673788,-3.8810212873383323,-3.3332758678443324,-2.8738956336322374,-2.452582352732024,-2.0541262882079456,-1.6886927204314792,-1.383388153573229,-1.144931121180318,-0.9646050581556737,-0.8083033166706306,-0.6520729145494062,-0.47738825240643773,-0.350068184187571,-0.28595577308253123,-0.23227364772700582,-0.1474979107481372,-0.07096615346124263,0
0,-0.11584226904751961,-0.22444587079339584,-0.30653821637894146,-0.36526194818505764,-0.4468230529724174,-0.5981327744989074,-0.7986068459905223,-0.9843110335348955,-1.1682729361474935,-1.4027435298220279,-1.666265343023977,-1.98510303812582,-2.3338368766037965,-2.699140645500151,-3.0673550079093075,-3.46215452221399,-3.9470623707198573,-4.375456410184254,-4.656937943255375,-4.844221696368193,-4.947051800569801,-5.035933532658961,-5.202969401242993,-5.422412712889907,-5.59164563735228,-5.668564290627097,-5.665141672812629,-5.657887177641895,-5.701250383463996,-5.74686546870197,-5.727804127720972,-5.647049547348196,-5.517144182626979,-5.374505155995731,-5.308269482518504,-5.300922528191698,-5.216626153204033,-5.126156405749819,-5.094213392533153,-5.041552319995382,-4.993098688226493,-4.938166973017195,-4.865235912214958,-4.84449278640972,-4.858867433939116,-4.808231158143392,-4.773950269016642,-4.824058542897266,-4.872668265135906,-4.891567265242727,-4.873468002366154,-4.833988547669269,-4.859183735792148,-4.905584538591024,-4.898774527460212,-4.930061934276189,-5.006372930832327,-5.036405147172186,-5.035525173649877,-5.034094227980679,-5.030800703846581,-5.111340089374906,-5.2081252908272635,-5.226322025545707,-5.30419591564307,-5.475931696716244,-5.649802768191829,-5.785990744972332,-5.876883664831114,-5.912300515990372,-5.937760431252111,-5.995058916112972,-6.040065325895104,-6.001518853801163,-5.8714982952341845,-5.678497535671387,-5.509423538955592,-5.403471942429118,-5.27267979038774,-5.049335937752853,-4.72277564472102,-4.2376220399222095,-3.7058758601764206,-3.267661980784918,-2.85289396946185,-2.4544005515987566,-2.086959943210984,-1.7602819578968747,-1.5096192190922555,-1.2966125445185748,-1.1148221570372583,-0.9203782664447033,-0.7199599896820614,-0.5597383534078255,-0.46081957089286957,-0.37518307322830086,-0.25054144464881406,-0.11910891413507037,0
0,-0.15121002309905904,-0.2973724638363737,-0.3937302673499162,-0.4706110488801617,-0.5697262228320705,-0.7379426876272892,-0.9587969510404336,-1.16915466088111,-1.3726765051299943,-1.6205416246123867,-1.8968079913792295,-2.2142758671101097,-2.562996167897859,-2.919693697754864,-3.281141872967892,-3.6592704528016764,-4.13727490389569,-4.548084914998859,-4.795238423121171,-4.957006435941599,-5.032093247147607,-5.090281683852194,-5.236799279960067,-5.436832123801202,-5.576865921297453,-5.622391487514899,-5.582729868277536,-5.526459722996571,-5.529493971685104,-5.53274009510991,-5.458788159048127,-5.338329255816734,-5.1754898345663936,-4.999221697378996,-4.895900768835172,-4.846290386287774,-4.7161001983630255,-4.596908477544745,-4.528271012410052,-4.439798789724744,-4.361785960528519,-4.294493039773808,-4.195750149314467,-4.147625221594886,-4.149598593176072,-4.086102091748444,-4.0534763057388785,-4.1020356951453625,-4.13912199772813,-4.155069678303873,-4.143046581866581,-4.098415064718537,-4.115508971592693,-4.171143424780427,-4.175786235390354,-4.233965129424286,-4.33602938325578,-4.381983833362854,-4.413622771033685,-4.454005082685554,-4.494121779449972,-4.6106675564336115,-4.761420403567921,-4.827464828606692,-4.94827892463981,-5.158016893076536,-5.366046520259559,-5.541631514581296,-5.686749159616016,-5.763023139157368,-5.823353773111694,-5.923371978334678,-6.0015188538011115,-5.9921513512967515,-5.887025310911247,-5.711233550363615,-5.5589947255834,-5.484942609353444,-5.380998606344668,-5.183882983499086,-4.893480743103385,-4.4277361353607025,-3.9068697906692846,-3.486196964098195,-3.078280913698025,-2.691857564782704,-2.3267023721867,-2.001605568506696,-1.741826914449839,-1.5201678258393154,-1.3180010364587893,-1.0987934338762348,-0.8801985676480532,-0.7026777191684614,-0.5833559967294554,-0.4773241739930105,-0.3321246774728283,-0.15908491525234147,0
0,-0.1739328359509557,-0.35303467768055197,-0.46882496956228553,-0.5554095920907592,-0.6531998262085597,-0.8279558942297359,-1.0545957285552576,-1.258710316578673,-1.4692552399028764,-1.716370849579937,-1.9965032018081805,-2.2944907082462573,-2.6350055407782063,-2.972088398619362,-3.3132992693658525,-3.6653586269194496,-4.130523921713684,-4.522896467640577,-4.742280462935244,-4.890753644056598,-4.962322428220877,-5.011763849560594,-5.144894134402274,-5.337922605190886,-5.473837104555759,-5.4911188369087425,-5.421217000472999,-5.329204772693732,-5.291670965759412,-5.248608663319944,-5.121383747549805,-4.959508670462741,-4.761981227606422,-4.552552936501949,-4.408427786482323,-4.3127152044323,-4.141820693146252,-3.985250976514601,-3.8818487824541625,-3.7646635434831577,-3.65992611750535,-3.5781106528299094,-3.4690825631972055,-3.397924430655132,-3.3914399363861807,-3.3339681107217665,-3.307217468891873,-3.3532548501602157,-3.3804130427549683,-3.393658816266261,-3.384800016585213,-3.3355923844583155,-3.34048680875689,-3.387428346660547,-3.396988706060615,-3.4765653686033695,-3.5882876400103996,-3.651015993755418,-3.710741691690924,-3.7854369230318663,-3.865939523959605,-4.028268578052163,-4.227988878104912,-4.3470656882615835,-4.5130650194422675,-4.7604108639958485,-5.005666268483288,-5.222216421161489,-5.4193518684135515,-5.5403662994212235,-5.635733242512348,-5.765522651702875,-5.871498295234164,-5.887025310911259,-5.7812169810383285,-5.61036827120408,-5.468956122077535,-5.404822149229979,-5.302893366581896,-5.119835153387326,-4.860528361036833,-4.4179293219787,-3.9144329520679015,-3.5215466029607083,-3.135445323500617,-2.7726331107553643,-2.4203701333789995,-2.1156098324019883,-1.8551586853495092,-1.6391231169151554,-1.4310405202597025,-1.2191149550569114,-0.997355593793181,-0.8113280836163784,-0.6892133874926842,-0.571813621776307,-0.40210833908031085,-0.19087060195237213,0
0,-0.19423517334635962,-0.38967212084951824,-0.5290311780117171,-0.6285112650454305,-0.7405647071397626,-0.9045326049418343,-1.128089498622901,-1.3231803938138442,-1.5372473519223224,-1.788360678057375,-2.059057091140401,-2.3335030528338625,-2.6575891601749175,-2.9689552742846894,-3.295413452980617,-3.599126385993104,-4.032016892012505,-4.39703906224701,-4.597775788464854,-4.733451498417286,-4.816946369573904,-4.871108915561622,-4.9929220137367825,-5.180617810035806,-5.30734158580535,-5.305151882104206,-5.20776199058875,-5.089195420407836,-5.0205298398126645,-4.941940547907373,-4.77209707577702,-4.5785782697526205,-4.3518803440261165,-4.113606799287894,-3.926698221496986,-3.7931858810545034,-3.5929714220578055,-3.4021431137881324,-3.2658422010919312,-3.1101503893823264,-2.974756973568309,-2.8803738064020843,-2.7717120088237546,-2.6941645058979184,-2.691205045264811,-2.644007472475723,-2.6247346279308643,-2.6649025276118494,-2.6774829884187623,-2.6879885854546672,-2.6841701804954248,-2.6338377488621263,-2.62426590116612,-2.6582159896775406,-2.6606667587386696,-2.74562407381911,-2.857080015993131,-2.934167438216895,-3.0264309891346928,-3.142938866413505,-3.2614432833496,-3.464553642936309,-3.702358363593776,-3.8672407136413316,-4.079832658279085,-4.359655232815682,-4.634802553292841,-4.882595459150188,-5.119026017406113,-5.274033798140116,-5.395412636013471,-5.546837417889232,-5.678497535671313,-5.711233550363626,-5.610368271204133,-5.442699721420245,-5.311269291022029,-5.2451433476955245,-5.132248672742149,-4.9655308626090715,-4.729676194418156,-4.320048270950619,-3.8562217558586833,-3.517218123972987,-3.1489984489354983,-2.816041440688647,-2.4838692775489286,-2.203538588059981,-1.9531286095884273,-1.7346810731414541,-1.5227180707729626,-1.3186594017388367,-1.1000368727545886,-0.9217778695641303,-0.7813449335898491,-0.6479148779752365,-0.4493182503691301,-0.2170084923590333,0
0,-0.20432386836432603,-0.4200475576582656,-0.5827265609529555,-0.6945386085153649,-0.8112807248584637,-0.9667952189747501,-1.200501357366532,-1.4003802125234868,-1.6215558927125502,-1.8751959957373034,-2.148506021525695,-2.407792163546314,-2.7120068066921497,-2.9934581584371696,-3.306952030779931,-3.577542649742551,-3.987540841208934,-4.325392867921197,-4.510299199306239,-4.638077736867561,-4.734978871666624,-4.781162153821886,-4.874086712521299,-5.049389272994727,-5.161209205856131,-5.142940669767376,-5.011309611824006,-4.856139720699224,-4.750602844727775,-4.634331142579407,-4.413447862066812,-4.18603870010352,-3.931379648084958,-3.662768970578367,-3.4280240342186614,-3.255710022566265,-3.021241825095952,-2.808471623902507,-2.648969038772194,-2.464081476725359,-2.3214403046739975,-2.2316321133485335,-2.139952285900595,-2.0636219355992362,-2.0688653926569986,-2.031172919398643,-2.0209126373473327,-2.067029239950713,-2.065026213499343,-2.0711734510340367,-2.070428405210132,-2.00725733411066,-1.9818480742295312,-2.003153673726833,-1.9935075638304038,-2.0746317438456003,-2.1687486249413217,-2.242825783569595,-2.347330978954952,-2.4975592445979866,-2.6457415081011786,-2.877559101249478,-3.1562529514639848,-3.3656823685450865,-3.6294984548457254,-3.9419025892568795,-4.24589226404513,-4.524937122567475,-4.8104018362802545,-5.0034669975040496,-5.158870500790334,-5.34531055806752,-5.509423538955577,-5.55899472558348,-5.468956122077566,-5.31126929102204,-5.207573306441443,-5.151340032579059,-5.026381926762378,-4.86900852885615,-4.653325485361661,-4.276885447600605,-3.8411306252328257,-3.5399026697085727,-3.1863528141223965,-2.887388236019324,-2.5779269240672447,-2.3127811041162762,-2.0645589856468547,-1.8496648267293727,-1.6332382555209182,-1.4249146498787184,-1.196156820966913,-1.0230164944782676,-0.8723234010109789,-0.7207351992138509,-0.4921122160326373,-0.23463545656252138,0
0,-0.2293001135280084,-0.46943241770646915,-0.6527884123903468,-0.7700675752029974,-0.8903001396798151,-1.0504047627075863,-1.2872995477995013,-1.4905792982091484,-1.7242120230576585,-1.9806800080742806,-2.251552786693881,-2.489663307923609,-2.78101483207523,-3.0373561008490126,-3.3274446043084698,-3.564349682634951,-3.9600784081609737,-4.279579759708371,-4.4559043274583665,-4.5863344751012,-4.694943140345116,-4.7393931853711635,-4.822259963868388,-4.998017326941658,-5.095745805448691,-5.044673791100909,-4.864787966668957,-4.661295966961726,-4.511916356040992,-4.340844560599109,-4.066384246999463,-3.784023322174865,-3.48664076156459,-3.1802448318850556,-2.8892754777311227,-2.6756804798747216,-2.4038296269190056,-2.163255416301395,-1.9844578851053183,-1.7861489338179581,-1.6465196446288795,-1.5734744621966745,-1.5067795093495544,-1.4462575440925547,-1.4708882526433873,-1.4564013989574183,-1.4688353845905397,-1.518487479150657,-1.506422481257553,-1.5078093838861324,-1.5060694842019133,-1.4323599688317692,-1.377231952183936,-1.3696481254673771,-1.3348823123863347,-1.397225046523326,-1.4664369996576212,-1.5281738829294165,-1.6352440506811794,-1.8070851927872744,-1.9811678836337647,-2.24730089472084,-2.568920597059686,-2.823646586308508,-3.1463986392750334,-3.4977219327421722,-3.843737992323203,-4.175077548567629,-4.51192911900617,-4.760146261881876,-4.957636412910629,-5.192229656877758,-5.403471942429119,-5.484942609353416,-5.404822149229968,-5.245143347695508,-5.151340032578969,-5.09968504313547,-4.964819609055997,-4.805003664087638,-4.601493778595536,-4.248046768826607,-3.8305843207003822,-3.566226020044943,-3.238755851550316,-2.968617565995519,-2.6750973025829685,-2.4329266947519015,-2.1916316924911676,-1.9804880612764146,-1.756569824624984,-1.547937618679468,-1.3160830316417345,-1.1348310199477962,-0.9744613094769198,-0.8123288662227056,-0.5574932516215088,-0.26915337221709595,0
0,-0.24527128185902583,-0.49981568801441956,-0.6842954817389086,-0.803021683573876,-0.9159492970303635,-1.07940209899911,-1.3076401924553995,-1.514975373960793,-1.7544064964330455,-2.0092928048422416,-2.273323057400867,-2.4793378286701784,-2.74836935201595,-2.980270721478741,-3.2435822902257176,-3.4501868124925164,-3.8240768804085135,-4.132834816807641,-4.305103471647106,-4.44662301550161,-4.572918247054357,-4.631788219316331,-4.727848747885212,-4.913343808337236,-5.006190297483645,-4.928767981093456,-4.715028832815606,-4.4689101892250385,-4.2814197791043025,-4.061299947741966,-3.7333557366938273,-3.4180294830185756,-3.0786479039809778,-2.7287880992192535,-2.3873871229603525,-2.125893720739588,-1.8035537636557342,-1.5190255776241213,-1.313470979927233,-1.0977211628276817,-0.9537119700922719,-0.8782135033401065,-0.8184973264837613,-0.764753548036965,-0.8064046590393594,-0.8145486765564401,-0.8503250740989857,-0.9129268909234501,-0.8886105914001413,-0.8850806578797771,-0.8887984259887031,-0.7991733983943876,-0.7156084758400068,-0.6818354527049371,-0.6253881306665628,-0.6778309553599688,-0.740483597450822,-0.8072963773135334,-0.924965532937019,-1.1205020780992423,-1.327118652739845,-1.6387730165388892,-2.0119350002860314,-2.314639545179385,-2.6877381430354297,-3.0813930838343633,-3.4672699129626317,-3.8297364411498247,-4.2182244049174615,-4.513041859243768,-4.748673560422863,-5.02744910122358,-5.272679790387712,-5.380998606344608,-5.30289336658191,-5.132248672742147,-5.026381926762332,-4.9648196090559775,-4.815365371196035,-4.647205416673741,-4.4511223716869335,-4.110074451221491,-3.7168095287537666,-3.4852461255735987,-3.187884519486627,-2.9446183648864666,-2.6770340354435884,-2.4696895019470038,-2.239826086313609,-2.0355390913643476,-1.8108799702498481,-1.6017732568366372,-1.378263272873161,-1.1906279686899135,-1.0318241263874264,-0.8629257283136652,-0.60041396601455,-0.2928145142320434,0
0,-0.2379103681370464,-0.4925142705168811,-0.6771447088128852,-0.7941142342462482,-0.9031290674323306,-1.06240561031386,-1.2909699897008768,-1.4995466509590354,-1.7457831410736593,-1.9957435555615162,-2.254904348054462,-2.4345025254251533,-2.6882967495632335,-2.889139916038101,-3.137149430479075,-3.316077129661637,-3.67377816599505,-3.9680987799158003,-4.136846705096037,-4.292718195242852,-4.426678424641944,-4.489883629674405,-4.57483669533983,-4.7423845820481425,-4.818401154731805,-4.7155294244943375,-4.462870465883128,-4.166950052907487,-3.9288372294158016,-3.6531897215133844,-3.275168938268714,-2.922444033746182,-2.5414073440031517,-2.152452280591899,-1.7530190616547274,-1.451630975463973,-1.0874857131405946,-0.7656861265115892,-0.5390847341701631,-0.3121175228092682,-0.17522048646322444,-0.10441189509236799,-0.06227435983252206,-0.027486499366732014,-0.08230027897946282,-0.11149437179390498,-0.17387905801374487,-0.25734872755494875,-0.23603730428302086,-0.22797742773146623,-0.22109917627819808,-0.10688559979546076,0.006951396654534113,0.0640728108467932,0.13780826154477624,0.10626625909990985,0.06267358187648367,0.00011745674160552378,-0.11403345585944293,-0.32750274543308283,-0.559974074549092,-0.9105161173362375,-1.3256564609090091,-1.6684229508675905,-2.0974920368596432,-2.5306621072853748,-2.959695155837872,-3.3586771245765283,-3.7959126872811146,-4.146354050706024,-4.434482639194293,-4.764920442857459,-5.049335937752849,-5.18388298349905,-5.1198351533873545,-4.965530862609093,-4.869008528856088,-4.805003664087609,-4.64720541667375,-4.46552470926259,-4.274007264825736,-3.947518648716575,-3.570421825828617,-3.3668514865113215,-3.085649432133308,-2.876446602408124,-2.629483512273413,-2.4531862466693775,-2.2337570897339276,-2.041923828525604,-1.8181267211037173,-1.6113052544024902,-1.3881026421044087,-1.2038782232592762,-1.0444333830736623,-0.8728739377463192,-0.6044933472827313,-0.2926292843582546,0
0,-0.24116294137688274,-0.5019359493801568,-0.6873740712559232,-0.8057027267468007,-0.9221415069313046,-1.0818940239608101,-1.3054526674892963,-1.5118916154022275,-1.7703139914160007,-2.022679472727344,-2.264667355354957,-2.4188028563927095,-2.6575808800722203,-2.827038974071207,-3.0528976391586737,-3.1958940222568923,-3.5319961314098154,-3.803173199645246,-3.957754012806672,-4.1080612188630585,-4.2342013823029925,-4.285044415738504,-4.34723662786286,-4.49004194764668,-4.533114115645675,-4.394865042860341,-4.099832702132019,-3.753850198096798,-3.4686369803972164,-3.147434839636078,-2.73322385296157,-2.3504782329558256,-1.9429691047310353,-1.5313390564904896,-1.0888743388686588,-0.7659931218785535,-0.3794960995814191,-0.04667750594400829,0.17501058788118587,0.399203833160583,0.5122390071357446,0.5628770456938192,0.5736820761016158,0.5783397093966053,0.5023301509029051,0.452626574866533,0.36710513631835184,0.26249313992449597,0.27816170965388665,0.28964162048651504,0.3122070271083134,0.4528703720755969,0.59325003281011,0.6743117898196593,0.7735608813995042,0.7753369081855475,0.7650010013968624,0.7226602904016887,0.6286426810863618,0.41264712736706044,0.18185808664445113,-0.18247348488713963,-0.6225442341753539,-0.9882343681876367,-1.4609131801980988,-1.91777604475769,-2.3749760757013774,-2.801756362056799,-3.2731590034712434,-3.672102234024481,-4.010647307067777,-4.394873931673805,-4.722775644721032,-4.8934807431033525,-4.860528361036828,-4.729676194418144,-4.653325485361625,-4.601493778595527,-4.451122371686909,-4.274007264825737,-4.095693291275077,-3.7934816016376667,-3.4407818887544868,-3.274059908515847,-3.015918582257577,-2.84052778006393,-2.611866822641734,-2.464822853081335,-2.2677667652138247,-2.0815035097349157,-1.8544010763348409,-1.6531561652515183,-1.4353948927888331,-1.2491930960735946,-1.0787923693090475,-0.902914985514808,-0.6270097981526974,-0.30304399240598706,0
0,-0.23539200477415062,-0.5042260912919,-0.7028717210878781,-0.8216724796647381,-0.930738310632876,-1.082081587516539,-1.298503086440437,-1.5009393009270497,-1.7606540132690407,-1.9959913844241073,-2.2127189564863623,-2.3390583636898934,-2.5516554142517034,-2.6827191788075355,-2.8736614412087107,-2.9751824290508284,-3.2807957831292947,-3.510576702087725,-3.6432460221888805,-3.7816310261719432,-3.8969246392685855,-3.925699895114702,-3.954081232115344,-4.062411967641445,-4.081618544810563,-3.9254394256449125,-3.6039512418189505,-3.224956656366099,-2.9096432622263735,-2.5672688168603233,-2.137834256184345,-1.7409561545770602,-1.318826290934663,-0.8946917120521712,-0.4369071809711647,-0.1037239179912491,0.2988654428419604,0.6296168094038801,0.8346249646342316,1.0451939867558786,1.1243131265500779,1.147869346905683,1.1310847816840826,1.110369885755331,1.0212467615713892,0.9676697698101862,0.8697187111011473,0.7537779017250954,0.7714097993005358,0.7862062821905835,0.8169323896060592,0.9729376812574279,1.1289064642086961,1.2155693438961512,1.331897441106404,1.3638526126261963,1.3826558708699512,1.3657125397637484,1.3006581079370765,1.091621326906049,0.873201833511208,0.5084234458205816,0.05159979297389819,-0.32294689694560336,-0.8110302242519472,-1.2794878698574683,-1.7492426350241232,-2.187770752241247,-2.670129578297859,-3.090029784027513,-3.459267742063773,-3.881021287338346,-4.237622039922272,-4.4277361353607,-4.417929321978695,-4.320048270950549,-4.276885447600545,-4.24804676882655,-4.110074451221487,-3.947518648716597,-3.7934816016376582,-3.534648844711651,-3.214332799434817,-3.089187368921259,-2.8689789600643247,-2.7346356249292083,-2.5334774342531072,-2.417847025822202,-2.2505437543926403,-2.087464042082112,-1.865769022982553,-1.6730874150960608,-1.46417980929694,-1.2838356984691583,-1.1168405088163507,-0.9367404373354171,-0.641803070253675,-0.30463474052223116,0
0,-0.22112432742878868,-0.4753421253528327,-0.6721321117864298,-0.7910823366499734,-0.8915354296815609,-1.0264997502038542,-1.2311897018536262,-1.4146042334461553,-1.6796459204521894,-1.8973419212791336,-2.095467684969224,-2.187517951333434,-2.374496490589632,-2.466381555581414,-2.6291563559067677,-2.6912479590687006,-2.9764847357190716,-3.175979571925519,-3.285474481203262,-3.4099628798609034,-3.5019625240014967,-3.514844331426308,-3.5150267969484594,-3.5837936903474286,-3.5853555635844523,-3.420665782959978,-3.083653637631656,-2.7000723889407996,-2.3571776825968067,-1.995658452353931,-1.5530144066897122,-1.141166398666656,-0.7143461286283324,-0.300167227116656,0.16425725959435566,0.5032359723855474,0.9153606664014907,1.2381097836912123,1.4191479510239435,1.605661969477301,1.6554732069968903,1.6602871007660904,1.6221512352422074,1.583356591912041,1.4903113774693537,1.4353612619000018,1.3328758257866853,1.223398843420549,1.2377463925524905,1.2558110999381629,1.2963977397108304,1.449554673913879,1.6127358492693689,1.7009763282474,1.8246825855321271,1.876729717792728,1.9165393359095024,1.9150583502174885,1.8749271156655916,1.6836705913542949,1.4852626127284834,1.1272440769443797,0.6614080502054281,0.2844201350448188,-0.206667458473454,-0.6619288255126894,-1.1314215023717356,-1.58034203419596,-2.071837083974369,-2.5081220417820917,-2.904658923787748,-3.3332758678443604,-3.705875860176439,-3.9068697906692695,-3.9144329520678625,-3.8562217558585856,-3.8411306252328057,-3.830584320700389,-3.716809528753765,-3.5704218258285425,-3.4407818887544415,-3.2143327994348354,-2.9157450265503186,-2.83121984756084,-2.6427151300236065,-2.551523877787497,-2.3795326309975473,-2.305249792034596,-2.1613808424648133,-2.020773817410646,-1.8015980828651117,-1.6326909864304358,-1.4383134855017623,-1.2748530325885559,-1.1132165961678917,-0.9283609865246646,-0.6297697406834998,-0.3000486728936239,0
0,-0.21796921147643122,-0.4764027055858997,-0.6810946281966638,-0.8186647303931078,-0.9182527740184853,-1.048934714495676,-1.2603327864259533,-1.452879182137465,-1.726870557744723,-1.949930779729095,-2.1398225692244766,-2.213521117402176,-2.375963499679649,-2.4455913558961315,-2.592188215344525,-2.623480598246375,-2.868541202672676,-3.028013036818084,-3.1039400179887706,-3.2003703171419353,-3.2595585587686564,-3.2369294693914914,-3.2025365597222337,-3.22011814321042,-3.1946953822697415,-3.013025864922941,-2.6551593855981634,-2.2514171896710273,-1.878430282928863,-1.491993877023827,-1.0289109890758423,-0.6093069291515463,-0.18833006178243433,0.22712377652192903,0.6992571973132423,1.040888049477754,1.4435030881924713,1.745084628951555,1.892691852015274,2.047033591500488,2.054581164380377,2.0218329927934513,1.9469726631080582,1.8749432823270522,1.7614148201399817,1.6948211083395068,1.5832419673260711,1.4670280284720916,1.4713806772560982,1.493936081610813,1.552035375751333,1.7164801455574188,1.893242600560587,1.992836333234032,2.1382578841538527,2.2235511455741994,2.298664393297507,2.3304801990809083,2.325140765519665,2.16149641837372,1.9904693751255014,1.6527766216994104,1.1998789427325895,0.8253554697032646,0.33092866996638043,-0.12235693736058016,-0.5796728462760243,-1.030659068770121,-1.5362168172974449,-1.9929060223660218,-2.421355369803196,-2.873895633632265,-3.2676619807849328,-3.4861969640982267,-3.521546602960725,-3.517218123972944,-3.5399026697085367,-3.5662260200448586,-3.485246125573634,-3.3668514865113393,-3.2740599085158006,-3.0891873689212614,-2.831219847560854,-2.7781412031259904,-2.6096346905879315,-2.545451066615165,-2.403023205202505,-2.3525731025065917,-2.2208363615629048,-2.0786470615616603,-1.857690231713323,-1.6860621392773536,-1.4870232833435637,-1.3259356546413847,-1.161974228664678,-0.9561711331702994,-0.647150675877255,-0.30800314366087206,0
0,-0.2070873184636701,-0.45238584381462976,-0.6491514981346951,-0.7638764867121304,-0.845964611786552,-0.9539189983037838,-1.1617858265788423,-1.3555301447527306,-1.6275917026019584,-1.8537237689277364,-2.041742190998816,-2.09852513452709,-2.2458540282467236,-2.295905299808834,-2.439162052678979,-2.452145340587142,-2.667327681582321,-2.78999417641727,-2.846476507784898,-2.9286875583714536,-2.957793269281182,-2.9104172821411125,-2.8620906055602213,-2.8651595221898103,-2.8200248965579835,-2.6328793378271356,-2.270582435071288,-1.8559775349931078,-1.4688887830686188,-1.0583548899333644,-0.591588396860893,-0.1766373350125096,0.23474609867472293,0.6408235571887188,1.1108436844874867,1.441410050614173,1.8278063881789623,2.1042808071851606,2.214361656286579,2.3276435839195484,2.2887347270958074,2.2093500252730793,2.1043570194564976,2.0011681687630687,1.8617428225136812,1.7810825428700148,1.6553402475131003,1.5310456450721603,1.5226947603987389,1.5481348780940807,1.623087013140199,1.7976216856306602,1.9890835737038,2.102322027757392,2.2732670078895283,2.389400298327493,2.4954522322207207,2.5684180885896546,2.6048671058414095,2.477075559715848,2.3394355324376046,2.0266206479759274,1.5959379127295803,1.2391310864558032,0.753228307535419,0.315847984749618,-0.12395507466428347,-0.5640143668236914,-1.066555019741155,-1.543683082206064,-1.9874840079343195,-2.452582352732096,-2.8528939694619626,-3.0782809136981517,-3.135445323500663,-3.1489984489354765,-3.186352814122436,-3.23875585155033,-3.187884519486707,-3.0856494321333123,-3.015918582257563,-2.8689789600643296,-2.6427151300236287,-2.6096346905879044,-2.4463578873127063,-2.4052025072104732,-2.2811739772263584,-2.2533995779415825,-2.128455233018781,-1.9887256081987066,-1.7764423632802142,-1.6082327085992418,-1.4154188544388626,-1.2758491657425357,-1.1276762854672817,-0.9432896755994126,-0.6374593061189711,-0.3054072091500475,0
0,-0.20695440219420583,-0.45195601456247886,-0.6542145375974547,-0.7819720536442384,-0.860598882438468,-0.965369098864845,-1.1599078478161446,-1.3601465326234303,-1.6412362490065542,-1.8617319354873865,-2.046690275046649,-2.0871003698575987,-2.2153341536750975,-2.2638008539408188,-2.385143065114214,-2.3702176956939893,-2.5423922198924815,-2.6265714598877423,-2.6541740609426303,-2.7089779621736745,-2.71337109722998,-2.6384169439231697,-2.5601232647161187,-2.5382474550721135,-2.473321969985203,-2.2756864622592365,-1.915252381580868,-1.4981374038392974,-1.1026444977379586,-0.6979040602474892,-0.23724837634361784,0.16553815003583547,0.5686950343300187,0.9668266928582449,1.4290312977636892,1.747577114375467,2.116166342905643,2.3669053187476607,2.4340891215309384,2.4938259436075745,2.4020100282867727,2.279157424276204,2.1327881847401637,1.9996838361346447,1.8322727483534893,1.7285575615428865,1.598408233151963,1.465823218235688,1.449691201136439,1.47663094901636,1.5624798886530764,1.746343282942523,1.9418717012591407,2.07910651070123,2.278438433008371,2.425376787666856,2.5695505365177453,2.6833306700576465,2.7665662538469005,2.686345588289659,2.5880494108011285,2.3021692896697075,1.8956452428294586,1.560456961644331,1.0900134432571797,0.6690108122744007,0.24452394900203242,-0.1760453107182001,-0.6672185661804857,-1.1348966206317335,-1.5854781120384127,-2.0541262882079834,-2.454400551598743,-2.6918575647826963,-2.7726331107553825,-2.8160414406886374,-2.887388236019393,-2.968617565995569,-2.94461836488656,-2.876446602408103,-2.8405277800639124,-2.734635624929167,-2.5515238777875013,-2.5454510666151777,-2.4052025072104657,-2.3668636360228525,-2.263975164792331,-2.254742187640398,-2.135251337495307,-2.003456595388577,-1.7857470298281173,-1.6135680673747106,-1.434914222472761,-1.297275730033399,-1.1518289480887312,-0.9556519203817073,-0.642626766446909,-0.3086860310794256,0
0,-0.20075246256069984,-0.4344563500863548,-0.6386166308545098,-0.7615592020792352,-0.8389552559358517,-0.9333288357936296,-1.1176214676074987,-1.3113774635040534,-1.5760760805559073,-1.7920471666776492,-1.9751375092412184,-2.0117960199852423,-2.1177706609350815,-2.1491379522217846,-2.2551850466891272,-2.212113333228984,-2.358576583608336,-2.419699021107181,-2.4343850955434525,-2.4732347486412367,-2.4534157835096497,-2.363451186534317,-2.2635433913894416,-2.223325273698093,-2.1481299330215236,-1.9476632666441602,-1.5882498040829243,-1.175843000428345,-0.782012480754694,-0.3603018660891407,0.08795158605764741,0.4700333412809752,0.8497866397001121,1.220882111428472,1.6572056903259567,1.9555918155072274,2.309600247884314,2.5313595678791083,2.554985378108676,2.563186240950626,2.4280305692794943,2.2717944327334063,2.102258073523584,1.9415230421985339,1.7484134817221388,1.628092140515609,1.4881354303093262,1.3423776224109236,1.3113253343351086,1.3409715329638017,1.4431709746191088,1.6392598671410894,1.8436602567175049,1.9969950739706377,2.220896089909331,2.3963339647637483,2.5634577479415834,2.7075130977563906,2.8302753200685906,2.795195299297516,2.7380516698165924,2.4813516314970565,2.0943500629905327,1.7867695320841848,1.3484597675897234,0.9597313973382033,0.5648746454934566,0.1707574783349058,-0.302009479467797,-0.7799325697521945,-1.2256698189667796,-1.688692720431491,-2.0869599432110224,-2.3267023721867113,-2.420370133379012,-2.4838692775489357,-2.5779269240672917,-2.675097302583025,-2.6770340354436817,-2.6294835122734947,-2.6118668226418142,-2.5334774342530735,-2.379532630997605,-2.4030232052025786,-2.2811739772263837,-2.263975164792326,-2.1852436057674556,-2.180825414252964,-2.062354952783822,-1.9342663872937849,-1.734177003744203,-1.569727732694891,-1.401272456062423,-1.2737398239701412,-1.129744787285444,-0.9398317328551733,-0.6264301781673096,-0.30438348522167263,0
0,-0.20615780911410372,-0.44018509543416695,-0.6355537537903981,-0.7687764373137256,-0.8517451002409696,-0.953415503702387,-1.138784005020399,-1.3209766603431123,-1.57228140059285,-1.788022343986242,-1.958941067534612,-2.003367510707179,-2.108302543096115,-2.123160834354582,-2.209717919053192,-2.146896245549154,-2.2552596107963887,-2.2897118753817063,-2.2797492149621474,-2.2925132021084442,-2.2433819577497083,-2.131146110053301,-2.018957673048455,-1.9586002575583894,-1.8643236849487193,-1.6613703811794884,-1.3219897068506279,-0.9301625869667929,-0.5495319254641555,-0.14424210389400174,0.27242274235249025,0.6264344521464568,0.9807228568914708,1.3200597082450698,1.72248449877569,1.9892706262725415,2.3090735885796807,2.500401607452058,2.49303049408804,2.4644333488121917,2.3018525081861814,2.1284388252382875,1.94029693294052,1.7651498045954885,1.5604471644586373,1.439258315362485,1.3118182596443322,1.1611252049218903,1.1217259155846024,1.152249965435969,1.263255636845389,1.4650235569187788,1.6549454207811425,1.8073051397775206,2.0422775039831866,2.230180382139595,2.4130125590816176,2.573793820704285,2.7196829528556794,2.7181403632769245,2.6921682762309675,2.4683733557327723,2.119000891667695,1.8481536388146271,1.4505209066998954,1.0993677315582953,0.7346415814739446,0.3743767784801795,-0.06176226097468803,-0.5157388166381451,-0.9433557315394016,-1.3833881535733754,-1.760281957896949,-2.001605568506726,-2.1156098324019847,-2.203538588059973,-2.312781104116302,-2.4329266947519548,-2.4696895019469896,-2.4531862466694476,-2.4648228530813867,-2.4178470258221525,-2.3052497920346497,-2.352573102506613,-2.2533995779415807,-2.2547421876403266,-2.1808254142529613,-2.1695484377354823,-2.0614955820953518,-1.9292649047993933,-1.7404607399986636,-1.5882406720113464,-1.4174371611555667,-1.2817747844408498,-1.1328365359796684,-0.934238395701933,-0.6309665277919952,-0.30936294055464786,0
0,-0.19547801923209487,-0.42197682367405337,-0.6116452824204223,-0.7380270983628557,-0.8058680923468273,-0.8949602604646998,-1.0740972026045257,-1.2359111992375946,-1.4787219126590363,-1.6894889932734645,-1.850646811367454,-1.88449253749449,-1.9924678752439893,-2.0063998663904297,-2.0902406801270947,-2.0207652738817274,-2.1107320544424835,-2.1218325057620597,-2.092859049906605,-2.09792525392744,-2.0402383495332796,-1.9221147854055838,-1.8076156402843233,-1.7381603450186915,-1.6426918697922157,-1.4449733357243222,-1.115321208768841,-0.7467110241538393,-0.3742670102942118,0.031205900928352355,0.43164392913103505,0.7619004614464929,1.0962411482011902,1.4090904294045004,1.7738459313382449,2.0076219460803615,2.305556372578076,2.4643854042326834,2.42219635406356,2.3728351147718394,2.1910391673253615,2.0007888058896275,1.8136441551173352,1.6316662884272743,1.4170313607727607,1.2946570426039032,1.1661305043548573,1.0106357906427166,0.9653081579033049,0.9971396020261881,1.1145070248866342,1.3188003620568993,1.506841311083088,1.658795799190238,1.9017641523986084,2.0960398505841686,2.278569152470554,2.4525707455135692,2.613807463852314,2.6313144329340585,2.6402116675974177,2.4486237461053584,2.1245928097678872,1.891194964356125,1.5345564510326923,1.2133666820928612,0.8726105294474613,0.5398350632580936,0.12521232169048024,-0.3209733374008834,-0.7324632305500324,-1.1449311211804372,-1.5096192190923716,-1.7418269144498555,-1.8551586853495117,-1.953128609588514,-2.064558985646874,-2.1916316924912147,-2.239826086313607,-2.2337570897338805,-2.2677667652138656,-2.250543754392599,-2.1613808424648444,-2.2208363615629634,-2.1284552330188085,-2.135251337495274,-2.0623549527837883,-2.0614955820952794,-1.9618581452349335,-1.8306414866992153,-1.6452667306843798,-1.5142272613226846,-1.3500157877888543,-1.2258258539712685,-1.0928226602810085,-0.9033356736135226,-0.6097314317317487,-0.29743417176516507,0
0,-0.18574065505003642,-0.3948408805615147,-0.5784385260242723,-0.6994413435344755,-0.7577567725294359,-0.8360188945694003,-1.002301080120199,-1.1550261541221916,-1.3808019101838191,-1.571237199721199,-1.7297952181675762,-1.769439094130994,-1.8751940834158156,-1.883310550483037,-1.9658113711705336,-1.898359665026715,-1.9661399651616063,-1.9545405450389313,-1.9211472980787545,-1.9171111818393685,-1.8553221531239106,-1.7340200527358276,-1.6181142651637335,-1.5541106645704834,-1.456101907438561,-1.2670957431636762,-0.9677946893871122,-0.62284234084596,-0.2741214673369498,0.0964248510114517,0.4788791016407278,0.7953357669252922,1.112883759405577,1.4021218172716399,1.7424319095147736,1.9643032697307605,2.242126344967817,2.3791088495171264,2.3233359661904096,2.2560632780410947,2.064642222407994,1.8688295693963632,1.681098633304479,1.5067484463152891,1.2948730518547285,1.1773364266142776,1.0641527775869246,0.9206400353373723,0.8818782494061507,0.9128590497437454,1.0216625084186575,1.2103341070860791,1.3776819559527318,1.5205165149706883,1.7584893703535482,1.9430409476360546,2.12404041974465,2.3020499833742956,2.4722159759800286,2.508987914330222,2.532841557729587,2.366633226212532,2.068374708106451,1.8538968099025857,1.5282035148054722,1.235569974635025,0.9158439077247386,0.6009931471734856,0.2106373868441486,-0.1930526351936491,-0.576432735351968,-0.9646050581557845,-1.2966125445186345,-1.5201678258393474,-1.6391231169151708,-1.7346810731415425,-1.8496648267294715,-1.980488061276442,-2.035539091364338,-2.0419238285255954,-2.081503509734922,-2.0874640420821415,-2.020773817410704,-2.078647061561693,-1.98872560819878,-2.003456595388596,-1.9342663872937602,-1.9292649047993202,-1.8306414866991865,-1.7171872383992208,-1.5494315777594672,-1.4294729734404705,-1.2783125458705025,-1.1665333891492784,-1.0468794734154403,-0.865844562039588,-0.5800019726356603,-0.28457488665430497,0
0,-0.1684470805674269,-0.36031313750371474,-0.5330429544058264,-0.6394428043264928,-0.6840561664136556,-0.7455616977410657,-0.8901602705523071,-1.0377271560559067,-1.2419378309121827,-1.4118761837182008,-1.5638167354608057,-1.590518216738611,-1.6776105722076553,-1.6904276258203625,-1.763639358236924,-1.6986603441434496,-1.7635157971223139,-1.7456875280628898,-1.7175928699390683,-1.7142091392967307,-1.653726353157102,-1.5405424743389695,-1.4295104974010158,-1.3700225075668462,-1.2820358434777672,-1.1123889662220054,-0.8370274948360911,-0.5174549380505095,-0.18727677704097273,0.16987032296636953,0.544418156601306,0.8480123079539087,1.155834352837507,1.4312665267509133,1.7432132047324533,1.950197339025527,2.215288218511227,2.33435412896572,2.2669039636784105,2.187916700999298,1.9855803205918898,1.7820498146687331,1.5947784113663104,1.419413002558059,1.2047022107359207,1.0850453151488137,0.9784008726815345,0.8455282311383159,0.8054126334550925,0.835639296383736,0.9421964799539141,1.114787818483319,1.2705816718604324,1.4114119043667794,1.646663256910684,1.8323774641939865,2.0136535709024583,2.1990661699396683,2.381039556131592,2.4323618791443686,2.4688259969607813,2.323732720057507,2.042236322238446,1.847307998507472,1.5522455351083895,1.277307445906541,0.9726168301781773,0.676538172152629,0.2999381023121905,-0.08485096555316604,-0.4455294469754769,-0.808303316670711,-1.1148221570372812,-1.318001036458808,-1.4310405202597467,-1.5227180707729535,-1.6332382555209657,-1.7565698246250232,-1.810879970249879,-1.8181267211037144,-1.8544010763348515,-1.8657690229825585,-1.80159808286521,-1.8576902317133868,-1.7764423632802568,-1.785747029828051,-1.7341770037441484,-1.7404607399986065,-1.6452667306844058,-1.549431577759461,-1.4022674120144443,-1.290033320694631,-1.162161774979366,-1.069995293106185,-0.9708867677455673,-0.8087078947554573,-0.5382504553112186,-0.26370509172436735,0
0,-0.1545265064333896,-0.3299766115994893,-0.48759812737679326,-0.6003106685418927,-0.6444335664064909,-0.6897038561913784,-0.817278019713327,-0.96253234176922,-1.157228570383283,-1.3087802822949546,-1.4331131758485058,-1.4453419413878466,-1.5222744988027326,-1.536005443834182,-1.605684644329002,-1.5434388288701797,-1.583171718968002,-1.5560764054601581,-1.5226835172532833,-1.5182942115885338,-1.4605685277104066,-1.3475912928629503,-1.2442619742369725,-1.179963168433188,-1.087181781733194,-0.9407466601179474,-0.7022177637227325,-0.39922301459146364,-0.09108585564716752,0.23333501461151893,0.5795380711127398,0.8640982210423678,1.1536485196960076,1.4138278322313704,1.7002646365330931,1.8904442594326092,2.1277931911153396,2.2296522346731678,2.1537948114264402,2.066613461976768,1.8612576553129008,1.6488330724836129,1.4624948296357465,1.2946554651808293,1.0880598310296257,0.9787548145870524,0.8848422385683522,0.7562353443531012,0.7136964561350653,0.7417843431836153,0.8461066704849091,1.0112489143606354,1.147631563474785,1.2733258272459416,1.4973529262821963,1.6743672708257271,1.8553414432941733,2.051548246459386,2.2384941804227028,2.3001607116066634,2.3482093312124657,2.224664901690143,1.9752086445616308,1.7985095611426705,1.528728365876835,1.2704450662026527,0.9870553644084482,0.7142972215972783,0.3713639421199054,0.025584576892004218,-0.3091341120609557,-0.6520729145494756,-0.9203782664446697,-1.0987934338761876,-1.2191149550568814,-1.318659401738803,-1.4249146498786691,-1.5479376186794358,-1.6017732568365994,-1.611305254402469,-1.6531561652515354,-1.6730874150959996,-1.6326909864305033,-1.6860621392774318,-1.6082327085993096,-1.6135680673746784,-1.5697277326948775,-1.5882406720113524,-1.5142272613226782,-1.4294729734404075,-1.2900333206945542,-1.18131657247881,-1.0708212315398182,-0.9981491256898177,-0.907032012666731,-0.7460564066104941,-0.4986641857053905,-0.24469620116391902,0
0,-0.1402325892421109,-0.29253812923823985,-0.43106118707591984,-0.5363113709156151,-0.5813465409722652,-0.620815333287771,-0.746785912760885,-0.8731644699030671,-1.040402980236052,-1.1716375177121932,-1.282874925923559,-1.2944195048651874,-1.3586196965193755,-1.3558392955726688,-1.4201746035854215,-1.3644987270193343,-1.390454343412434,-1.3564811427929002,-1.3174356029131136,-1.3121289940498113,-1.247425094820907,-1.1377900990873624,-1.0455913457823796,-0.9771852809060534,-0.8866899918492681,-0.7550286776030277,-0.5395900751763003,-0.2670816384874656,0.005985149382791465,0.30359668938004014,0.615486805711844,0.8700425402461087,1.126041980343611,1.356858009102699,1.6056565036361263,1.77711438243588,1.9888575664861978,2.071332051788904,1.9920285169190393,1.911762885618897,1.722048059548572,1.518732236196116,1.3545662047518359,1.2036075472121097,1.0145958391223853,0.9218597828618306,0.8357089848841829,0.7110183555286241,0.6664998854121302,0.6934530572951387,0.7937035845225074,0.9513215269329156,1.074915228880555,1.1801542785331656,1.3836146575550354,1.5414542422510453,1.70085658276576,1.887319396934787,2.0610988032916193,2.1183230928996575,2.173080450208905,2.0703464265739107,1.8491990109391827,1.6900754339376431,1.4572690685172855,1.2295379950663379,0.9821961759152742,0.7412065792254046,0.43692231618392807,0.12514884428378112,-0.170491863778115,-0.47738825240641564,-0.7199599896819995,-0.8801985676480814,-0.9973555937931066,-1.1000368727545973,-1.1961568209669013,-1.3160830316417156,-1.3782632728730655,-1.3881026421043423,-1.4353948927887843,-1.464179809296948,-1.4383134855017279,-1.4870232833436188,-1.4154188544389703,-1.434914222472783,-1.4012724560624115,-1.4174371611555199,-1.3500157877888719,-1.2783125458704714,-1.1621617749793762,-1.0708212315397863,-0.9616207802703403,-0.8978431438423263,-0.8124622473080294,-0.6651963797450933,-0.4462977441436079,-0.2222282598723282,0
0,-0.1260296405447788,-0.26178548828845555,-0.3953340082755904,-0.5098378900231898,-0.5589454324441933,-0.6026303959250089,-0.7174555595876109,-0.8216847620720127,-0.9642700140536128,-1.073443064321257,-1.1649796247992323,-1.1819128715431009,-1.2339856886470448,-1.2267532667547256,-1.27191394725594,-1.2165956284324337,-1.2260788513949268,-1.1883623286645706,-1.1516522036932288,-1.1442550978702783,-1.0879766370694484,-0.9848740415793185,-0.8885359361586405,-0.8084983773287502,-0.7233770496799049,-0.603922704146863,-0.41672037543157603,-0.18436939004086922,0.05999010431743049,0.31559282019006163,0.5875201080296675,0.8118656643136041,1.032439023369249,1.2340076695926607,1.4467809352920138,1.5979051675517086,1.7794442556820893,1.8515631106340877,1.7829418661428713,1.7117751364376799,1.5482830473072617,1.3743694509209101,1.229442267076769,1.1008143979832028,0.9413388943238752,0.8668069699067119,0.8039703345485437,0.6981645754006476,0.6557881071930318,0.6806904048088805,0.7737715102237396,0.9086663974807959,1.0033063977220913,1.086947491218142,1.2583694009744388,1.392110720165776,1.53088868066077,1.6900451684179598,1.8368922465628026,1.8857606657634176,1.9315532536330928,1.8416666411843112,1.6515513197512939,1.5109700006442768,1.3130091509192776,1.1155853260036737,0.9047967339970643,0.695603773641754,0.4349682865271116,0.1719905042852352,-0.08890609440907486,-0.35006818418752417,-0.559738353407807,-0.7026777191683982,-0.8113280836163183,-0.9217778695641332,-1.0230164944782616,-1.1348310199477374,-1.19062796868994,-1.2038782232592855,-1.249193096073509,-1.2838356984691506,-1.2748530325885423,-1.3259356546414287,-1.2758491657426205,-1.29727573003352,-1.2737398239702376,-1.2817747844408698,-1.2258258539712183,-1.1665333891493392,-1.069995293106242,-0.9981491256897573,-0.8978431438423458,-0.8328188410029057,-0.7494535212484513,-0.5991708785436418,-0.3968297629252857,-0.19795009429649524,0
0,-0.1144423106198422,-0.23542399929136668,-0.36600433733870563,-0.4674645415627146,-0.5223390429760923,-0.5691367799826383,-0.6751595359385905,-0.764968838564141,-0.8804026275633124,-0.9669886679028814,-1.0357883094049583,-1.0549935816611629,-1.099451327676216,-1.086446187144819,-1.1168744693064603,-1.066404495001092,-1.0718429977824813,-1.0318275275987243,-1.0054661976043369,-0.9999667511307724,-0.9443782680376475,-0.8503375778305934,-0.7631224573035577,-0.6962274499247738,-0.6110787045485265,-0.5080384530420883,-0.3498186464679722,-0.15928980977667065,0.03699638810661965,0.24267413655245268,0.46199345665505936,0.6500272269801034,0.8391837118395167,1.0128908255089928,1.192334858293274,1.31969322661137,1.4825539778060168,1.5467059440256492,1.4914251758388877,1.4324303187489176,1.2962520012697403,1.1521343616199502,1.040241047760169,0.9379020612714215,0.8122145177476016,0.7679961789155387,0.7261303822945393,0.6422657293756091,0.6063667229949274,0.6265873341105567,0.7040437774758307,0.8112623589173297,0.8785024683183249,0.9315566400378114,1.065944879974055,1.171596256498155,1.2778398591699087,1.4083273990731489,1.5292892274959702,1.5676399851519371,1.6032418483298523,1.5249027548807792,1.3553299272138233,1.2373079742554753,1.0710763977876157,0.9044161959551464,0.7263327541552851,0.553006835677243,0.34541450334892704,0.1354013084924327,-0.07310290839939201,-0.28595577308253006,-0.46081957089284903,-0.5833559967294439,-0.689213387492661,-0.7813449335898796,-0.8723234010109711,-0.9744613094768785,-1.031824126387416,-1.0444333830736867,-1.078792369308976,-1.116840508816339,-1.1132165961679068,-1.161974228664723,-1.1276762854673668,-1.1518289480888002,-1.1297447872854942,-1.1328365359797192,-1.0928226602809896,-1.0468794734154332,-0.9708867677455643,-0.9070320126666804,-0.8124622473079963,-0.7494535212484745,-0.6671892792426546,-0.5349955304573474,-0.3463965707510091,-0.17238360457298404,0
0,-0.09739892712690794,-0.20433908061483064,-0.305755861424487,-0.38234453183757117,-0.42754555906608616,-0.48147346479030945,-0.5713655648270519,-0.6548208526646472,-0.742108036952977,-0.8117380003432998,-0.8651402741855772,-0.8867044132475731,-0.9204169884943806,-0.9175238302107525,-0.928305191858072,-0.8989006671762507,-0.9075591335149793,-0.8707612336458893,-0.8467992123340239,-0.8408551494648712,-0.7910788128931492,-0.704380214792414,-0.6350321681825998,-0.5786913292883096,-0.5012067794985403,-0.4125889492320873,-0.282308143726087,-0.12117110292383775,0.0326016196306665,0.19397007922262216,0.37205830485581737,0.5183596040086462,0.6677940914672343,0.81920444652642,0.9625343006297284,1.0712805850607847,1.2095041517756588,1.2611694415140684,1.2186817133559966,1.1756340032238162,1.0625681683619055,0.9421938504675861,0.8554588161939718,0.775171257406733,0.6782468465692899,0.649708422122937,0.6145123016314833,0.5368878250869985,0.5072975736059324,0.5224008564077152,0.5831054199149522,0.6768331680599482,0.7304813147678595,0.7669230656136624,0.8698668374512494,0.953223620906267,1.0352425254154691,1.145399452676071,1.2448800145464987,1.2717548030441568,1.2981407365688638,1.237009759387513,1.0962778516636726,0.9972832910734682,0.8646770772506102,0.7198050432037504,0.5790601888409119,0.44473461678941567,0.27653178873380135,0.11133353631730505,-0.05284987720006137,-0.23227364772697776,-0.37518307322829936,-0.47732417399295185,-0.5718136217763026,-0.6479148779752013,-0.7207351992138125,-0.8123288662226934,-0.8629257283136593,-0.8728739377463752,-0.9029149855148011,-0.9367404373354055,-0.9283609865247263,-0.9561711331703056,-0.9432896755994149,-0.9556519203817909,-0.9398317328552602,-0.9342383957020209,-0.9033356736135588,-0.8658445620396071,-0.8087078947554028,-0.7460564066105112,-0.6651963797451251,-0.5991708785436797,-0.5349955304573489,-0.43576090318048016,-0.28955109823958036,-0.14227415910975222,0
0,-0.06936619144662959,-0.14075112091199096,-0.19953969639220853,-0.24247349136498902,-0.2805910271941874,-0.3225406974019035,-0.38191181906684823,-0.4366834283474074,-0.5001016982217968,-0.5507583391338116,-0.5864692402408974,-0.5938822496835828,-0.6246427906617337,-0.6270007529848172,-0.634308064736525,-0.6150372038627296,-0.6266455398004813,-0.6080539429873202,-0.586892316535375,-0.5829047671386466,-0.5387811324252578,-0.47706768081648226,-0.4367048339484952,-0.40441238018763326,-0.3465703854701022,-0.2740910045606501,-0.1809809163827751,-0.0675657237792473,0.038412817994586096,0.1558701131341305,0.27735245644559176,0.3795652149356849,0.48736950148684216,0.5959178577036117,0.7025940688441397,0.7852378643479683,0.8797012358861506,0.9171763666864021,0.887342205898353,0.8494614955276812,0.7694978962962059,0.681643124239725,0.6174222195404854,0.5583402905602457,0.48734481846376215,0.45730480282439245,0.42592608246633024,0.3716888218380365,0.34627322969221863,0.35665051140883397,0.4004066316985216,0.46497487724814185,0.508091930232798,0.5437921888056262,0.619419343945307,0.6787679165177001,0.7394973951358361,0.8197338306569705,0.8921375814764183,0.9195646439200426,0.9408327975880995,0.8988213047388802,0.8045777520773456,0.729661118237365,0.6323786726142423,0.5274985294798445,0.42493163326308625,0.33081709538325416,0.21477840345899735,0.09469954680873711,-0.020868404068259405,-0.14749791074818308,-0.25054144464887385,-0.33212467747290153,-0.4021083390802983,-0.4493182503690677,-0.49211221603257516,-0.5574932516214599,-0.6004139660145086,-0.6044933472828227,-0.6270097981527212,-0.6418030702536761,-0.6297697406835346,-0.6471506758772665,-0.6374593061189764,-0.6426267664469455,-0.6264301781673843,-0.6309665277920221,-0.6097314317317557,-0.580001972635645,-0.5382504553112036,-0.49866418570542265,-0.44629774414364026,-0.3968297629253639,-0.3463965707510483,-0.2895510982396348,-0.20090465762503998,-0.10123959967957069,0
0,-0.031828609839115125,-0.07047012107310194,-0.09629860451317011,-0.11938677602331388,-0.13965193507910054,-0.16130160563085413,-0.1874851065649452,-0.21362228184676801,-0.24388095573875354,-0.26619801913831764,-0.28532397742717913,-0.2862048004285972,-0.298941673310464,-0.2997810827187961,-0.30177081511774323,-0.2928174849930574,-0.2962826883539065,-0.29200759246945396,-0.2827726256124363,-0.28308370077228506,-0.2577000164671167,-0.22481941142336495,-0.20828957878906743,-0.18978846839083222,-0.16595374820402103,-0.1315147134314453,-0.08877588975677944,-0.03247603422967307,0.024568156299275175,0.09043503239249777,0.15503501568187492,0.2050465068368955,0.2610829143773384,0.3178016994844702,0.3687074697908073,0.4134260584426225,0.45985963088209103,0.4814449209892615,0.4668797040017304,0.4414387161315929,0.39394951159147973,0.3469898884472162,0.3127669915271636,0.2786472343944307,0.23863979844845712,0.21557595402621307,0.19333515242556837,0.16078040388580356,0.14553417870194432,0.1518135302668484,0.17549681765842878,0.2124568163630353,0.2409518906081783,0.2657936196768364,0.30757022324592387,0.3417567081782082,0.37452497137189256,0.4179002696416206,0.4623127519969035,0.48289500705917815,0.49316162110622974,0.46993300864574744,0.42475764849710484,0.3843030369618045,0.33921175496951156,0.28412343377516147,0.2305042654443637,0.18322772078960908,0.12053350942713788,0.05464594893259626,-0.007888838256886486,-0.07096615346130512,-0.119108914135107,-0.1590849152523507,-0.1908706019523341,-0.2170084923589787,-0.23463545656242624,-0.26915337221700214,-0.2928145142320296,-0.29262928435833235,-0.3030439924059741,-0.30463474052225314,-0.30004867289362247,-0.308003143660839,-0.30540720915000574,-0.3086860310794911,-0.30438348522173564,-0.30936294055469676,-0.2974341717651593,-0.28457488665426334,-0.26370509172439616,-0.24469620116389482,-0.2222282598723607,-0.1979500942965209,-0.1723836045730103,-0.14227415910977062,-0.10123959967953801,-0.048442668782875606,0
0,0,0,0,0,0,0,0,0,0,0,0,0,0,0,0,0,0,0,0,0,0,0,0,0,0,0,0,0,0,0,0,0,0,0,0,0,0,0,0,0,0,0,0,0,0,0,0,0,0,0,0,0,0,0,0,0,0,0,0,0,0,0,0,0,0,0,0,0,0,0,0,0,0,0,0,0,0,0,0,0,0,0,0,0,0,0,0,0,0,0,0,0,0,0,0,0,0,0,0
