0,0,0,0,0,0,0,0,0,0,0,0,0,0,0,0,0,0,0,0,0,0,0,0,0,0,0,0,0,0,0,0,0,0,0,0,0,0,0,0,0,0,0,0,0,0,0,0,0,0,0,0,0,0,0,0,0,0,0,0,0,0,0,0,0,0,0,0,0,0,0,0,0,0,0,0,0,0,0,0,0,0,0,0,0,0,0,0,0,0,0,0,0,0,0,0,0,0,0,0
0,0.08439893989043949,0.16450454524704447,0.26681708427895884,0.33597148325191845,0.3914627851091294,0.42509221241921913,0.47199978671768905,0.49984382885082324,0.5029081014412022,0.48835471714706186,0.4746398490778678,0.4596023703225379,0.43711203352074485,0.39364548876649563,0.35858103362421023,0.3074268799538813,0.26473456855881283,0.20254061682029526,0.1608429181704629,0.11720393325210503,0.09987545637310645,0.08849284824787595,0.0766929005516494,0.06286397455352871,0.059476853518333386,0.054113601844950655,0.04613775632911932,0.05080468970696706,0.08017543774693539,0.09700099418812091,0.1051433069014686,0.09221847826638101,0.07157793643787434,0.06208614048441092,0.05221078792325736,0.042364339983443695,0.03505872527456549,0.03815862542611122,0.040045424955853344,0.055514206424136604,0.049915333185370184,0.05522615022622928,0.06296156818110266,0.07195855615041442,0.08372222028596667,0.0965479350240726,0.0806299141989445,0.06643525630494054,0.053617091651464305,0.051416541487774324,0.062364163348434094,0.07621976230477681,0.08985044320055235,0.0778537650125829,0.06268068911107898,0.04765322888891767,0.03396849530205513,0.02378785140853946,0.025533887349803375,0.008768265610896369,0.0060820393975903955,0.006713179698501239,0.01656032974481589,0.028638653465172883,0.04391477670361797,0.06182786506250344,0.0911400202238581,0.1139811955167617,0.11154532846635024,0.09473596450802865,0.06417718772513703,0.05925429099670019,0.0667515603261873,0.07410791272257754,0.07865186352298392,0.0905728279261988,0.10182472845361713,0.11219680398362572,0.12930283759385647,0.17079741362117126,0.2109442447484333,0.27335986751412755,0.3148462465224169,0.3612168745081101,0.39217068937043903,0.43204352778233057,0.4549433438683516,0.4686665361199409,0.48368841584289946,0.49861375683984277,0.4931650884258339,0.4673707279747329,0.42024211220290975,0.3862287548143788,0.3320401885797971,0.2626633029925895,0.16066557152296448,0.08283534513129523,0
0,0.16450454524706742,0.3246457658813825,0.522817671422535,0.6672824608235959,0.7787863645383989,0.8494142970386848,0.9292164988813761,0.9782832273529906,0.9892508325350422,0.9744940453502715,0.9463078992583807,0.9119078379396339,0.8596684908451712,0.7833007656070894,0.7062634756997543,0.6051533982102603,0.5148208357806698,0.3841028665062345,0.28938025682689833,0.197391395538297,0.15799221225046542,0.12707163420520137,0.09566265434181336,0.06690338955558651,0.04943604072925663,0.03294291588417477,0.02355800679247673,0.03814756904026283,0.0842098844783209,0.10719194402818986,0.13214295927638156,0.11857267677006268,0.09756449123338082,0.09065272942577467,0.09002704522876484,0.08525437021495276,0.09273689797123932,0.1267878846982111,0.14234796495923271,0.18306917114174956,0.17464076342406362,0.19336454544309378,0.21874521643493328,0.23996950046276128,0.2691390681843571,0.29892070607015264,0.27302163776434235,0.25026926840828145,0.23613195350455768,0.23069049622116017,0.23952431291963755,0.2597851098786748,0.2812426368641784,0.25207554527406284,0.2164227724011575,0.18355444669963197,0.14644222007326815,0.11627675957948788,0.11681680400439699,0.07409177795627836,0.057908979740505545,0.031661319197258724,0.03240464014215505,0.04406037484991324,0.05802448383027644,0.08394432492756476,0.12177899383765896,0.15320300139376108,0.13919943487330247,0.1180489141446706,0.07112205480851444,0.05535314159335913,0.06321004768623939,0.0809454966107555,0.09588959955751938,0.11922571335850564,0.1488928566076256,0.17581384871680966,0.21373954412209023,0.30330144653996033,0.395889887110217,0.5265520560012313,0.6163468932769692,0.708646142517654,0.780001222824957,0.8517619996589167,0.9059947563674728,0.937247805484313,0.9697005166173529,0.9881006253666816,0.9724608557816218,0.9265990583835284,0.8453248901960531,0.7744721837541205,0.6618191823301189,0.5166550274356708,0.31886532556993774,0.16254756862092223,0
0,0.2668170842789899,0.5228176714225478,0.8187692147558756,1.040603356250275,1.2018698292930476,1.3023011688109696,1.4104955138409148,1.4732636609773244,1.4860394917479853,1.4743151096264473,1.4411034904628277,1.4004198228622542,1.325972332751374,1.213278502072844,1.0931870573575035,0.9434068831663717,0.8052818635468659,0.61357841728712,0.46910084340539204,0.3308179072977279,0.26383285861439226,0.20851464507396011,0.16729180479004474,0.13149776698064541,0.11100933558883214,0.09429190502659665,0.085533901322838,0.09869097170709308,0.15347243041702868,0.17622408004799106,0.20699003510768454,0.18783147569979372,0.16646072494493191,0.16985447117955474,0.18121965794104813,0.1896306608006443,0.21253151493190425,0.26783396379207774,0.29598667482789964,0.35769404331111143,0.3473324585441546,0.3770900852417281,0.41614861841438444,0.45266147865887,0.4968319019224819,0.5446847734993296,0.5061864540049741,0.4786200152222594,0.46211889495570113,0.45344295170319915,0.4618856675180266,0.4842270935730663,0.5151299899920646,0.46861475543787245,0.41607576965590376,0.3630799094951705,0.3069304270890707,0.2610219779992186,0.2608619674373119,0.1979799730874122,0.17097558094874968,0.12745141190599804,0.11614990241865712,0.11805849625326452,0.1273553283245679,0.15262972167589792,0.19810580963723598,0.24331896723943428,0.22825591742255036,0.20773618160522495,0.15115164230965247,0.13560547039293916,0.14066060962496243,0.15762219022217894,0.17077240233700133,0.19681514563957073,0.233071286831463,0.2806793481051676,0.3435089777392197,0.4779328371176793,0.6197058582141822,0.8103722726313557,0.9484730923789804,1.0868998054597852,1.2003622356449402,1.308883537398143,1.3892257398767809,1.4284566531323954,1.469875626318759,1.489058924913934,1.470168753158105,1.4136473641242968,1.3036551399838892,1.2022246597622879,1.0370501501540919,0.8142081053177176,0.5170319145053415,0.2653296119839734,0
0,0.33597148325194065,0.6672824608236997,1.0406033562503139,1.3046256291038,1.4894534863206306,1.5971682136865555,1.707926541208977,1.7626112940030227,1.771986923296274,1.7546367611875762,1.702097295255802,1.6375588923802187,1.537254662254229,1.382880397846662,1.2265543103351906,1.0434703189242915,0.8684669085437712,0.6241915224649137,0.44384697418065744,0.2848022827219396,0.2214386146031571,0.16233620950072178,0.1330094655605213,0.11359770881163118,0.11074335244894519,0.10254717891816953,0.09962437116518759,0.11182633206988064,0.16419947559156858,0.17589837089764931,0.2022689152315259,0.1811696849839485,0.1589263389462813,0.17504938022585237,0.19499941746084642,0.2135582544493345,0.2514400812219846,0.32281684221683277,0.3677729939429071,0.4542949422329286,0.450264787050817,0.49702407020630524,0.5546337399097016,0.612543167706306,0.6757641405239341,0.7583962133080145,0.730426037619119,0.7125663883610932,0.6970568571850324,0.6846987624177415,0.6902585926099243,0.7028725327601382,0.7214749401482148,0.6414810702396091,0.567979340444817,0.4890773679803794,0.4087083496671159,0.34254753993613035,0.3336866110359477,0.24571843113536657,0.2017225477312574,0.14492893488006695,0.12091435809740053,0.11603557033453774,0.12292389020950217,0.14465922759519761,0.19942501664943257,0.25537487652550495,0.248345290334316,0.23729756813507827,0.18245406652848672,0.168273246051559,0.16473118585758142,0.17334392128890486,0.16573797022698497,0.16989988249310922,0.18906094107164728,0.23542225417027965,0.29155234385906603,0.4447301963821708,0.6189823879032421,0.8613516548869976,1.0373467336043805,1.2083916536985724,1.3579498306647502,1.5103990048137437,1.6216161671513019,1.6865740913912854,1.748731396304788,1.7744853152555673,1.7578326126053583,1.7136282285482873,1.601197362078551,1.4920519186226044,1.302529730636513,1.0370594701967943,0.6621660611902275,0.33407624451181883,0
0,0.3914627851091544,0.7787863645384175,1.2018698292931078,1.4894534863206803,1.6865364901123618,1.7947269685171445,1.9014045479161343,1.9444384497102716,1.940648624623625,1.9073050012380457,1.8301185646524025,1.7398838406151111,1.6157039585563966,1.4346830115906903,1.252719218282501,1.0417348173385652,0.8427273180557149,0.5651855325047569,0.3614971778822375,0.1900156638916451,0.12641934614470976,0.07625901354472624,0.06972191125827466,0.07758917035525528,0.08400438384773114,0.07905345706820704,0.07739941643132285,0.09310822310116272,0.14537466514980057,0.1518717588190835,0.1805479169533832,0.15548729682976842,0.12696715074038234,0.14555005928240553,0.17608451768838332,0.20837995356998737,0.26758569006594857,0.36372371330848513,0.4327110471250528,0.5541764744974716,0.5700325724115861,0.6366550946535107,0.7176602982012568,0.7941528380635071,0.8951319220565254,1.0120728906989154,0.9916254204177288,0.9749229050486484,0.9639043401993147,0.9469573652115232,0.9431419668543374,0.9541493545451422,0.9633208591332261,0.8482865029607483,0.7349746824865576,0.6331077256994946,0.5275050310487805,0.44112673583248774,0.41207760777611346,0.28945835216857446,0.22366066843767865,0.1458558390472328,0.10391766434005192,0.08759529873789149,0.08865562193480797,0.11317140468549516,0.18047949119497966,0.24884663184972694,0.24223479078993224,0.23401404500747436,0.17994047848955044,0.164492687285802,0.16172706707644657,0.16848450518575717,0.1491245434458593,0.12150284614344475,0.11632160822647841,0.1507143404820056,0.20315969089985736,0.36587742355282205,0.5599485749068065,0.83293932818807,1.0328639192644729,1.2302111080179219,1.4035227350464725,1.5809769168753856,1.71700826492945,1.8063707572820649,1.8912556076226517,1.929692082007994,1.9235156284826977,1.8922377256997978,1.7850315241281973,1.676706434800907,1.4761687980127494,1.1890967179118546,0.7674067059521249,0.38635579035801904,0
0,0.42509221241918765,0.8494142970386943,1.3023011688109247,1.5971682136866039,1.7947269685172034,1.892851473931953,1.979549792386259,2.0009945233210176,1.975746158460827,1.9205645802416003,1.8018417831003517,1.6759686749007863,1.5169059862684675,1.304690594203633,1.0858504257119634,0.8450018380782828,0.6203213073125953,0.3209375306087866,0.10542755964408813,-0.057285273729298834,-0.10281258225636924,-0.12370488947412953,-0.09048113567418835,-0.03370307801490961,-0.0035740591389816913,0.026323053996572088,0.05292354151569923,0.09330083353775824,0.16757371735618684,0.19200003788614087,0.23968584448123362,0.21424415152169074,0.1851401607688673,0.19690565478895095,0.22967877594636693,0.26518058453297755,0.3271012023741796,0.42577254868039655,0.49481509200269175,0.6195515038897847,0.6341746324165338,0.7066208795121104,0.8031814643419998,0.8905020017268759,1.0220389912916463,1.1523643804182397,1.1310700368586737,1.1038823776624482,1.0906764500713635,1.0722517836690737,1.0690375711005264,1.0899601751654635,1.0992433201780556,0.9694758141919565,0.8242874915131727,0.7067716816746124,0.5835014467131178,0.4884948466777209,0.4606026475325458,0.33513262829630336,0.2710540988028631,0.1928244886032026,0.15169602892033487,0.1342323558540827,0.13755090254604474,0.1748662934059532,0.25109155856134663,0.32645143503131246,0.3046971987331838,0.27926745061751407,0.20503749068814123,0.16543366234458667,0.13482938231106584,0.1031244357001981,0.05530578457492188,-0.029630934230669915,-0.07989317784011701,-0.08200058675002893,-0.053886783540236564,0.09420526451220008,0.2962538536091298,0.588678764539178,0.8137062423006759,1.0408351636191773,1.252394837076364,1.4640855925505536,1.640637251483184,1.7662842099904466,1.8943348827294588,1.9549059445855608,1.9696399346538997,1.96210072847864,1.878457317400958,1.781743624001836,1.581437724974707,1.2864818869897272,0.8366083411593014,0.4201712492118919,0
0,0.47199978671767284,0.9292164988813894,1.4104955138408877,1.7079265412089564,1.9014045479161212,1.9795497923862524,2.056066590599302,2.0611275940443017,2.009919805652339,1.9279920555691843,1.7874353937274656,1.6352777339385156,1.4467232668816319,1.1945204861556027,0.9482189452012865,0.6758309975277113,0.43293226607914015,0.11206313961479987,-0.1206439745977539,-0.2903359136870121,-0.32624552427063247,-0.3236769624614988,-0.26377498771868896,-0.17193780840353465,-0.11052280325679817,-0.04704755788980395,0.003275316683784607,0.06893166845543053,0.16101723578039534,0.1963396834135624,0.259232416095366,0.24433061729173647,0.2272532036567803,0.2585747368576791,0.3064547413976833,0.3650042642700139,0.4533672790275647,0.5688952722098616,0.6580283189536471,0.8021313038195411,0.8278324923184736,0.9177176141774538,1.0493094044656166,1.1629250074044846,1.3185323336466133,1.4668967982014318,1.4525650258521565,1.421850236387287,1.4135293880090793,1.3923464706549578,1.3795110851355321,1.4009570291798867,1.400292168350823,1.2509301872584633,1.0796102064849047,0.9341728138105315,0.774169041869597,0.6601920992030395,0.6217616971706431,0.4780845052419928,0.3941248895664684,0.3008703507066302,0.23751548232170872,0.20079386103429733,0.19337076881588855,0.2177896177949171,0.29071710482081387,0.3619331002793508,0.32883059850032853,0.2946412955640236,0.20657930718519407,0.1434902953653906,0.0894385187763199,0.022661545822171777,-0.06007884034408781,-0.185418126770531,-0.26709205675285597,-0.299171209049153,-0.28687017668322307,-0.13736080398421632,0.07515969192901577,0.38432013680086763,0.625290100161958,0.8827206525908718,1.1211618254873181,1.372936708817657,1.5818662273995134,1.7337741788870586,1.8836333458059835,1.9696954378416347,2.010927582415278,2.021059988836686,1.9487026687335964,1.8737091014385268,1.6803500743132376,1.384068472881205,0.9093873037793402,0.4638659308103831,0
0,0.4998438288508351,0.9782832273530133,1.4732636609773664,1.7626112940030514,1.9444384497102216,2.000994523321027,2.061127594044311,2.0419621122749834,1.9626816527277458,1.8537500817850299,1.6911255094738515,1.512178600220229,1.298021417402909,1.0184547248231561,0.7526240091254686,0.45811541450046533,0.1968992495509222,-0.13093354262424398,-0.36647898151474273,-0.5357712154819265,-0.558611012355878,-0.5327701166546509,-0.43510996923208045,-0.30175184418630835,-0.20722246352632834,-0.11533776675027596,-0.036553188768590095,0.04696829869254963,0.15323884070389793,0.19814757964999855,0.27640519872711417,0.2748823773930518,0.2601769992867214,0.29952485594824735,0.3588720288081154,0.43899030880150414,0.5507753127370916,0.6885195566530977,0.8080937152681709,0.9835908041068959,1.044775331333504,1.1660056590680792,1.323847652206403,1.476825571913634,1.6695616953163475,1.8495359507187914,1.8421148883667458,1.8218068047638767,1.817148251396438,1.794043635001134,1.7747762478801954,1.7828893127290923,1.774459863544826,1.593365275153972,1.3832876781147885,1.197046600829312,1.0088777832896154,0.8622356334489051,0.7862718144335565,0.6120597110067835,0.4981284114036862,0.38377834900813595,0.2978977103065266,0.24116308728444893,0.22540352739834504,0.24839912986208645,0.3256001420314353,0.3872924764640298,0.34246433929869224,0.3014745227189614,0.20155457033604676,0.12297840780961096,0.04208684479297632,-0.05449308505135368,-0.1734710983070484,-0.3440774002846817,-0.4689362847321624,-0.5323337007607267,-0.5390509733822492,-0.39353677111246516,-0.18186543774615443,0.13068041387532073,0.3874408617042969,0.6666802814177382,0.9251273080856289,1.2069229548549536,1.443604568557942,1.6208148579458723,1.7909470622151882,1.902824806936863,1.970893563972636,2.006202991433028,1.9513589709856278,1.8991282685003472,1.7209641490808796,1.4351961918242855,0.9497501887242381,0.48533317986861535,0
0,0.5029081014411367,0.989250832535001,1.4860394917478996,1.7719869232962113,1.9406486246236003,1.9757461584608234,2.009919805652304,1.9626816527276993,1.8640358802921246,1.744578898743678,1.5677539364746522,1.3797822747868433,1.1557762566494603,0.8756037356518113,0.6003248789234149,0.29808943418015615,0.026712251962810997,-0.3046232528664944,-0.5387860043853566,-0.6944225643807114,-0.6945780506887562,-0.6457349149950243,-0.5203875887916096,-0.3509101675995823,-0.21794172737537712,-0.09500370598997442,0.00014527713582476503,0.09869115131955059,0.21140657786954278,0.25350951553424894,0.33403497082095324,0.33178142081095136,0.3208490360357439,0.36421353605955153,0.4352958291567374,0.530628422938249,0.6574290911983586,0.8148269106359041,0.9575147901241355,1.1613628877186608,1.2483638863089541,1.4030631717334776,1.590950704457483,1.7772620810048476,1.999332591691953,2.216365048183429,2.236593244419147,2.2338938127630463,2.236610741463602,2.212300788833731,2.1850631321951886,2.171861859721264,2.133442783453817,1.913739900663703,1.6743303721196596,1.4549865593169582,1.2373063633188366,1.0605579353247705,0.9611436915643232,0.760527494096716,0.623875546343858,0.4886928854204014,0.386789233595443,0.3145582096345031,0.2881831681166691,0.30831535554859035,0.3842150412050473,0.4491833988315836,0.4029656923766178,0.36505853039054986,0.26000372157674895,0.16553852174307665,0.06742962895138462,-0.06232085792488255,-0.22197120240826618,-0.42899019165002267,-0.5845339881044586,-0.673493237743741,-0.7049657243007074,-0.5744213677701007,-0.36700472773970677,-0.05600382370692918,0.20934602056146248,0.4979559298161246,0.7689882308798396,1.0528046391962016,1.3007640582428524,1.486248694623789,1.6696043226344517,1.7911137733487619,1.8758906492522138,1.9387669762064577,1.9090051258257796,1.8793439998090102,1.7168557902910122,1.4389282774246173,0.9536282365250246,0.48413352659730235,0
0,0.48835471714699474,0.9744940453502264,1.474315109626357,1.7546367611876248,1.9073050012381305,1.9205645802416187,1.9279920555691459,1.8537500817850394,1.7445788987436972,1.6255748221454023,1.4371976317192505,1.2402673921800405,1.0133295082095033,0.7415072244654632,0.4577648215714344,0.14146827793808397,-0.14276329690485548,-0.4641485091972304,-0.6892940233715107,-0.8305576943000605,-0.8065454230948994,-0.7361663274172187,-0.599488235214805,-0.40220098184895425,-0.24221786684380345,-0.10032511020293942,0.00664832917576175,0.12315635666996988,0.23784444868914315,0.2713563411908746,0.35473678187351715,0.35932810488569994,0.3523929975608716,0.39593456074084277,0.48202979391023126,0.605335830282529,0.759949675468711,0.932210887664613,1.0993147000298082,1.3244075288798356,1.4400277445236367,1.6200580618452003,1.8466076428745837,2.075679593863687,2.3268231945569697,2.575030369415468,2.618648631066618,2.6265091123272493,2.63117951017859,2.6046030209658433,2.5728666528368267,2.5448274647273337,2.4808364469924356,2.2273263141509996,1.9577694825961007,1.6972228823637896,1.4429258861546963,1.2446171921030613,1.1212977390999277,0.903476967960452,0.74575886507232,0.5965437173433842,0.46677448926403586,0.36326983269099195,0.3198368877938043,0.33832502876853754,0.4108036241130809,0.4676681355801877,0.41901893131760815,0.3885726873973244,0.28201410668650095,0.16979808443140468,0.06068196873786011,-0.08843692641055026,-0.2754089735633019,-0.508350073678076,-0.6746521077968657,-0.7855383709269353,-0.8408866537611773,-0.7259316220165395,-0.5267468189257607,-0.22690885425638327,0.0504837716007323,0.35008198386789224,0.6287575114064649,0.9012025181054243,1.1488843191198117,1.3405609275989359,1.534546097449817,1.65440525649875,1.7487534242977478,1.836937605447892,1.831971672143879,1.8239995817362282,1.6787448514994388,1.4110212641517732,0.9276771287407286,0.4639677059474214,0
0,0.4746398490778174,0.9463078992583039,1.4411034904627773,1.7020972952557931,1.8301185646523217,1.8018417831001132,1.7874353937273277,1.691125509473794,1.5677539364745443,1.4371976317192285,1.2333840398478844,1.0206411487422464,0.7820310424527444,0.5041207169697763,0.22527686069457525,-0.09805800214320765,-0.3855588326658572,-0.6961281020412915,-0.9049838471111592,-1.0312041894846753,-0.985333856924532,-0.8980002647001153,-0.7469604069741498,-0.5156692095039651,-0.3255571350487016,-0.15779343746257718,-0.029233842737723333,0.10300379453561484,0.21879329662314434,0.2546047857679248,0.3381055038482396,0.3492475391116775,0.3490072644882747,0.4057949369720079,0.4955955724185326,0.6251331688603964,0.7935452247638413,0.9651377679731388,1.1446583666315266,1.3843048580679707,1.5215205947490575,1.7231891811893207,1.9721755919187367,2.2130450158057395,2.4756362651398076,2.744321747650774,2.7961414416049473,2.815653950905334,2.828553361191874,2.7999664569291927,2.757041563339504,2.712691785858416,2.6384693649731874,2.3641611822848123,2.0840235007370027,1.8147180148483182,1.5393804736720649,1.321593730253952,1.1781634632250153,0.9497106407999425,0.7812572729887189,0.6315526356050507,0.48661942169502,0.3747339645660098,0.3271033549838295,0.3310063657976174,0.39612345958757034,0.4433917865727258,0.39445328595105683,0.36245334972532267,0.25828180087484126,0.13288796100931374,0.005185422796679505,-0.17050276669010536,-0.3893082925791244,-0.6556462179499571,-0.8374471881692055,-0.9673241421638964,-1.047259005205035,-0.9487598866265717,-0.7674785465950248,-0.482262274475582,-0.20181067045667722,0.10537677956814995,0.3790126252653907,0.6556174611441574,0.912486750146123,1.1172637151513154,1.3234198351505366,1.4517588474981273,1.5600372542876462,1.668181765834979,1.6847719058492467,1.717411611956713,1.6002060561367064,1.3579265520951054,0.8853538545440028,0.44260179750267825,0
0,0.4596023703225308,0.9119078379395213,1.4004198228621725,1.6375588923801405,1.7398838406150057,1.6759686749006628,1.6352777339383884,1.5121786002201272,1.3797822747866877,1.2402673921799843,1.0206411487422744,0.7830032704363392,0.5361821555288878,0.26185905872866083,-0.011124716242853043,-0.33755311639896596,-0.6197574467105857,-0.9119777350516127,-1.097466601385503,-1.1997148450779256,-1.1280809838307333,-1.0166164053912503,-0.8548441150342734,-0.5981186533731916,-0.3891376852944515,-0.20327630185619647,-0.05854516854547752,0.0890272454215111,0.21026163897488367,0.23882706014094895,0.3174306041147464,0.33110635197762567,0.33746190898843215,0.3957772890428487,0.48484348794510007,0.6221821403579151,0.7964893326577704,0.9633320428743938,1.1448526772809993,1.38109778383164,1.5310452366615084,1.7421523843452507,2.006318137837761,2.2598893668657647,2.52770330848058,2.8003302125443055,2.856488595130287,2.87861012885855,2.888148592504971,2.858026198516749,2.8159786600718912,2.7675902492758286,2.689076778491412,2.4095043068842346,2.124806215004216,1.8451056155455166,1.555060791032941,1.3291480201010284,1.1744705509241828,0.9519556742989026,0.7826954942653305,0.6371233673597464,0.48445366632480696,0.3610166013372769,0.31100436358933486,0.31111322002225344,0.3696904007165323,0.4115439479152404,0.3667364367913224,0.34344994975511645,0.2374517399771325,0.09998624078144813,-0.039398960891074815,-0.2338878866603331,-0.47059758607511315,-0.7621471917995463,-0.9544692664083583,-1.111328487227607,-1.2184516578025264,-1.1441897982040745,-0.9876211828551227,-0.7234430063655004,-0.4501475262758897,-0.1427219863258059,0.12307885926417603,0.3932775412349362,0.654163099475076,0.8790650020555513,1.0972569192389448,1.2329335314577592,1.3510298356375696,1.4837345040860328,1.5281318487944233,1.595790565854953,1.5068993320495174,1.2930901890779387,0.8342628114239033,0.4172492981076489,0
0,0.4371120335207125,0.8596684908452001,1.3259723327513326,1.537254662254104,1.6157039585563058,1.5169059862682943,1.4467232668815015,1.2980214174027267,1.1557762566494119,1.0133295082094813,0.7820310424527271,0.5361821555288874,0.2908644190657346,0.033818934591386816,-0.22424022670598834,-0.5437537769731641,-0.8047136166423695,-1.0639273400930742,-1.214569232621309,-1.2934877516126135,-1.1999538880093783,-1.05995112777552,-0.8877953836787918,-0.60212367582085,-0.3671083491276312,-0.16452910319206565,-0.019070011338246123,0.12602494787018786,0.2369531282245217,0.2424339756781682,0.3073806245599223,0.31288828476871094,0.31692122630603264,0.3686953364888278,0.4559085294241435,0.5926406055750055,0.7605647689734798,0.9170442665762712,1.0896183865340745,1.3369537892627132,1.4946880850220956,1.7100497593125448,1.9816677277619286,2.239673162846145,2.5102749210135533,2.7902287257210294,2.869599496811629,2.9111941857475485,2.9243041066802795,2.8938608573112012,2.8495951400856145,2.782716215875679,2.682214805422333,2.3936215528852856,2.1078708267456325,1.8273915706662434,1.5310179904501058,1.3034867126003327,1.1423416117163687,0.9082479441542174,0.7466727214876167,0.6084003750132441,0.45828435560391084,0.330647704630524,0.27819852777694254,0.28075013037633567,0.3393563290365028,0.38817616668677923,0.3552783308241039,0.35369196775978173,0.26048869588873225,0.12708409977582963,-0.008406062561827403,-0.22065487065514505,-0.4822376711270777,-0.798923064108175,-1.0000772227079384,-1.1826453648567763,-1.3099249542819105,-1.2571638086566597,-1.135121113249713,-0.9055546253150751,-0.6548283627757228,-0.35694933354502706,-0.10704350283416725,0.14335466158946225,0.39746009101878965,0.625402854802659,0.8512454783961733,0.9853372889155175,1.1094333761874633,1.263224503108513,1.3363985283787283,1.4379717083160626,1.374827193373428,1.1938406515046192,0.7644386700856559,0.38566891730086045,0
0,0.3936454887663849,0.7833007656070332,1.213278502072811,1.3828803978466209,1.4346830115906335,1.3046905942035694,1.1945204861555543,1.0184547248230509,0.875603735651765,0.7415072244653965,0.5041207169697663,0.26185905872872006,0.03381893459138552,-0.18701588360958507,-0.4190029529830912,-0.7096622534183091,-0.9369251272081347,-1.1512693879482794,-1.2663340221073007,-1.306247779981132,-1.1860509355212834,-1.027014180692628,-0.8355162784033139,-0.5207634931677011,-0.2742010855618711,-0.05897105222853677,0.0944429493487411,0.225742579067569,0.31146385079890476,0.2881901036268361,0.338446134567303,0.32474992461246716,0.3039044831069202,0.33102365445300497,0.3969583027632533,0.5244283711288683,0.6735989998313895,0.8129837420535762,0.9912152927162401,1.2335965161658398,1.4155555262578285,1.6431025170303353,1.9157484172551118,2.187588243496652,2.4637382177261826,2.7595018962046027,2.854651393799263,2.9178893708222757,2.934116502355224,2.9038480305027012,2.8593024819416817,2.771192799369688,2.657874750279235,2.3547424709989815,2.0658156663109173,1.7758699005481065,1.4819712660988527,1.2456204886853308,1.0612066642330886,0.8312253716703629,0.6628510401600393,0.5376058201647204,0.40072599726147773,0.27607559908160845,0.23936150001725226,0.26107604226627523,0.33956505320491015,0.40090954670162793,0.380737716755775,0.40606657565682275,0.33836598420329017,0.219948666837781,0.07972110786644805,-0.14539319411390653,-0.41790748125365623,-0.7604547473028639,-0.9779987653396803,-1.1779235861302757,-1.3280805244829768,-1.3105286960207905,-1.2193806455653329,-1.0333971700946374,-0.8146532372158081,-0.5460682734161096,-0.3214490585684191,-0.10757010174119425,0.12458120202825027,0.34387892943101245,0.5707901346500011,0.6913448099827404,0.8111624753356785,0.9860255375062283,1.0964798762910295,1.2266647424435846,1.1901820549262134,1.0558877871525585,0.6695074999155728,0.33137488283840216,0
0,0.3585810336241388,0.7062634756997093,1.0931870573574085,1.2265543103352186,1.2527192182824778,1.0858504257119304,0.9482189452012271,0.7526240091253938,0.6003248789233221,0.4577648215713153,0.22527686069449526,-0.011124716242900973,-0.2242402267060571,-0.4190029529830666,-0.6230437334898488,-0.8938553490303627,-1.0800564313706271,-1.242740045399766,-1.314871994984024,-1.3209549069982334,-1.168918257738274,-0.9918978041688485,-0.7876082370181253,-0.4546629745327812,-0.1905185079791568,0.03589243249849741,0.1861981724713265,0.3039912830803046,0.35647967634869615,0.30664262086657157,0.33111648628478246,0.2988915798958758,0.2520872519431823,0.25505518113620446,0.3011022549948479,0.4156213670768424,0.5508057172000868,0.6736691225994079,0.8536961771325365,1.093127603418702,1.2872196754816567,1.5317048937307651,1.8187573577241427,2.104588630658102,2.383034011981639,2.687526979194285,2.8017283626423377,2.885115464698018,2.911936502799675,2.881650563164721,2.8272277628174325,2.7179943752852753,2.587282073185446,2.277434991812504,1.9877544408295835,1.6909073636695495,1.38793280219049,1.140348973480166,0.9465050326429425,0.7211214892064408,0.5498715334687488,0.4365369570590927,0.309544736795414,0.19106683838418842,0.16677560214602824,0.20477785631225937,0.30159066830005204,0.3735312195548006,0.3753631831535746,0.423967528104858,0.3882517388702305,0.2832369090284617,0.14793720630052945,-0.08804303684907659,-0.37751706648010414,-0.7310746591700773,-0.9568904733399376,-1.169369817674687,-1.3464465406271335,-1.3558398582132596,-1.3036387663746094,-1.1700115345240558,-0.9907798849037417,-0.7420601778090055,-0.5463476081114004,-0.3634228060294108,-0.1509123606813706,0.05818382544865589,0.2769983217594058,0.4013650407511027,0.526497615150604,0.7166678870908835,0.8493724609641748,1.0134843887694236,1.0036218938326658,0.9110064849557469,0.5729359348251339,0.28448339090808467,0
0,0.3074268799538667,0.6051533982102134,0.9434068831663119,1.043470318924312,1.0417348173385155,0.8450018380782477,0.675830997527696,0.4581154145004141,0.2980894341800774,0.14146827793802053,-0.09805800214327755,-0.3375531163989407,-0.5437537769731249,-0.7096622534183085,-0.8938553490303998,-1.1473799949623793,-1.308161509129777,-1.4202401161346658,-1.4532562034384098,-1.427970345882522,-1.2486624680142868,-1.0504347905249514,-0.8387809179160716,-0.49930717745651276,-0.2205248034800253,0.010921267288677539,0.15711360405530259,0.263410553188017,0.29262738414814976,0.2249775442865091,0.23799016711729004,0.1913025234632991,0.13030951617230868,0.11335655788373525,0.1471643297804792,0.2561786275010983,0.37887098080667886,0.4861715508262801,0.6693065763642329,0.9118224250831658,1.1241480402223787,1.3769124880550567,1.6784002934676232,1.9829397873311503,2.2597132990740083,2.575903331922413,2.7120122294265814,2.8140123557627543,2.8534939818845064,2.82480855300206,2.7582962661643378,2.628432217352664,2.4769178413591724,2.1547915827915785,1.8686412744097018,1.5584727699531633,1.2461910244174925,0.9937442133519784,0.7845933396723501,0.5593163922184688,0.3853062449067439,0.2845887193199269,0.16715161395905775,0.048679450067679486,0.03004123842651901,0.08128433691054364,0.18715820753893878,0.26725997045865174,0.2773105196941559,0.3430996338715131,0.3301228733777214,0.23502294948758068,0.10362085018132644,-0.1400742242537699,-0.44287637627923787,-0.7988272715515311,-1.0279822084323291,-1.2603795690959245,-1.46008246485768,-1.4957067602552254,-1.476721588984242,-1.3924952542626483,-1.2382816060892983,-1.0070347585257486,-0.8314428655309224,-0.6788518442237036,-0.4764883055262834,-0.2664131002597389,-0.04364930575128343,0.0905921646732594,0.22002886324557275,0.426907193570174,0.5871618037083018,0.7778879347981034,0.7972118452283775,0.7410737080029793,0.457085510485585,0.224356010112928,0
0,0.2647345685588185,0.5148208357806718,0.8052818635469386,0.8684669085437206,0.8427273180557184,0.6203213073125831,0.43293226607907603,0.19689924955087731,0.02671225196283483,-0.14276329690495618,-0.3855588326658368,-0.619757446710587,-0.8047136166423257,-0.9369251272080309,-1.080056431370579,-1.308161509129769,-1.429829385979814,-1.4981853855326892,-1.4933341549484105,-1.450741351874708,-1.2507838714162842,-1.030096175627811,-0.802313093244778,-0.46422610334130354,-0.1940378318247196,0.028587923289235227,0.16878830821647478,0.2719411696312286,0.2872206517644434,0.20413355441036937,0.1976605406576553,0.12068850248853145,0.031886988966716795,-0.014166632618153752,-0.002076790193496802,0.0905189526581244,0.18838906932016217,0.2811038840413441,0.4530747449989592,0.6983797423252737,0.9050557004095902,1.1537805326507509,1.4437258703792781,1.7411636425031913,2.013613157397513,2.324148807761363,2.459289236294179,2.5553737331974786,2.599176291011298,2.571833391843474,2.501980918622946,2.379508312430326,2.229341391333197,1.912385500357998,1.631210843261103,1.3328894739035837,1.0408447468129527,0.7999180550526699,0.5990033030384709,0.37485432823558845,0.21385482309510795,0.12770801555126063,0.03312303030269914,-0.0733301242268028,-0.07910239882882338,-0.008461734324172028,0.11623223488142412,0.21960077929709107,0.24282390652777747,0.3211700360133513,0.3205335550064511,0.22736554240679466,0.10141147644083835,-0.13566093818917602,-0.4311975812763001,-0.7816228466022056,-1.0212039839830356,-1.2711698016079942,-1.4906555418119125,-1.53924708319729,-1.5526948171445552,-1.5096055196454456,-1.392970389733461,-1.1838471837018276,-1.049106494749041,-0.9330245968585253,-0.7559980744045006,-0.5542794341207904,-0.33287939628845686,-0.19054110100486293,-0.05424200566013567,0.16589954413627736,0.3414555966198059,0.5572346097284537,0.6013804740765754,0.5861869017003862,0.35490460093917203,0.17661967800112924,0
0,0.20254061682029786,0.3841028665061713,0.613578417287159,0.624191522464957,0.5651855325047883,0.3209375306088036,0.1120631396147537,-0.13093354262421114,-0.3046232528665335,-0.46414850919726075,-0.6961281020412827,-0.9119777350516395,-1.0639273400931206,-1.1512693879482592,-1.2427400453997546,-1.4202401161346954,-1.498185385532649,-1.525542930254028,-1.4930139082696936,-1.431716035372613,-1.2149837680450446,-0.9813807055250982,-0.746347110268174,-0.41389226765783954,-0.16167335876166644,0.03922364456206146,0.16015098906757785,0.23427903883926524,0.21776960847468915,0.09600788221329061,0.06097177159534103,-0.041294954060606404,-0.15490429733182431,-0.22562360356858846,-0.2353877257347598,-0.16095991989583297,-0.08060998823057106,0.0059742026211203406,0.17815638897086364,0.4211147307032882,0.6247860852810151,0.8688285732426285,1.1406145899384474,1.427831487865268,1.6912785743640417,1.9997743045090943,2.148131622757568,2.2533061503930245,2.2995064455389285,2.272555954217557,2.2007546081164517,2.070287034151225,1.9072936616640295,1.5920588249021916,1.321514872159533,1.0384441145183638,0.7741023994935043,0.5445361092659974,0.3513234540572931,0.13418489205942666,-0.025306737255468767,-0.10539754844729425,-0.18374614751679508,-0.2748654833162415,-0.26629325982042135,-0.17901518434340982,-0.03832574641271806,0.08092415270984019,0.126825741500851,0.23975958351859505,0.26634360023480147,0.20102116153072108,0.09223025491267134,-0.12527577720100547,-0.40245874829256234,-0.7440412753553399,-0.9840371651377484,-1.2443797701767485,-1.4771988517849701,-1.5394335072034613,-1.578630301684863,-1.5753555312357999,-1.5014655113746194,-1.3410192424686787,-1.256670117681596,-1.1854287761956428,-1.0441746146229405,-0.863955669363466,-0.6565280705277747,-0.5275989913497303,-0.3914740278779651,-0.16683108585163733,0.029538725642030108,0.26791652578595143,0.34582926734184394,0.38622398407971176,0.21985080357291537,0.11084894912822627,0
0,0.1608429181704427,0.28938025682693447,0.46910084340544905,0.44384697418075225,0.3614971778822927,0.10542755964411321,-0.12064397459779927,-0.36647898151476666,-0.5387860043854001,-0.6892940233715292,-0.9049838471112429,-1.0974666013855374,-1.214569232621418,-1.2663340221073378,-1.3148719949840673,-1.4532562034384624,-1.4933341549483938,-1.4930139082696525,-1.4400674965554026,-1.3723912285455355,-1.1652909708605113,-0.9398654617718161,-0.7164099621315674,-0.4104808812488241,-0.18930015155975966,-0.019659560879095855,0.07655358824784386,0.1129268347688123,0.05386456170311007,-0.10791816588645925,-0.1812710506534828,-0.3129493518241776,-0.45476145621598496,-0.5472205479570128,-0.5838831766865373,-0.5270477950517293,-0.4542472058304345,-0.37747918927737334,-0.20206581718728375,0.0586261870071207,0.2703567681760599,0.5133055963405957,0.7900600126209288,1.0681225391823084,1.3177256831413047,1.6220852152630751,1.7801423874010998,1.897597990688679,1.9505263555904138,1.9247389375125001,1.8458056377989747,1.704003909717181,1.5306874535537676,1.2193812385011185,0.9649648108086244,0.6963985571884929,0.4340966111939818,0.21217508661279258,0.016944778988140386,-0.21357365785908852,-0.37342061367374974,-0.4440542551079131,-0.5176993785135174,-0.5949136880782397,-0.5662568834366938,-0.4677627714625849,-0.3092624696424359,-0.1677320601250192,-0.09001008554248953,0.059806952732168926,0.12549688196074993,0.09686127495820876,0.01196036207207842,-0.17372321983590966,-0.4195444177247642,-0.7298687384079585,-0.9516424094584461,-1.1988132148283341,-1.4176122362794294,-1.479684763115352,-1.5363796604470004,-1.561148213372101,-1.5264286088364063,-1.406767722844164,-1.3676710616167485,-1.3365223938391453,-1.2337901392924793,-1.0776777744658455,-0.8877856811142415,-0.7695325157792337,-0.6365457349515118,-0.40976512305001206,-0.19728293677558426,0.053109534447385226,0.15410952715448423,0.23297079581689245,0.11848302446616056,0.06463972884352397,0
0,0.11720393325213171,0.19739139553829754,0.3308179072977332,0.2848022827219467,0.19001566389162872,-0.05728527372928159,-0.2903359136869995,-0.5357712154818283,-0.6944225643807413,-0.8305576943001115,-1.0312041894847348,-1.1997148450779145,-1.2934877516126624,-1.3062477799812051,-1.320954906998341,-1.4279703458825788,-1.4507413518747379,-1.4317160353726512,-1.3723912285455702,-1.323092134333791,-1.1382758285849612,-0.9433756247064095,-0.7501465851553073,-0.4911061225487853,-0.3319446881214004,-0.22122553623270513,-0.15557841132340047,-0.15197108768708287,-0.26087959342309125,-0.46119482287554936,-0.5715198453989919,-0.7273018612929789,-0.8822699719897091,-0.9947210814115278,-1.0435310739547832,-0.9884878055616181,-0.9117440217124754,-0.8265001489270122,-0.6432552763869823,-0.3632692361850936,-0.1425957363587876,0.11003063295729687,0.3935557038090999,0.6754033537707882,0.9304925405275309,1.2347156625765932,1.404623350338144,1.537598973419404,1.5932638107031125,1.566834005530403,1.4834622496901986,1.3257550056732,1.1396508697153733,0.8274341845969819,0.5693090834173823,0.30131952497841247,0.037867049875735595,-0.18918701424382978,-0.3896198310637448,-0.6373063470119328,-0.8017709851570846,-0.8788634061439994,-0.9557885797900592,-1.0305152967138225,-0.992169807168279,-0.8789374215283627,-0.7153092812002769,-0.5553368900994468,-0.44488272635762915,-0.2590558662967238,-0.14808146887661722,-0.14539376075225824,-0.20238060290144627,-0.33265893119105355,-0.5190302215319829,-0.7806856615115708,-0.9687616862472397,-1.1823242935413851,-1.3763581314205047,-1.4156577322769268,-1.474714020790728,-1.514250271104628,-1.4961644705459751,-1.4052414204220642,-1.3985477486794253,-1.406422109718648,-1.3271667780717282,-1.1939556763573032,-1.0189008086512619,-0.9153242519180592,-0.7989445153316707,-0.5730826243477952,-0.3556364218608795,-0.11557862931520119,-0.004651517827969926,0.09393269753728598,0.02647603372945746,0.020462212558014822,0
0,0.09987545637312253,0.15799221225044197,0.26383285861442063,0.22143861460324532,0.12641934614474784,-0.10281258225639088,-0.3262455242705858,-0.5586110123559149,-0.69457805068878,-0.8065454230948834,-0.985333856924556,-1.1280809838308203,-1.1999538880095415,-1.1860509355213749,-1.16891825773842,-1.2486624680143765,-1.2507838714163597,-1.2149837680450388,-1.16529097086052,-1.1382758285849754,-0.9802125520264198,-0.8177940866679704,-0.6727275582707053,-0.4734718024434761,-0.37609714574303127,-0.3347085437190413,-0.3204434877029856,-0.3647985990691266,-0.5360903724343787,-0.7858766563140628,-0.9319759990068411,-1.1218870063447641,-1.2987591280292077,-1.429013538761709,-1.496393866065995,-1.454973372343166,-1.392691708410446,-1.3173574011341702,-1.1353733921118128,-0.8539382803670599,-0.6456698562859362,-0.40951231943109745,-0.1309641743570164,0.13463241909260606,0.38000028387925994,0.6763870130160426,0.8503685859430572,0.9847311918895354,1.0458332668147396,1.018439702222852,0.9274413467649919,0.7676745673856779,0.5734744476274632,0.268648322593249,0.023014988250555146,-0.22359269384511465,-0.47519509424765743,-0.6813370877459842,-0.8621714661125235,-1.1076830947736571,-1.266552852309953,-1.3313228552585061,-1.3912556310857473,-1.4488884525722658,-1.3938239408058553,-1.2693201941017955,-1.09378902768961,-0.9061378278709851,-0.7666440667204193,-0.5365623989755457,-0.3677463280362014,-0.32086201286512894,-0.33186987398239315,-0.39649315502917853,-0.5245545061153446,-0.7256403506722875,-0.8613097948376828,-1.0384386081467625,-1.1990885040557568,-1.2102025062392676,-1.256137665186161,-1.309243550891495,-1.3091606815930112,-1.2424665529384271,-1.267113309283827,-1.3017270387350781,-1.2447962421064056,-1.1346977360434154,-0.9809026055357036,-0.9012867625281393,-0.8068495553425108,-0.5946104327940936,-0.38820661186789907,-0.1693632228904726,-0.06296722565166532,0.030248925616148076,-0.010617505955670814,0.004014739399855789,0
0,0.08849284824792207,0.12707163420523,0.20851464507396242,0.16233620950080002,0.07625901354473362,-0.12370488947413483,-0.3236769624614225,-0.5327701166546284,-0.6457349149950544,-0.7361663274172009,-0.8980002647002295,-1.0166164053913103,-1.0599511277755405,-1.0270141806927673,-0.9918978041689236,-1.050434790525066,-1.030096175627807,-0.9813807055251564,-0.9398654617718356,-0.9433756247064407,-0.8177940866679914,-0.6897108150181037,-0.5897120276136602,-0.4552167051275837,-0.43039204691308813,-0.463833763182134,-0.5083415120401734,-0.6085552674116307,-0.8340916648931268,-1.124789440490696,-1.31584838123756,-1.542138567138165,-1.7519708079389706,-1.9177296475043222,-2.0082288231641683,-1.9922521616351452,-1.958629959997357,-1.9030136291386137,-1.7380956498945312,-1.4559777463513437,-1.2650400352627864,-1.0461964612967078,-0.7768870832379111,-0.5221739241759582,-0.2801325221398612,0.004588117751765326,0.18383569130510302,0.31892769710103136,0.378911413531185,0.3509877777362934,0.25908234456879753,0.09945698958626667,-0.10130349322471476,-0.3953851585651088,-0.6374297475909684,-0.8690247324960673,-1.1045382268395343,-1.2897476518394317,-1.4486834099026207,-1.6927808018697117,-1.8314279374575986,-1.8728365774705658,-1.902182246685708,-1.9310049718889633,-1.8565565234313,-1.703647366707419,-1.5004115540394591,-1.2785302212450083,-1.0976821781065829,-0.8294531248641485,-0.6105138003063,-0.5100244766860537,-0.46660847431129776,-0.45961356044182644,-0.5172045069508027,-0.65267979844708,-0.7410946293680036,-0.8816123669800977,-1.0062185625234874,-0.9837452256254609,-1.0188985266243813,-1.0796861312530948,-1.1012522373946934,-1.052902178796436,-1.0972488231800437,-1.1539109394435743,-1.1250274219715417,-1.0358370404136306,-0.8965969643831085,-0.8367556009806622,-0.7646158546771018,-0.5756938427324986,-0.3965518687354133,-0.21113156879949108,-0.11653205593698691,-0.02171133729477535,-0.040027274085221325,-0.007251015451891261,0
0,0.07669290055167208,0.09566265434188358,0.16729180479002045,0.13300946556053456,0.06972191125829598,-0.09048113567415508,-0.2637749877187161,-0.43510996923213835,-0.5203875887916086,-0.5994882352148384,-0.7469604069741727,-0.8548441150343115,-0.887795383678757,-0.8355162784034554,-0.7876082370182058,-0.838780917916179,-0.8023130932448314,-0.7463471102681497,-0.7164099621316011,-0.7501465851552915,-0.6727275582707516,-0.5897120276136373,-0.552402041139423,-0.497262731796805,-0.5395346425973938,-0.6468262519299645,-0.7450722064992186,-0.8915180740098861,-1.1617985657599499,-1.4852164011837448,-1.7163225947929346,-1.9765565100360505,-2.213463016789022,-2.4115896473609046,-2.533089078830921,-2.550270831724665,-2.5477621953143386,-2.510066607952307,-2.3618244047079555,-2.083791352401563,-1.904193563578478,-1.699385929641537,-1.4437548442504142,-1.217238113895556,-0.9997099802756113,-0.732397239103173,-0.5562786913572159,-0.4270474474231793,-0.3718912874255056,-0.3998202113054753,-0.4896870713248294,-0.643127825266453,-0.840541664883228,-1.1170300261210402,-1.3341834438074283,-1.5365300007574214,-1.7517189802755353,-1.918570698257641,-2.0615937986983313,-2.298858546504028,-2.4190735293383447,-2.4387210989641024,-2.4354842513912582,-2.4308608046710436,-2.3287005741820157,-2.149410419411039,-1.9242910462023919,-1.6721929604291108,-1.4558003941063922,-1.1571310902384166,-0.8972933389762104,-0.7512123269092592,-0.6556442405347213,-0.5752935098725048,-0.5646217991063026,-0.6186575037960066,-0.639433426721045,-0.7310069921422768,-0.8026611704337299,-0.745451349865545,-0.7662689335680142,-0.8311159473021992,-0.8710970244797066,-0.8317461381424329,-0.8932436793959143,-0.9742920858702852,-0.9587267628738986,-0.8801889906351271,-0.7548400289157304,-0.7062238125811621,-0.6629561803179645,-0.5117277523906568,-0.3610555617841447,-0.2179131166220719,-0.14608888459930572,-0.06427240848976613,-0.0739326054873834,-0.020634033057267156,0
0,0.06286397455351811,0.06690338955557446,0.13149776698065738,0.11359770881163547,0.07758917035524125,-0.03370307801496127,-0.17193780840367118,-0.3017518441863532,-0.35091016759965477,-0.40220098184899256,-0.515669209504001,-0.5981186533732255,-0.6021236758209205,-0.520763493167798,-0.45466297453278465,-0.4993071774566429,-0.46422610334129993,-0.41389226765781034,-0.4104808812488255,-0.4911061225488586,-0.47347180244344467,-0.4552167051275968,-0.4972627317967734,-0.5278121710605144,-0.6496618995734749,-0.839918504738341,-0.9901784541096972,-1.184259352251061,-1.4942198225690648,-1.8356212455514123,-2.0882067485233824,-2.3594579372437807,-2.6115268899990682,-2.835124819619575,-2.9743781777631195,-3.0152896525446646,-3.0219180778185986,-2.989204635863001,-2.8522530077155803,-2.5743951164585646,-2.4158548719380675,-2.2314916137720315,-1.9973544994284547,-1.8153563928568182,-1.6277347179104242,-1.3920437525772975,-1.240582508986487,-1.125231608461403,-1.073969720277044,-1.103260502683495,-1.1939442753526068,-1.3360130211321875,-1.5112369732772835,-1.7553932117057127,-1.9409846025117066,-2.0976813387149154,-2.2848648268283944,-2.4266899434658686,-2.5430924596082027,-2.775139328013859,-2.8802820404616294,-2.8896657305274327,-2.8725559510774548,-2.842794570774585,-2.7245721999122643,-2.524778562228176,-2.2926298772528395,-2.03651700557685,-1.8028254651629825,-1.4880694457356083,-1.1935791628268264,-1.0031023415729583,-0.8575370806444366,-0.6943412089658163,-0.6040205464460712,-0.57168222939964,-0.5073907179244115,-0.5303961578340755,-0.5373344246540506,-0.4267995725147841,-0.41685615028190554,-0.4730977501946849,-0.5123474982947994,-0.4822739304892416,-0.5662994615176944,-0.6805358622284833,-0.6965996688974522,-0.6446494763255419,-0.5496501561550569,-0.5250433084294566,-0.5190422738984212,-0.40946641558408997,-0.2940943384690514,-0.2013351061114242,-0.15915483212924866,-0.09681391391448581,-0.10130674224262873,-0.03396114180593464,0
0,0.059476853518357395,0.04943604072927643,0.11100933558886833,0.11074335244904626,0.08400438384781121,-0.0035740591390085556,-0.11052280325678188,-0.20722246352635987,-0.21794172737538922,-0.24221786684375424,-0.325557135048709,-0.38913768529441617,-0.3671083491275908,-0.27420108556182954,-0.19051850797916187,-0.22052480348014752,-0.19403783182470563,-0.1616733587615502,-0.18930015155978466,-0.3319446881214075,-0.37609714574299385,-0.43039204691299393,-0.5395346425973754,-0.6496618995733833,-0.829259851310681,-1.0659851604892492,-1.2515372121063373,-1.4807771064017017,-1.8209923280521763,-2.1839095691930566,-2.45727290731408,-2.73391439056833,-2.995228099148185,-3.2322739697511533,-3.390830647450865,-3.459990423302804,-3.4803280826286946,-3.455120506168114,-3.3311693173576553,-3.0557892647403833,-2.9175918540131747,-2.7503204331311837,-2.5457754693889454,-2.402085574194697,-2.253955909977007,-2.059105447671154,-1.9316087095148475,-1.8237470988918394,-1.7773075016521513,-1.8080311061169982,-1.8967792372295507,-2.0320172440583946,-2.1856215824919203,-2.3881432238727625,-2.533907078264916,-2.6490627485431166,-2.8001470748281565,-2.9203875541885815,-3.0129334977487203,-3.2397343323986676,-3.3306971996212504,-3.328276065689346,-3.2948530779002243,-3.2348930944867598,-3.1001606878640398,-2.891368935568086,-2.655774287110431,-2.3992815449869926,-2.1481185586390663,-1.8150047249079653,-1.495363548450322,-1.2716686672092175,-1.0955329479123737,-0.8856627646054759,-0.7372095128324838,-0.6243430059471297,-0.489486872624165,-0.43826031028054113,-0.38064896548113064,-0.20466332597155354,-0.1629887155799286,-0.19921336467587175,-0.23051342810639625,-0.2148730889000304,-0.31686831906506385,-0.4429061928671102,-0.4839350210574959,-0.4482409928647093,-0.3788037964936081,-0.37680343874597205,-0.40831322529607433,-0.3303636456861246,-0.24611677278286367,-0.17671684774202392,-0.14531932589337235,-0.10388914752412408,-0.10935154143440878,-0.032905731637542304,0
0,0.05411360184497818,0.03294291588409559,0.09429190502656437,0.10254717891817791,0.07905345706821852,0.026323053996470978,-0.04704755788980472,-0.11533776675026307,-0.09500370598991549,-0.10032511020290315,-0.15779343746251698,-0.20327630185618986,-0.16452910319209155,-0.058971052228555934,0.03589243249844122,0.010921267288618619,0.028587923289281916,0.039223644562179645,-0.019659560879019263,-0.22122553623260227,-0.33470854371899017,-0.4638337631820488,-0.6468262519298847,-0.8399185047382306,-1.0659851604892074,-1.3589331994438432,-1.592085307095538,-1.8606355608868266,-2.230397771476896,-2.612893401579479,-2.904196586903569,-3.1921209266746624,-3.46151121086143,-3.7031387246009384,-3.8777392827099013,-3.962440226773247,-3.9785251789017906,-3.9444924695915122,-3.8124994281592763,-3.5063647668160427,-3.3654276319192196,-3.19864399355797,-3.0005358729785354,-2.871099799051415,-2.7500424294607133,-2.5727873177976304,-2.4590906128306873,-2.355483705300751,-2.312597735983987,-2.346507233956637,-2.4379966234878943,-2.5734623914025674,-2.717510800917413,-2.902471767099026,-3.0209285691371597,-3.1194276097726568,-3.2587445508884105,-3.3740953217039236,-3.466143653192659,-3.7199071224024127,-3.814450311860979,-3.813587958055927,-3.7810431226443684,-3.7029967196730507,-3.5542953371447523,-3.3434759251769117,-3.104359599795201,-2.8392057285116876,-2.5718530066869327,-2.220152861063357,-1.873390675311235,-1.6111478212061852,-1.389616699930891,-1.1191609111763703,-0.9229094471826839,-0.7259696984441588,-0.5153587882701235,-0.39043589803348083,-0.26365655062730875,-0.02695792293884728,0.046579438510424474,0.03240545587537818,0.007818649508032485,0.016990290812169333,-0.09942979711698673,-0.23933786276423547,-0.29826942426370073,-0.27833803380106914,-0.23195745049251634,-0.2456066357789885,-0.30595506713949955,-0.25445537688044806,-0.20362905223879357,-0.16750783655400253,-0.14022956042794477,-0.109502260937737,-0.11883901844663836,-0.03524515042192279,0
0,0.04613775632903069,0.023558006792443204,0.08553390132286925,0.09962437116524743,0.07739941643136014,0.0529235415156563,0.003275316683765124,-0.03655318876848699,0.00014527713588101727,0.006648329175728575,-0.029233842737733134,-0.05854516854544766,-0.019070011338166146,0.09444294934880568,0.18619817247131593,0.15711360405526373,0.1687883082165109,0.16015098906760894,0.07655358824789263,-0.1555784113233532,-0.3204434877029581,-0.5083415120401041,-0.7450722064991713,-0.9901784541096457,-1.2515372121062815,-1.5920853070954986,-1.8605838665171968,-2.1642287086947647,-2.5600188735767513,-2.962772597755142,-3.284673778273423,-3.5887577550492082,-3.8716981207925647,-4.142606946378399,-4.336063281214943,-4.451200606617356,-4.494557740326065,-4.471906855091271,-4.3605388598018004,-4.061725966860381,-3.940525606068803,-3.7946810547051064,-3.6277714795271603,-3.5330632486466076,-3.442256622178996,-3.2993110763612163,-3.2117536141725593,-3.1180063478912765,-3.080508326568496,-3.118393565594203,-3.2115740423122605,-3.342018801835875,-3.465517741957997,-3.618297625309264,-3.7051893219034713,-3.76649735646661,-3.8677620927795084,-3.9558183161556104,-4.021715272301036,-4.261762332356204,-4.328802204319718,-4.308188910631104,-4.2423156679462855,-4.130975451002287,-3.9635669781300464,-3.7264715611453583,-3.4795920724046074,-3.199698298875587,-2.9041168043430092,-2.536306596899597,-2.168140787125521,-1.8728525285493955,-1.6200142999369718,-1.3032432791128317,-1.0740761874096598,-0.8269862678687316,-0.5630590185605777,-0.3809495723852806,-0.20295144236824939,0.06438416268663087,0.16221227259884957,0.16799499038782723,0.1481500897744163,0.15890789810969708,0.04352698988525892,-0.10474554734363714,-0.16247040033344742,-0.15287332215239757,-0.12294313028143308,-0.14377775283247132,-0.2158065571782689,-0.1877734809853828,-0.15972151027048276,-0.15058283561511374,-0.12781579956332959,-0.10556342493520517,-0.11943140713500931,-0.039806687376768284,0
0,0.05080468970691452,0.03814756904025722,0.09869097170711859,0.11182633206994681,0.09310822310119654,0.09330083353780264,0.06893166845548537,0.046968298692623055,0.09869115131952616,0.12315635667000067,0.10300379453569564,0.08902724542153378,0.1260249478702959,0.22574257906751385,0.30399128308022155,0.26341055318796974,0.2719411696311485,0.2342790388392973,0.11292683476883174,-0.15197108768712972,-0.3647985990691782,-0.6085552674115722,-0.8915180740099112,-1.1842593522510043,-1.4807771064016941,-1.8606355608868035,-2.1642287086947496,-2.4899698042371132,-2.9154982697486895,-3.34586504598102,-3.6936609636876603,-4.018253970965737,-4.315255106930131,-4.612730634632301,-4.84068085335415,-4.983949808647859,-5.054304280342667,-5.051198477137433,-4.966032325576326,-4.698609823358445,-4.6048032082206936,-4.477997734313579,-4.3293887861917835,-4.2666487461681575,-4.211579846337085,-4.105713514081075,-4.050384563331824,-3.982292464951258,-3.950427861639302,-3.99258137103879,-4.087562658410632,-4.197513185241328,-4.296490006639852,-4.414403336597175,-4.465686092339383,-4.494035474062105,-4.570744390740033,-4.633766073912873,-4.665079246589602,-4.867052596500667,-4.902712978702835,-4.853460315268893,-4.751362108106749,-4.607655459519719,-4.403063947186414,-4.139131043611076,-3.8797002132489515,-3.5776641748046782,-3.2577544388656516,-2.865666547802403,-2.471961054784064,-2.158399640598918,-1.8768143486473472,-1.5218407310529918,-1.2590281262510699,-0.9675697092514092,-0.6597263625755019,-0.4236037939307068,-0.20087781178157219,0.0968373614061617,0.22856411439664984,0.26184797039380836,0.24393033177429302,0.2630237858105039,0.15940663443944578,0.026077771777565286,-0.02501226697460133,-0.024801917240622792,-0.006089725020964572,-0.04074250792687148,-0.12371500776214032,-0.10813424911529301,-0.10225096326241918,-0.11541693782803615,-0.09650968294138511,-0.07641918466857665,-0.09427289556696153,-0.028376516306694455,0
0,0.08017543774690648,0.08420988447825574,0.15347243041703765,0.16419947559153417,0.14537466514981226,0.16757371735625617,0.16101723578051547,0.15323884070387306,0.21140657786956213,0.23784444868920493,0.2187932966231692,0.2102616389748855,0.23695312822451184,0.3114638507988273,0.35647967634867855,0.2926273841481854,0.2872206517644911,0.2177696084746474,0.05386456170311505,-0.2608795934231273,-0.5360903724344598,-0.8340916648930728,-1.161798565759987,-1.4942198225691454,-1.820992328052169,-2.230397771476921,-2.560018873576738,-2.9154982697487006,-3.3746345150447743,-3.8310611953625235,-4.201302637956077,-4.550185066876661,-4.872124096686198,-5.194637279756574,-5.453650896648826,-5.6254876337431154,-5.725727966146522,-5.744607363888423,-5.675716952279631,-5.422755920629321,-5.3337008598927005,-5.219782149609142,-5.091090376595202,-5.0525182665523936,-5.0228663255128465,-4.949065722020486,-4.923072796024311,-4.873079053571069,-4.843254311183677,-4.888503590144345,-4.987888712579734,-5.085172182241313,-5.159368629339233,-5.246552536999008,-5.273456337468266,-5.2773607186794385,-5.3314105728950585,-5.378972021019898,-5.401195222390668,-5.58603848224928,-5.601549875564367,-5.5240741429881055,-5.38503723573011,-5.208286551187028,-4.970421355861142,-4.676971397986682,-4.389972867646538,-4.062550420566809,-3.721018070815353,-3.3030225962305875,-2.8749009297473074,-2.5302530296517842,-2.2231486818155903,-1.8372511969214584,-1.5433385009030198,-1.2153741405214509,-0.8650590940206265,-0.5763329409606396,-0.29439211350616507,0.047934212380993116,0.2149148166634107,0.27517147592660834,0.2660448999260826,0.30164997324127696,0.22566363205747703,0.11930098429978224,0.08072018238242262,0.07794943234897599,0.09871887193872211,0.06679706737179658,-0.01678224659262803,-0.008449123039263188,-0.014319685813711262,-0.046204058716636694,-0.02614705283237568,-0.007537952739246412,-0.038673174731461694,0.005947618198638706,0
0,0.09700099418818475,0.10719194402820982,0.17622408004800932,0.17589837089772103,0.15187175881909784,0.19200003788623518,0.19633968341363997,0.19814757965001858,0.25350951553434226,0.27135634119092084,0.2546047857678677,0.23882706014093946,0.24243397567821584,0.2881901036267788,0.30664262086658434,0.2249775442864402,0.2041335544103715,0.09600788221329938,-0.10791816588642798,-0.4611948228756346,-0.7858766563141134,-1.1247894404907337,-1.4852164011838112,-1.8356212455514351,-2.1839095691930663,-2.6128934015795275,-2.962772597755188,-3.345865045981028,-3.8310611953625173,-4.3184018982653285,-4.719811479444453,-5.093823540550254,-5.4368198418394975,-5.785545690601488,-6.083834544214121,-6.296436156636201,-6.432766861593659,-6.477521521906884,-6.436344608602225,-6.212683586343276,-6.148367150197267,-6.0625346306144685,-5.964291930379688,-5.9635701694659335,-5.951351436622011,-5.901877937504368,-5.893323099031165,-5.852858543604856,-5.8234137314354575,-5.87074252267762,-5.974706991383162,-6.064159874331381,-6.1228799305547,-6.186963668648049,-6.197108360354798,-6.162901315783304,-6.185876219560793,-6.205239903176465,-6.20187098650419,-6.358142692282529,-6.343468838211188,-6.237942663296629,-6.05853639356084,-5.835401289090597,-5.5546316699062475,-5.229628163005249,-4.917310312334289,-4.561286802426368,-4.188236841519629,-3.737452032541917,-3.2812839235261166,-2.9080419194181304,-2.579340813774852,-2.1728488716475427,-1.856836457407623,-1.5134761906084144,-1.1360872722461803,-0.8122611514125044,-0.48746154220823035,-0.11268291040151857,0.08739779944334204,0.1788447527182503,0.17880113098281444,0.2282011403799664,0.17689018043389546,0.10467951829959618,0.09494931113548112,0.10364509325393235,0.12718596135726906,0.11072538633842717,0.037171657599030496,0.04331712896511437,0.03539536331932857,-0.009868144809888508,0.015315700995969718,0.0398346544985578,0.0006203619405032901,0.030684247044046604,0
0,0.105143306901496,0.1321429592765432,0.20699003510778866,0.20226891523161675,0.18054791695349973,0.2396858444812808,0.25923241609542297,0.276405198727159,0.33403497082097194,0.3547367818735292,0.3381055038483306,0.3174306041147476,0.3073806245599316,0.33844613456729067,0.3311164862847424,0.23799016711730045,0.19766054065764949,0.0609717715952954,-0.18127105065348545,-0.5715198453989915,-0.9319759990068859,-1.315848381237641,-1.7163225947930054,-2.0882067485233926,-2.4572729073142066,-2.904196586903719,-3.2846737782734214,-3.6936609636876816,-4.201302637956092,-4.719811479444397,-5.146618919903883,-5.548300183130194,-5.922253563770463,-6.306918232052886,-6.641942495982126,-6.890659251133628,-7.059768514497073,-7.126579067181568,-7.113801183957125,-6.9282666166486075,-6.898834093200398,-6.837301896629938,-6.762486783202253,-6.788926567426025,-6.8031447248235954,-6.7802994395389025,-6.787891102697791,-6.766144986338,-6.745194321110775,-6.794616419817324,-6.894049846876466,-6.9689427016585626,-7.015621783663445,-7.05629537767165,-7.040563550941369,-6.97969702420503,-6.977348109360321,-6.969279251848676,-6.928135511444992,-7.04600882080782,-7.00172554982726,-6.869838897452472,-6.652691011356243,-6.390260575628008,-6.0705007628137375,-5.7061518748885955,-5.359403783193493,-4.972951184892602,-4.573299910350836,-4.089044838609515,-3.608411606724717,-3.2085745663632217,-2.8478788931063295,-2.4205860399649914,-2.080044548911385,-1.7148670556255483,-1.3005906383812311,-0.9357167147448876,-0.5804398216204376,-0.17638772853998974,0.05361232423470476,0.16960748762262182,0.18368758837314564,0.2394507250947199,0.21089933282049952,0.15571752658779936,0.163428371983543,0.17993841320072096,0.20708942394937394,0.19443948333187486,0.12484926126373279,0.12144236419272486,0.10431230799967031,0.04426089318070842,0.06809131925102023,0.09426685211078246,0.04408098271031135,0.04892889105292291,0
0,0.09221847826640123,0.1185726767701559,0.18783147569987166,0.1811696849840856,0.15548729682982132,0.21424415152171072,0.2443306172918062,0.274882377393107,0.33178142081101686,0.35932810488566025,0.34924753911180717,0.3311063519776438,0.3128882847686657,0.3247499246124974,0.2988915798959399,0.19130252346329946,0.12068850248853626,-0.04129495406066088,-0.3129493518241863,-0.7273018612930859,-1.121887006344749,-1.5421385671381758,-1.9765565100360485,-2.3594579372438305,-2.733914390568504,-3.1921209266748005,-3.5887577550491785,-4.018253970965756,-4.550185066876701,-5.093823540550314,-5.548300183130186,-5.975826509513239,-6.389168480120232,-6.808841634008829,-7.1786036892884955,-7.465572502396863,-7.661060982827049,-7.758776943111269,-7.778331489074343,-7.631165437469364,-7.624822950814738,-7.585094266429806,-7.5284277038995855,-7.577794323163472,-7.6069450486085115,-7.590627065988862,-7.612147632158007,-7.60460646787182,-7.5859715074125225,-7.637149833873315,-7.738143833245437,-7.804748923363844,-7.84243671187063,-7.879442373451768,-7.848639036029794,-7.765063640107367,-7.743738913381345,-7.711136503908569,-7.644499133792289,-7.722729371520391,-7.644807014793514,-7.480782759069809,-7.234395795315681,-6.931592601619866,-6.571966058526865,-6.167886353671141,-5.778279026690844,-5.362422210220085,-4.9314870700501885,-4.4190568316650305,-3.9105605975235744,-3.489727722953539,-3.1114261193092854,-2.6699755702766983,-2.321815942519485,-1.9453110301521526,-1.501145989013667,-1.1041510158106769,-0.7209581237005,-0.30177819358541264,-0.050228872097995154,0.0849839466132748,0.12522477434849852,0.19145726466469243,0.1806318438498572,0.1479381940354118,0.16840756443749297,0.18885914925024816,0.2151427402119325,0.20192188453173143,0.14111249404944914,0.1287398875088386,0.10489433816684479,0.04837246895829372,0.07647394930772435,0.10186117129832958,0.05085954288217789,0.04737536568855264,0
0,0.07157793643787129,0.0975644912333355,0.16646072494493194,0.15892633894633434,0.12696715074051948,0.18514016076898868,0.22725320365682858,0.26017699928671717,0.3208490360358086,0.3523929975609443,0.34900726448841274,0.33746190898846684,0.31692122630602976,0.30390448310690255,0.2520872519431614,0.1303095161722226,0.031886988966674426,-0.15490429733186875,-0.45476145621600556,-0.8822699719897348,-1.2987591280292659,-1.7519708079390592,-2.213463016789047,-2.6115268899990736,-2.9952280991481905,-3.46151121086151,-3.8716981207925714,-4.315255106930215,-4.872124096686235,-5.4368198418395774,-5.922253563770465,-6.389168480120287,-6.839880356662664,-7.285795152468031,-7.688495372432312,-8.010667488238832,-8.233417216797378,-8.367502083149155,-8.411245905916555,-8.303722502038873,-8.31401728480922,-8.289042019872495,-8.245840823759847,-8.308700183844264,-8.34788064101894,-8.338537956026903,-8.379972531839044,-8.388663194951569,-8.372613833266062,-8.42524819395022,-8.528081587157923,-8.58539152045541,-8.607506390630684,-8.640189370623442,-8.599505457390682,-8.503096204386777,-8.468308172544445,-8.417306909552929,-8.331169852702143,-8.36710148997021,-8.263592891180329,-8.0618508264857,-7.784806615207023,-7.444714249433872,-7.048295634001875,-6.614887252734883,-6.184020013940626,-5.7288035919570435,-5.264759115355471,-4.728143419089796,-4.19262860903796,-3.75788307741943,-3.3638857112586735,-2.910545876226232,-2.5483494707343417,-2.1564273680725066,-1.6879830699468734,-1.2605500402526457,-0.8616712493081732,-0.43945892945929577,-0.16882507736121213,-0.016906542301545133,0.04849353904923251,0.12625644020792764,0.14006736159637306,0.13469574997385816,0.1619893908526937,0.18153360149667885,0.20855953700273255,0.20074537752464464,0.14609713721368778,0.1371774102636486,0.1082142502617079,0.056556817112577824,0.093202668009185,0.11545033025826006,0.056181754016825784,0.041791428426854134,0
0,0.0620861404844077,0.09065272942577186,0.16985447117958752,0.17504938022597197,0.14555005928254963,0.19690565478903677,0.2585747368577318,0.29952485594819445,0.36421353605961254,0.39593456074089745,0.40579493697204677,0.39577728904291243,0.36869533648890573,0.33102365445301185,0.25505518113624465,0.11335655788378043,-0.014166632618118472,-0.22562360356862682,-0.5472205479570698,-0.9947210814115943,-1.429013538761782,-1.917729647504418,-2.411589647360934,-2.835124819619593,-3.23227396975118,-3.703138724600943,-4.142606946378312,-4.6127306346323875,-5.194637279756695,-5.785545690601532,-6.306918232052869,-6.808841634008894,-7.285795152468032,-7.751566055813342,-8.170663426139368,-8.514844590645048,-8.760006120198963,-8.914136492431277,-8.975612854823085,-8.890856573709724,-8.908062862237864,-8.881794162773192,-8.84620916262539,-8.907528886264585,-8.946701766485317,-8.943190447925499,-8.991507209632232,-9.007847905340569,-8.989968437384498,-9.042726538421705,-9.149514276501653,-9.204089963021893,-9.223055726592529,-9.25452653606464,-9.214613288114819,-9.118781817441063,-9.079442542445,-9.028189295540347,-8.935091848237787,-8.948740682784317,-8.827001916908266,-8.602345233814875,-8.300762725960693,-7.934845455882117,-7.517319626757688,-7.060874159384679,-6.599102428395329,-6.107560533225932,-5.6053217874282355,-5.0397873529436445,-4.477894843858411,-4.016420597839076,-3.590925202958399,-3.1302378195874834,-2.7483468740699046,-2.328570495402854,-1.8316853927730166,-1.3715051092200647,-0.9611682394116517,-0.5275573600388772,-0.2420667036600356,-0.0692943086078891,0.02158407225540172,0.11764866569379581,0.15703467217617167,0.1786393028840934,0.21632009636577132,0.2386851192450041,0.25714547693696194,0.25511692946788816,0.20433595132354715,0.19324336343615411,0.1513609078304663,0.11157050447943752,0.14800354107224184,0.15311837131188774,0.07585772631708354,0.04739820403941666,0
0,0.05221078792321515,0.09002704522880085,0.1812196579410199,0.1949994174608077,0.17608451768836697,0.22967877594639233,0.3064547413977401,0.3588720288081949,0.4352958291567918,0.48202979391034084,0.49559557241858987,0.4848434879451027,0.4559085294241827,0.3969583027632756,0.3011022549948397,0.1471643297804383,-0.0020767901935453323,-0.2353877257347934,-0.5838831766864894,-1.0435310739548707,-1.4963938660660396,-2.0082288231643,-2.5330890788309888,-2.974378177763146,-3.3908306474508874,-3.877739282710026,-4.336063281214995,-4.840680853354268,-5.453650896648916,-6.083834544214222,-6.641942495982191,-7.178603689288588,-7.6884953724324445,-8.170663426139372,-8.605019249151031,-8.973580080130422,-9.247677124791913,-9.4279092624444,-9.504371680005523,-9.442200995538652,-9.467278325264536,-9.448987025332166,-9.423520335962232,-9.482977013177091,-9.512185778409547,-9.494127309591535,-9.545314431034404,-9.560621823256641,-9.54012301345137,-9.592231478827257,-9.699926424015343,-9.756622689387129,-9.773843691463153,-9.823640212806819,-9.793149433303865,-9.697648903629894,-9.652364873539312,-9.59523178763253,-9.497860028994769,-9.493983770598739,-9.35903520641184,-9.108869409126543,-8.778028963759795,-8.38323205068056,-7.945425611196909,-7.468186675740013,-6.968722162249731,-6.439694568439552,-5.897831296337543,-5.2908787042309005,-4.695744277389379,-4.200709274749121,-3.753688564242362,-3.2751133018281386,-2.869931284825747,-2.4301903578797437,-1.9059511700831384,-1.4265117367360167,-1.002716976202688,-0.5654452687768162,-0.2558072774314401,-0.0628904298506287,0.04813753991881743,0.15704309620273213,0.21837758418387934,0.2677346723290295,0.3121968588735208,0.33869765847079725,0.3555443716740584,0.3410429979215212,0.2829256274887248,0.26266613796504246,0.21188772831512917,0.17381122058917747,0.20058337673384397,0.19264544789344107,0.09698923489320971,0.05049015698605146,0
0,0.04236433998347113,0.08525437021486833,0.18963066080054572,0.2135582544492922,0.20837995356989916,0.2651805845328864,0.3650042642700246,0.4389903088014698,0.5306284229383179,0.6053358302825582,0.625133168860446,0.622182140357919,0.5926406055749847,0.5244283711289007,0.41562136707680125,0.25617862750107834,0.09051895265815747,-0.1609599198958859,-0.5270477950518093,-0.9884878055617874,-1.4549733723432134,-1.9922521616351574,-2.5502708317246827,-3.015289652544697,-3.459990423302871,-3.9624402267733037,-4.4512006066173235,-4.983949808647951,-5.625487633743179,-6.2964361566362514,-6.890659251133661,-7.46557250239699,-8.010667488238962,-8.514844590645072,-8.973580080130466,-9.36931682632644,-9.676656774552564,-9.884011545983386,-9.976519506527818,-9.953766312703989,-9.985718049362198,-9.967146495393182,-9.950004570189074,-10.002556536514303,-10.023168186927728,-9.996395118371174,-10.049114196192788,-10.071264936312625,-10.060560864750514,-10.112897820984157,-10.209415867896807,-10.26170039909661,-10.277285126712705,-10.337263801111801,-10.314293456543774,-10.225089035785107,-10.174660393445984,-10.11892911401458,-10.017752739078398,-9.977873967160956,-9.828136218884643,-9.552511863158982,-9.18863282942257,-8.764714020699943,-8.298589626787678,-7.796651667731278,-7.259616557949937,-6.693584625458645,-6.1137657482322085,-5.465678582828174,-4.840130234171874,-4.316431961481898,-3.834803308663168,-3.3358972716030504,-2.8974011610495296,-2.430398577560979,-1.8727988755878173,-1.367450554319615,-0.933432092305787,-0.5012252017198155,-0.17791313834409533,0.030957895560667345,0.1577094061873005,0.2722236182550465,0.3476409362427928,0.40926222019828556,0.4567997669849716,0.4764508029293647,0.48995313059953377,0.451058471070846,0.3818148780453664,0.34293262809327574,0.2743048625862049,0.23692084820218645,0.25004142605902185,0.22863411491767846,0.11485780156918683,0.05400659513937679,0
0,0.03505872527454327,0.09273689797116104,0.21253151493187303,0.2514400812218774,0.26758569006590055,0.3271012023741104,0.45336727902759116,0.5507753127371287,0.6574290911983981,0.7599496754688099,0.7935452247638667,0.7964893326578303,0.7605647689734806,0.6735989998313323,0.550805717200118,0.37887098080672893,0.18838906932018643,-0.08060998823053722,-0.4542472058304233,-0.9117440217125877,-1.3926917084105193,-1.9586299599973378,-2.5477621953143417,-3.0219180778186168,-3.48032808262881,-3.978525178901827,-4.4945577403261145,-5.054304280342695,-5.725727966146502,-6.432766861593601,-7.059768514497102,-7.6610609828271325,-8.23341721679741,-8.760006120198963,-9.24767712479189,-9.67665677455257,-10.011199759277407,-10.261020899246173,-10.385254606235893,-10.407663063347698,-10.44650769638504,-10.43924353914398,-10.422676575806129,-10.474236956888847,-10.487770209916748,-10.455043857464249,-10.496052848095012,-10.510103018635519,-10.493112624642063,-10.543809864610763,-10.645318531071236,-10.707680224222393,-10.733124074751837,-10.798856194555524,-10.782154513125766,-10.693954605887102,-10.648938012978528,-10.585648049800074,-10.481773822503486,-10.401164155252019,-10.221566886878833,-9.908954428318498,-9.52009299201836,-9.06262611373394,-8.561367090408234,-8.033154208837086,-7.464515262881142,-6.871825739407396,-6.2563556239867335,-5.56981131438657,-4.9114641482927395,-4.360415116868085,-3.8463122508236838,-3.3470510334373382,-2.8904106486372028,-2.4122521435202393,-1.825462162053716,-1.2910906382385507,-0.8443502433068477,-0.4195591855833388,-0.08955137702122645,0.13475888963184754,0.2866649527109667,0.41346827194994895,0.5071899555935955,0.5912350949339793,0.6490174975392027,0.6640878708950688,0.667166235239118,0.6026545952832757,0.5218360387904107,0.461302998857049,0.36894763061072355,0.32950121377123576,0.31837094936774624,0.27674042668756355,0.14208276392786343,0.057399298184484485,0
0,0.03815862542601949,0.12678788469818195,0.2678339637921248,0.3228168422167956,0.36372371330847436,0.4257725486803634,0.5688952722098257,0.6885195566530379,0.814826910635918,0.9322108876646915,0.9651377679732329,0.9633320428743579,0.9170442665762942,0.8129837420535851,0.6736691225994619,0.4861715508262769,0.2811038840413463,0.005974202621126808,-0.3774791892774062,-0.8265001489271144,-1.3173574011341733,-1.9030136291385575,-2.5100666079523055,-2.9892046358630213,-3.4551205061682015,-3.9444924695915655,-4.471906855091257,-5.051198477137543,-5.744607363888401,-6.47752152190683,-7.126579067181608,-7.75877694311135,-8.367502083149176,-8.914136492431266,-9.427909262444382,-9.88401154598333,-10.261020899246185,-10.56398606440138,-10.718910053269502,-10.787648485846429,-10.836136776521545,-10.84866389876967,-10.846238144937782,-10.896398646615747,-10.911261724459715,-10.875234565522861,-10.917251526081863,-10.929145839195511,-10.903162137447602,-10.950889688195774,-11.057096819613749,-11.121629105451348,-11.143689707581363,-11.213640188956395,-11.19620804617112,-11.111195944391845,-11.059564346112,-10.980110251272837,-10.870298165804698,-10.748732592500486,-10.541692066499234,-10.1811423083087,-9.752418571524483,-9.2684157920106,-8.737896598247481,-8.18605388956091,-7.576909945893372,-6.952660315079353,-6.313923643117003,-5.598998637294089,-4.914075806712564,-4.342479280619752,-3.813526520139664,-3.3220189070672874,-2.8538508403261003,-2.3686274133348384,-1.7656689632499107,-1.207837850121037,-0.7486623495855108,-0.3338268147171012,0.009131449188053734,0.24301789549326222,0.41389565580551896,0.558854496383074,0.6718063835636013,0.7771342760538787,0.8472043898797408,0.8684393681195898,0.8712375484035598,0.7916589935599266,0.6945418010809434,0.6101801974790236,0.5002525513451813,0.4536433149782232,0.41373967634485515,0.35017260053892163,0.18945876649952825,0.06838734149683966,0
0,0.04004542495574148,0.14234796495919955,0.29598667482800173,0.3677729939429443,0.4327110471250207,0.49481509200264967,0.6580283189535672,0.808093715268173,0.9575147901242319,1.0993147000299204,1.1446583666316608,1.1448526772810417,1.0896183865341407,0.9912152927162868,0.853696177132583,0.6693065763642152,0.453074744998863,0.17815638897085218,-0.20206581718726038,-0.64325527638701,-1.1353733921119242,-1.7380956498946476,-2.3618244047080323,-2.8522530077156287,-3.331169317357711,-3.8124994281592626,-4.36053885980178,-4.966032325576361,-5.675716952279584,-6.436344608602262,-7.113801183957271,-7.778331489074474,-8.41124590591668,-8.975612854823213,-9.504371680005624,-9.976519506527874,-10.385254606235879,-10.718910053269578,-10.901120745853616,-11.011594207102357,-11.069220682409412,-11.081511011563931,-11.093245146374025,-11.13260755088873,-11.138288136841151,-11.093204787737207,-11.128438036140095,-11.139539797633567,-11.114617791111364,-11.160341467729221,-11.260475590870817,-11.326940413048327,-11.355294757225586,-11.4364508581234,-11.428657450568016,-11.356465935364621,-11.296310255905562,-11.220557653324672,-11.106873423791567,-10.9471059232632,-10.71604319833859,-10.329328049804381,-9.871515485976417,-9.371614262471805,-8.822877480015949,-8.248904041004977,-7.612447523417125,-6.95456151348164,-6.283583216783618,-5.538637232543063,-4.834714632213111,-4.237271540129631,-3.6857415427735027,-3.2021811278121635,-2.7155636808390136,-2.2155779877688344,-1.5960596388345087,-1.0174417063483536,-0.5554467713853868,-0.1473699091154967,0.1975245718353222,0.4358015732951454,0.6232478404314372,0.772670819948179,0.8895215571485131,0.9947069194478927,1.0760044298707618,1.0961046079102783,1.084358982988313,0.9770433739286737,0.8551335131821669,0.7366502383649289,0.6035935752405361,0.5513007577006427,0.48447652966848753,0.39827256924246146,0.21890562661078972,0.07865709704547925,0
0,0.0555142064240984,0.18306917114171845,0.35769404331109605,0.4542949422328579,0.5541764744974067,0.6195515038897251,0.8021313038195205,0.9835908041068949,1.1613628877187383,1.3244075288798536,1.3843048580679378,1.3810977838316645,1.3369537892627354,1.2335965161659008,1.0931276034187767,0.9118224250831991,0.6983797423253074,0.42111473070338507,0.05862618700713617,-0.3632692361850565,-0.8539382803670837,-1.4559777463513914,-2.0837913524016476,-2.5743951164585375,-3.0557892647403797,-3.50636476681608,-4.061725966860402,-4.698609823358507,-5.422755920629402,-6.212683586343379,-6.928266616648732,-7.631165437469526,-8.303722502038982,-8.890856573709758,-9.442200995538736,-9.95376631270404,-10.407663063347723,-10.787648485846503,-11.011594207102394,-11.168374083249686,-11.238462649431447,-11.272146035932785,-11.290321610665764,-11.328651890415323,-11.334941297256055,-11.293823171658556,-11.31821609353191,-11.319824502107258,-11.293238024487067,-11.333763677927822,-11.429670795604977,-11.503420028385872,-11.540914641472106,-11.617069429138782,-11.608614128821863,-11.538332585533025,-11.47674108792536,-11.384047156600946,-11.264475188235899,-11.063149072912202,-10.79659500663442,-10.37181803669741,-9.872630544954555,-9.336695590456282,-8.76476712378104,-8.16762483888482,-7.489852263452527,-6.790192741683788,-6.077765029209489,-5.3017000155866665,-4.581194619561423,-3.953933949191996,-3.392614149110188,-2.9367769989630377,-2.4435339669040412,-1.9394758481816117,-1.3150940356531222,-0.731253063734253,-0.26742598326218264,0.12393666543048971,0.4560559254551799,0.6997846580873762,0.8928640700280839,1.0444997164229421,1.1705193647609438,1.2852317410333012,1.3580404216783593,1.3826918575158849,1.3552388766370003,1.221514080575116,1.0682278917209376,0.9122618827337102,0.7557210397459534,0.6952965880991961,0.5897570647795964,0.4758179794400029,0.2691949332680275,0.10010013633528032,0
0,0.04991533318529789,0.1746407634240465,0.3473324585441471,0.4502647870507282,0.5700325724115847,0.6341746324165096,0.8278324923186661,1.0447753313336499,1.2483638863090594,1.4400277445237175,1.5215205947491794,1.5310452366615737,1.4946880850221453,1.4155555262578876,1.2872196754816694,1.1241480402223702,0.9050557004097219,0.6247860852811953,0.2703567681760961,-0.142595736358805,-0.6456698562860702,-1.2650400352628643,-1.9041935635785394,-2.4158548719381407,-2.9175918540132346,-3.365427631919309,-3.9405256060689022,-4.6048032082207255,-5.333700859892816,-6.148367150197468,-6.898834093200495,-7.624822950814843,-8.314017284809246,-8.908062862237983,-9.46727832526455,-9.985718049362255,-10.446507696385096,-10.836136776521535,-11.069220682409473,-11.238462649431455,-11.29484318831152,-11.313094239318223,-11.324784057388475,-11.333217958625205,-11.329456254585143,-11.270894389923134,-11.278188311768282,-11.266674037296067,-11.246767941956659,-11.28540722432669,-11.370403882163725,-11.459693980598626,-11.51280794716623,-11.608185494566795,-11.611082678929142,-11.573653512665706,-11.524815679402842,-11.451497380738093,-11.351160997141303,-11.139087063902057,-10.865961983377614,-10.43622181180639,-9.933822296614887,-9.392150214370183,-8.809093804628901,-8.20136499796307,-7.50364486102217,-6.777871217670708,-6.026055095277996,-5.221740214824567,-4.494028443362454,-3.841094008797764,-3.2593436202413626,-2.8063436627359146,-2.288690464765231,-1.760246623062648,-1.1229348838743605,-0.5162079101445292,-0.03789253647901934,0.3487979686787314,0.6807245396135241,0.932924595493113,1.1374702961926846,1.278991677313745,1.3998310174010369,1.4949629927554944,1.5613916640389889,1.5743484182030516,1.522067327404678,1.354940671031908,1.1709774020813926,0.9732265200639306,0.7981425159225257,0.7317157252857972,0.6034234961275001,0.4781678951952462,0.2690619091988608,0.10012622994131914,0
0,0.05522615022619699,0.19336454544308823,0.3770900852417452,0.49702407020627537,0.6366550946535178,0.7066208795121668,0.9177176141775368,1.166005659068165,1.4030631717335822,1.6200580618452989,1.723189181189369,1.742152384345272,1.7100497593125723,1.6431025170304012,1.5317048937308537,1.3769124880551098,1.1537805326508381,0.8688285732427921,0.5133055963407007,0.11003063295732293,-0.40951231943107513,-1.0461964612966745,-1.6993859296416183,-2.2314916137721017,-2.750320433131236,-3.1986439935580857,-3.7946810547052094,-4.477997734313729,-5.219782149609396,-6.0625346306145005,-6.83730189663,-7.585094266429852,-8.28904201987246,-8.881794162773318,-9.448987025332148,-9.967146495393143,-10.439243539143948,-10.848663898769589,-11.081511011563943,-11.272146035932815,-11.313094239318245,-11.329714836859775,-11.339004500110999,-11.327262718919714,-11.315182752965953,-11.246186082822952,-11.237268261453021,-11.211933661753603,-11.19171384917323,-11.227739638630231,-11.309335649767023,-11.413321389389665,-11.483145806141613,-11.589870951942284,-11.602614465460173,-11.588622214815278,-11.548893470627082,-11.479928423799775,-11.39723648063285,-11.165371333125199,-10.893876166271488,-10.448928225114102,-9.937158275259293,-9.396272323934594,-8.801454427342485,-8.190449345100125,-7.476119177834251,-6.72870113324267,-5.951196355514597,-5.117628366848894,-4.37561387922137,-3.7045062773214417,-3.1027734995618874,-2.651568610312935,-2.1145513094443404,-1.5640253408926212,-0.9119033094375323,-0.27948485994095046,0.2225460095383252,0.6043493111540068,0.9444473015974792,1.2058580855266987,1.4214303300067506,1.561180186109291,1.6724992429739778,1.7618573836477962,1.82604653043398,1.8300852717297547,1.752179919399082,1.5546445519968515,1.3351492391905821,1.102036253569712,0.9056256313419659,0.8255990167242516,0.6716417001857985,0.5231344776082545,0.2971461966964306,0.11088220137375843,0
0,0.06296156818108159,0.218745216434967,0.41614861841437045,0.5546337399097102,0.7176602982013565,0.8031814643420185,1.0493094044656432,1.3238476522063372,1.590950704457425,1.8466076428745377,1.9721755919187403,2.0063181378377837,1.9816677277620223,1.9157484172551809,1.8187573577242089,1.6784002934676256,1.4437258703793094,1.1406145899385596,0.7900600126209897,0.3935557038091103,-0.13096417435699997,-0.7768870832379654,-1.4437548442504395,-1.997354499428523,-2.545775469389,-3.0005358729786917,-3.627771479527284,-4.329388786191875,-5.091090376595312,-5.964291930379712,-6.762486783202328,-7.528427703899703,-8.24584082375995,-8.846209162625508,-9.423520335962275,-9.950004570189122,-10.422676575806149,-10.846238144937793,-11.093245146374047,-11.29032161066585,-11.32478405738858,-11.33900450011105,-11.325400136944513,-11.283560160093252,-11.242230335775819,-11.1569685719911,-11.121793153021386,-11.080653974097784,-11.049826537396655,-11.083159164699177,-11.171246452388582,-11.290071480112154,-11.386280418127397,-11.510805193897745,-11.55446110096978,-11.572171634088864,-11.561576258122468,-11.500248641775046,-11.428625811863027,-11.192276705293207,-10.907801106836633,-10.453592937023714,-9.941722192428166,-9.389284050183308,-8.778930140505267,-8.1580661748624,-7.429572545218643,-6.662087750667478,-5.858815480275326,-4.993509598709929,-4.229208489849047,-3.541673765574092,-2.9096351074493967,-2.4527744137666443,-1.8867782815013454,-1.314989764836364,-0.6496344364541162,-0.0018287766947592899,0.5095997596769506,0.8899660651831754,1.2308090979931026,1.5143626017438705,1.7480532637439188,1.881958484866368,1.9873135779826705,2.079442358318727,2.1380258281795674,2.1286512137785896,2.0277739400280477,1.7884978739347173,1.5393346815257631,1.2772127364873118,1.0412566689607072,0.9403333136440439,0.7555956493284751,0.5808990288165589,0.33496469047427263,0.12515048416235883,0
0,0.07195855615042965,0.23996950046280527,0.45266147865886885,0.6125431677063161,0.7941528380635794,0.8905020017268768,1.1629250074045177,1.476825571913611,1.77726208100474,2.075679593863659,2.2130450158057586,2.2598893668657696,2.239673162846172,2.1875882434966507,2.1045886306580988,1.982939787331171,1.7411636425032226,1.427831487865305,1.0681225391823368,0.6754033537708425,0.1346324190925901,-0.5221739241760422,-1.2172381138956154,-1.815356392856871,-2.402085574194738,-2.871099799051538,-3.5330632486466755,-4.266648746168301,-5.052518266552416,-5.963570169466109,-6.788926567426119,-7.577794323163535,-8.308700183844268,-8.907528886264611,-9.482977013177218,-10.002556536514401,-10.47423695688893,-10.896398646615829,-11.132607550888855,-11.32865189041547,-11.333217958625344,-11.327262718919778,-11.283560160093243,-11.189604331404206,-11.115114389171799,-11.003587045412475,-10.935617327425893,-10.876504793572616,-10.846239772885623,-10.877717384818057,-10.961723494850087,-11.09984439466512,-11.22948698429241,-11.383699386852053,-11.462583178145639,-11.53420451504041,-11.556704738530458,-11.520432088716014,-11.480883935813969,-11.245751861041148,-10.972631021340451,-10.523098935417437,-10.01343441012187,-9.465197618814978,-8.852488332301501,-8.231515888487955,-7.488653832537681,-6.697601770154422,-5.865997029525264,-4.962843617781221,-4.171934508691085,-3.453053262868792,-2.787807004967657,-2.3171676155675005,-1.7113014263182882,-1.093382551699274,-0.39578463120295215,0.26987854017976876,0.8049764855472339,1.1854794514627474,1.5411035566969549,1.84027322662584,2.0843377082864,2.206915730163348,2.303509144139708,2.3837019501100465,2.435705621324749,2.412629791807308,2.295232092551656,2.0075909814867243,1.7236329179117733,1.4177397493914743,1.14976281910716,1.0324111371413232,0.8256852663920293,0.6248543005058558,0.3618211777433578,0.13758122464587574,0
0,0.08372222028603238,0.2691390681843253,0.4968319019224257,0.6757641405239522,0.8951319220565421,1.0220389912916548,1.3185323336465737,1.6695616953163952,1.999332591691959,2.3268231945569338,2.47563626513981,2.5277033084806084,2.5102749210136164,2.463738217726241,2.383034011981641,2.2597132990741073,2.0136131573975913,1.6912785743641356,1.3177256831412991,0.9304925405275266,0.3800002838791061,-0.28013252214002565,-0.9997099802756884,-1.6277347179104253,-2.2539559099769986,-2.7500424294607404,-3.442256622179057,-4.211579846337087,-5.022866325512793,-5.951351436622,-6.8031447248237,-7.606945048608627,-8.347880641019005,-8.946701766485413,-9.512185778409638,-10.023168186927812,-10.487770209916883,-10.911261724459838,-11.1382881368412,-11.334941297256098,-11.329456254585198,-11.315182752966049,-11.242230335775862,-11.115114389171742,-11.002288536955604,-10.861274612522571,-10.761299644283826,-10.684070045092017,-10.648652364997726,-10.676442611973998,-10.760160253147331,-10.915763596940476,-11.07800263492678,-11.263680208444859,-11.382333770568033,-11.489409259813064,-11.546293912550569,-11.524136002818766,-11.497832608590032,-11.264027432675732,-11.000486329099608,-10.552967231990845,-10.051027697879825,-9.508713169639478,-8.901184912801314,-8.278961513810732,-7.525749937631598,-6.71943271078149,-5.859260183658966,-4.937039700087971,-4.119269718096756,-3.3679614915338942,-2.6751519937036234,-2.1790735722901107,-1.5341298795630258,-0.8857276012620889,-0.1626543414536786,0.5122787361447162,1.0638708020297738,1.445398520486988,1.825378645311167,2.141509819961969,2.3951536722550313,2.527123588830678,2.626818592040495,2.7036619476901715,2.752819370455543,2.7208582518134805,2.587503027622295,2.2645031213596196,1.9462916848492067,1.5981094046013105,1.2996989925338558,1.1452722082346962,0.8966173902396687,0.6707730544297824,0.39013130579138294,0.1499786940850952,0
0,0.0965479350240822,0.2989207060702387,0.5446847734992916,0.7583962133079972,1.0120728906988856,1.1523643804182848,1.4668967982014485,1.8495359507188234,2.216365048183466,2.5750303694154235,2.7443217476508233,2.8003302125443956,2.790228725721124,2.75950189620467,2.6875269791943195,2.5759033319224582,2.3241488077614356,1.9997743045090992,1.622085215263042,1.2347156625765265,0.6763870130158771,0.004588117751685121,-0.7323972391032683,-1.3920437525774023,-2.0591054476712176,-2.572787317797666,-3.29931107636129,-4.105713514081134,-4.949065722020543,-5.901877937504404,-6.780299439538919,-7.59062706598896,-8.338537956027068,-8.943190447925605,-9.49412730959156,-9.996395118371185,-10.455043857464268,-10.875234565522911,-11.093204787737275,-11.293823171658655,-11.270894389923162,-11.246186082823018,-11.156968571991152,-11.003587045412482,-10.861274612522578,-10.703965957231436,-10.578620481314605,-10.478110935687894,-10.434458519020295,-10.459003669373732,-10.546254746127113,-10.724101423181585,-10.910878446927377,-11.114707870797858,-11.26411030863527,-11.399294910841439,-11.475999539742672,-11.466317304745473,-11.459176651644267,-11.223545666642067,-10.971109975111506,-10.529586225428657,-10.035772531590235,-9.501151427324443,-8.90406067872396,-8.277371690748822,-7.517637622753901,-6.706329977057368,-5.818167049404232,-4.872096802222313,-4.022895774885319,-3.235865596643839,-2.510906553843424,-1.9983018445499576,-1.3099661418351438,-0.6282567898557279,0.1165242433931399,0.8114623597960926,1.3780817754927304,1.7660836828334454,2.1580210274531275,2.48293331839748,2.7462564704023222,2.8725212042164667,2.9696355666545533,3.0303982875533664,3.070278509829116,3.031954524135719,2.8737871739834544,2.5124949244214654,2.1527785850455023,1.7678477450338221,1.4453880283688199,1.2727038960379229,0.9874091582677015,0.7214396239878618,0.42155106351743865,0.1650503373163666,0
0,0.08062991419891768,0.2730216377643284,0.5061864540049879,0.7304260376190855,0.9916254204177323,1.1310700368586613,1.4525650258520881,1.8421148883668195,2.236593244419153,2.6186486310665993,2.79614144160493,2.8564885951302648,2.8695994968117056,2.8546513937993456,2.8017283626423297,2.7120122294266276,2.4592892362942136,2.148131622757609,1.780142387401073,1.4046233503379728,0.8503685859429251,0.18383569130504512,-0.5562786913573082,-1.2405825089865956,-1.9316087095149321,-2.459090612830648,-3.2117536141725886,-4.050384563331844,-4.923072796024249,-5.893323099031233,-6.787891102697914,-7.612147632158101,-8.379972531839222,-8.991507209632347,-9.545314431034438,-10.04911419619283,-10.496052848095102,-10.917251526081897,-11.128438036140189,-11.318216093531925,-11.278188311768279,-11.237268261453012,-11.121793153021422,-10.935617327425925,-10.761299644283836,-10.57862048131459,-10.42902656464599,-10.30504187433932,-10.256162406331018,-10.277984482112103,-10.36552043870681,-10.564914121060754,-10.772741406094973,-11.000042466892243,-11.182349800900356,-11.353712928715446,-11.460542717098297,-11.46976905988261,-11.483214452367088,-11.261445568951387,-11.019730930206508,-10.581788476389775,-10.103261833009904,-9.567458022745848,-8.96607360728598,-8.332586492072496,-7.551900324242301,-6.727350570657844,-5.821732863633128,-4.857790917006609,-3.9795324565415346,-3.1618032416608486,-2.41002705411386,-1.8817177747007794,-1.1661688157520043,-0.4586670350370083,0.2931868307718131,0.9899140252726892,1.5566342976560639,1.9373102935727062,2.3248794728512885,2.638485114624615,2.9062499078163664,3.0176672895102783,3.0994253336943647,3.1451118333348402,3.1605008341486793,3.116332136730629,2.9479581846242886,2.559315690755877,2.1670903955660927,1.7699101316692178,1.4377640438878931,1.262153556459222,0.9699170735710182,0.6896660562875927,0.39907972902538674,0.15301708551668272,0
0,0.06643525630491297,0.2502692684083169,0.478620015222264,0.7125663883610626,0.9749229050485978,1.1038823776625197,1.4218502363873264,1.8218068047638787,2.233893812762973,2.626509112327164,2.8156539509053418,2.8786101288584915,2.9111941857475654,2.917889370822393,2.885115464698075,2.8140123557627836,2.555373733197492,2.253306150393143,1.8975979906886904,1.537598973419303,0.9847311918894346,0.3189276971008981,-0.4270474474233076,-1.1252316084615137,-1.8237470988918623,-2.3554837053008053,-3.1180063478913094,-3.9822924649512594,-4.873079053571091,-5.852858543604878,-6.766144986338176,-7.604606467872021,-8.388663194951679,-9.007847905340595,-9.560621823256621,-10.071264936312685,-10.510103018635588,-10.929145839195613,-11.139539797633626,-11.319824502107304,-11.266674037296083,-11.211933661753644,-11.080653974097821,-10.876504793572629,-10.684070045092017,-10.478110935687841,-10.305041874339294,-10.164997652525978,-10.111550886050797,-10.132543081947622,-10.22226783280734,-10.436931177073284,-10.666614778667178,-10.916931082804807,-11.116777429718788,-11.30650672698342,-11.43087004149237,-11.455676977848777,-11.48420698652258,-11.273165587788752,-11.033929528340066,-10.601845505926214,-10.135976230810428,-9.593759425746999,-8.992801218548161,-8.352724262111458,-7.556669023385421,-6.719450190791402,-5.794366319102268,-4.820855500570146,-3.9225647692425802,-3.0780821273215584,-2.3144997838674364,-1.78052779017126,-1.0557073288038068,-0.3331824903850767,0.4281334050991928,1.1269689964337009,1.6964291370995936,2.0655684754735466,2.444773765113811,2.751727750179635,3.026808943653043,3.12428787863675,3.188999846748326,3.2124285157428805,3.2064903190952725,3.1588201053005824,2.976897814142675,2.574615345376372,2.162581888239222,1.7500854306877576,1.4177080765598575,1.2493293446128524,0.9542885310767298,0.6621807904250661,0.37684918611959684,0.13852687815204653,0
0,0.053617091651396984,0.23613195350455504,0.46211889495578234,0.6970568571850607,0.9639043401994091,1.0906764500714088,1.413529388009069,1.8171482513965116,2.236610741463586,2.631179510178564,2.828553361191844,2.8881485925049364,2.9243041066802715,2.9341165023552245,2.9119365027996107,2.853493981884523,2.59917629101137,2.299506445538989,1.9505263555902912,1.5932638107030792,1.0458332668146593,0.3789114135310339,-0.3718912874255414,-1.073969720277004,-1.7773075016521556,-2.3125977359839753,-3.0805083265685926,-3.9504278616392927,-4.843254311183718,-5.823413731435409,-6.745194321110838,-7.5859715074126495,-8.372613833266126,-8.989968437384562,-9.540123013451462,-10.060560864750567,-10.493112624642116,-10.903162137447593,-11.114617791111415,-11.293238024487152,-11.246767941956694,-11.191713849173306,-11.049826537396717,-10.846239772885639,-10.648652364997691,-10.434458519020245,-10.25616240633093,-10.111550886050725,-10.060781014769601,-10.08192210973725,-10.169758615702607,-10.389092149063865,-10.625194921563551,-10.885150262184302,-11.089903259663519,-11.278609319383394,-11.413054356457108,-11.43753456652402,-11.459645393248287,-11.248581623824265,-11.008624898264777,-10.584369018166564,-10.12420665983109,-9.571837793163384,-8.972913548848743,-8.337569693744955,-7.542301407407803,-6.70443059628051,-5.770260864227074,-4.7969001273842204,-3.897608106880585,-3.0485801772344168,-2.279322949449759,-1.740958110726194,-1.010189103248497,-0.2818250678476648,0.4849201318434269,1.185682391564504,1.7506054489839713,2.117899736622277,2.4935440105078213,2.8028960868097923,3.0773048109702326,3.1664263542191735,3.2232304812028754,3.2420927504331187,3.2310586374552046,3.1867806420103033,2.9966040202581445,2.5908375625697984,2.1704479962557626,1.7505788671094458,1.4105389954377459,1.243183239714899,0.9435498310121356,0.6505807345754668,0.3673166441257418,0.12932931531254152,0
0,0.05141654148774,0.23069049622119803,0.45344295170323035,0.6846987624177168,0.9469573652115192,1.0722517836691285,1.3923464706550324,1.7940436350011302,2.2123007888336828,2.604603020965823,2.799966456929205,2.8580261985167326,2.8938608573111506,2.903848030502703,2.881650563164694,2.8248085530020393,2.5718333918436103,2.2725559542176166,1.924738937512551,1.5668340055304188,1.0184397022228224,0.3509877777361881,-0.3998202113054633,-1.1032605026834807,-1.808031106117051,-2.3465072339565816,-3.1183935655941726,-3.9925813710388125,-4.888503590144483,-5.870742522677636,-6.794616419817505,-7.6371498338734165,-8.425248193950194,-9.042726538421807,-9.592231478827395,-10.11289782098426,-10.54380986461084,-10.950889688195758,-11.160341467729296,-11.333763677927914,-11.28540722432678,-11.227739638630261,-11.083159164699225,-10.877717384818093,-10.676442611973977,-10.459003669373686,-10.277984482112071,-10.132543081947603,-10.081922109737267,-10.10269999898212,-10.19009432219983,-10.410330196504745,-10.649399661872199,-10.912733112185801,-11.121683428693306,-11.312655611246322,-11.45005877545033,-11.477600453981673,-11.50143395802065,-11.295157537658303,-11.056756169321945,-10.63541312187372,-10.177152314344209,-9.624372380370415,-9.026285550050872,-8.39096664587552,-7.594525486053576,-6.7550067949972625,-5.818994790040306,-4.843686882769819,-3.9416010547561853,-3.088463895377837,-2.3153051852704096,-1.773578746490464,-1.0417119233208718,-0.3121525947978064,0.45499609206681707,1.1568035273435286,1.7232308276784136,2.0919940761417757,2.467166894155024,2.776575907967845,3.0495522376799453,3.137392173288866,3.1942131606723057,3.2127920574781035,3.2019735681481114,3.1589192552948875,2.970084142367807,2.56591066640316,2.1462458018299704,1.7284093971287866,1.391244993196428,1.2256566427072781,0.9306632911515913,0.6412691698765587,0.3613170848363347,0.1269095292829338,0
0,0.06236416334845463,0.23952431291963155,0.46188566751798865,0.6902585926098901,0.9431419668542894,1.069037571100499,1.3795110851355008,1.7747762478801656,2.1850631321951584,2.572866652836759,2.757041563339529,2.8159786600719725,2.8495951400856354,2.8593024819417154,2.8272277628173934,2.758296266164307,2.5019809186229915,2.2007546081165614,1.8458056377989536,1.4834622496902128,0.9274413467649885,0.25908234456877893,-0.48968707132480366,-1.1939442753525187,-1.8967792372294705,-2.4379966234878183,-3.21157404231212,-4.087562658410526,-4.98788871257972,-5.974706991383171,-6.894049846876534,-7.73814383324554,-8.528081587157986,-9.149514276501705,-9.69992642401536,-10.209415867896864,-10.645318531071288,-11.057096819613704,-11.260475590870834,-11.429670795604979,-11.370403882163759,-11.309335649767075,-11.171246452388548,-10.961723494850059,-10.760160253147289,-10.546254746127056,-10.36552043870674,-10.222267832807278,-10.169758615702637,-10.190094322199755,-10.278436226150193,-10.496141758007031,-10.734271572703037,-10.992874876015467,-11.202926817440975,-11.399084563124681,-11.530824183580753,-11.563535593580339,-11.597835999084149,-11.396501317960995,-11.16316835550371,-10.738102427967371,-10.275620753446214,-9.734235841099377,-9.135695349063885,-8.493183196230325,-7.691799266005261,-6.849405301824328,-5.91900657149643,-4.938857075595763,-4.03175421707755,-3.175426303072089,-2.4011767313341092,-1.8575247886220378,-1.1290322848860552,-0.4009161243683911,0.3641671988101197,1.0661661518217638,1.6399619621931403,2.0133651159872383,2.393548876613284,2.7010690381350706,2.973953532020948,3.0702172011523943,3.134715749618919,3.1552704079471043,3.1480080411478766,3.1032877570123905,2.9244735431485793,2.525316447281451,2.1137330845187887,1.7059470654878586,1.381113750363192,1.216300033223457,0.9310812419243334,0.6445293493007622,0.3655639838841116,0.13441313865014606,0
0,0.07621976230468355,0.25978510987865516,0.4842270935729435,0.7028725327600911,0.9541493545451581,1.0899601751654915,1.4009570291798674,1.7828893127290812,2.1718618597212,2.544827464727273,2.712691785858387,2.7675902492757682,2.782716215875665,2.771192799369672,2.7179943752851403,2.6284322173527226,2.3795083124303793,2.070287034151296,1.7040039097171906,1.3257550056732326,0.7676745673856792,0.09945698958626514,-0.6431278252664653,-1.3360130211321448,-2.032017244058294,-2.5734623914024963,-3.3420188018357724,-4.197513185241265,-5.08517218224127,-6.064159874331333,-6.9689427016585705,-7.804748923363866,-8.585391520455437,-9.204089963021906,-9.756622689387164,-10.261700399096634,-10.70768022422242,-11.121629105451323,-11.326940413048321,-11.503420028385882,-11.459693980598622,-11.413321389389676,-11.290071480112138,-11.099844394664988,-10.915763596940346,-10.724101423181555,-10.564914121060658,-10.436931177073234,-10.389092149063922,-10.410330196504738,-10.49614175800706,-10.698405436174584,-10.916760360189306,-11.153399312855685,-11.346719357236749,-11.523726361378198,-11.63899846886809,-11.656241363367917,-11.67337342772198,-11.462529894973855,-11.22509456860239,-10.793731777209794,-10.316453465995663,-9.77908106382559,-9.17848583055058,-8.537354197421562,-7.744865876951822,-6.909208948947149,-5.994995662588024,-5.023618796369992,-4.131586043669874,-3.2966533794745225,-2.529873834187743,-1.9876250393489436,-1.2683457728800733,-0.5530669402371942,0.20231977724413966,0.9011114466443092,1.4726133479222272,1.8590026907842678,2.247341850204596,2.5612299905731355,2.82576004865423,2.938835995921955,3.0222134136380387,3.0649171943439737,3.0780715436242874,3.038008191496899,2.876824380330924,2.4950274794991913,2.1063591476645422,1.7170694715527033,1.3953508881987724,1.2242881227515061,0.9427389129194502,0.6681592751773036,0.3864951852295486,0.14950712289684032,0
0,0.0898504432005233,0.28124263686423556,0.515129989992093,0.7214749401482503,0.9633208591332499,1.0992433201780252,1.400292168350731,1.7744598635447564,2.133442783453699,2.480836446992404,2.638469364973181,2.6890767784914105,2.6822148054223436,2.657874750279211,2.5872820731854227,2.476917841359128,2.2293413913332474,1.9072936616641099,1.5306874535538229,1.1396508697153878,0.5734744476275048,-0.10130349322466928,-0.840541664883147,-1.5112369732772604,-2.185621582491885,-2.7175108009173745,-3.4655177419579077,-4.296490006639858,-5.159368629339175,-6.122879930554696,-7.015621783663502,-7.842436711870731,-8.607506390630702,-9.2230557265925,-9.773843691463199,-10.277285126712751,-10.73312407475183,-11.143689707581458,-11.355294757225645,-11.54091464147209,-11.512807947166198,-11.48314580614165,-11.386280418127493,-11.229486984292356,-11.07800263492663,-10.910878446927354,-10.772741406094996,-10.666614778667192,-10.625194921563526,-10.649399661872216,-10.734271572703067,-10.916760360189345,-11.11775878608915,-11.332160187443213,-11.492183957275191,-11.632686529753887,-11.717304281373677,-11.715473205934165,-11.713270930391731,-11.489530284173092,-11.240961514505688,-10.807468226882317,-10.316444586466739,-9.78001914558315,-9.181831267675763,-8.54352037972357,-7.767985650219005,-6.940787680496957,-6.04030246065437,-5.085291329324062,-4.218211995618918,-3.4061778023019555,-2.6612382463971485,-2.1309723171398263,-1.4371133891849133,-0.7456592124761433,0.002888878727651489,0.701019970961798,1.2766507124386188,1.6718045794666099,2.065720963105277,2.391158636476317,2.650753753841287,2.7779028980600127,2.8757113344168497,2.9306343640104244,2.966674401137262,2.9323267243664866,2.7829348074649696,2.430082920875238,2.075940411352929,1.6998413019826102,1.3906337392506687,1.223386312320198,0.9507289996218417,0.6920618043044449,0.4045293679545305,0.15935551403144127,0
0,0.07785376501264644,0.25207554527415127,0.4686147554378345,0.6414810702396433,0.8482865029608252,0.969475814191962,1.2509301872584058,1.5933652751538143,1.9137399006636258,2.2273263141509845,2.364161182284758,2.40950430688417,2.3936215528854032,2.3547424709990623,2.277434991812482,2.1547915827915523,1.912385500358004,1.5920588249021779,1.2193812385011256,0.8274341845970126,0.2686483225931802,-0.3953851585651068,-1.1170300261210255,-1.7553932117056832,-2.388143223872716,-2.902471767098987,-3.61829762530923,-4.4144033365971165,-5.246552536999012,-6.186963668648116,-7.056295377671653,-7.879442373451733,-8.640189370623476,-9.254526536064649,-9.823640212806849,-10.337263801111815,-10.798856194555551,-11.213640188956404,-11.436450858123331,-11.617069429138787,-11.6081854945668,-11.589870951942228,-11.510805193897793,-11.383699386852028,-11.263680208444823,-11.114707870797796,-11.000042466892317,-10.916931082804744,-10.8851502621843,-10.912733112185864,-10.992874876015513,-11.153399312855685,-11.332160187443243,-11.526726578184393,-11.654121773351953,-11.76304490399559,-11.826310947984615,-11.811181811306186,-11.787696054452525,-11.566658655491858,-11.304255178104038,-10.863292931833344,-10.364164866331123,-9.81809597451858,-9.205647479984618,-8.567382404603407,-7.796118028385522,-6.971420807423934,-6.095893426986967,-5.163726592292498,-4.3270060421486285,-3.5484295175816225,-2.8339152633948843,-2.3206147372727153,-1.6714763025633477,-1.0142547800899793,-0.2877869530663342,0.3911653916360426,0.9523833821115215,1.3425125594198208,1.7251588269345586,2.0427136384464784,2.2934549405544367,2.4275690014188362,2.52617861838593,2.5957638340806213,2.642705827376986,2.615853748415295,2.4916604624845515,2.1796807107639253,1.8684886469703232,1.529499795398234,1.2456444167920464,1.0976502643816404,0.8622366766267323,0.6424767596718806,0.37331997830184044,0.14486391046650499,0
0,0.06268068911114143,0.21642277240121016,0.4160757696559208,0.5679793404447633,0.7349746824866163,0.8242874915132197,1.0796102064848225,1.383287678114687,1.6743303721195864,1.9577694825960925,2.0840235007370187,2.1248062150041878,2.107870826745625,2.065815666310964,1.9877544408295986,1.868641274409693,1.631210843261152,1.3215148721596484,0.964964810808639,0.5693090834173515,0.023014988250524355,-0.6374297475909777,-1.3341834438074032,-1.9409846025116928,-2.5339070782648307,-3.020928569137127,-3.7051893219033922,-4.465686092339229,-5.273456337468161,-6.1971083603548625,-7.040563550941397,-7.848639036029822,-8.59950545739075,-9.214613288114862,-9.793149433303826,-10.314293456543732,-10.782154513125883,-11.196208046171204,-11.428657450568014,-11.608614128821863,-11.611082678929142,-11.602614465460178,-11.554461100969764,-11.46258317814562,-11.382333770568023,-11.26411030863526,-11.182349800900413,-11.116777429718944,-11.089903259663553,-11.12168342869334,-11.20292681744096,-11.346719357236768,-11.49218395727522,-11.654121773352,-11.74040012723948,-11.81185281835979,-11.839153164888465,-11.808236251198924,-11.769725575739555,-11.54701207246369,-11.273925910314452,-10.829785518402401,-10.323380064752529,-9.772114694272199,-9.15512585037164,-8.51731558855958,-7.756209384082034,-6.947292203828997,-6.100152394089879,-5.187147932159811,-4.376779605100975,-3.630722371508486,-2.945545297436285,-2.458261613952114,-1.8486529462085457,-1.2237890282593167,-0.523377796798355,0.14564989545743998,0.688178630343884,1.0760958997334453,1.4324986860052262,1.7319538480286742,1.973126122818424,2.0964804504940817,2.1905930021894022,2.261678214036302,2.3102997966795087,2.291819971923435,2.183010937437596,1.907624483704273,1.6307761945096722,1.335908856739075,1.0845659890292325,0.9746239079008406,0.7830527686411247,0.5899352008139114,0.3395569265508945,0.12908396986626755,0
0,0.04765322888887949,0.18355444669965232,0.3630799094951326,0.48907736798034673,0.6331077256995619,0.7067716816746766,0.9341728138105321,1.1970466008293101,1.4549865593168685,1.6972228823637656,1.8147180148482316,1.8451056155454812,1.8273915706662287,1.7758699005481413,1.6909073636695953,1.5584727699532333,1.3328894739036485,1.0384441145184515,0.6963985571885949,0.3013195249783638,-0.22359269384513583,-0.86902473249609,-1.536530000757438,-2.09768133871497,-2.6490627485430744,-3.1194276097726426,-3.766497356466492,-4.49403547406207,-5.277360718679365,-6.16290131578332,-6.979697024205078,-7.765063640107376,-8.503096204386859,-9.118781817441114,-9.69764890362997,-10.225089035785173,-10.693954605887196,-11.111195944391888,-11.356465935364668,-11.538332585533045,-11.573653512665654,-11.588622214815235,-11.57217163408875,-11.534204515040322,-11.489409259813026,-11.39929491084155,-11.35371292871553,-11.306506726983548,-11.278609319383483,-11.312655611246482,-11.39908456312471,-11.523726361378207,-11.63268652975391,-11.76304490399553,-11.8118528183598,-11.827814740702669,-11.820366636846947,-11.760552465192179,-11.68641985736078,-11.460684655256493,-11.173709479345453,-10.722826864329196,-10.213885456750603,-9.65887690872604,-9.045399019867446,-8.408539684266419,-7.66129323697095,-6.875886476931383,-6.05698625373922,-5.182654278349468,-4.399499409408097,-3.686435042144405,-3.037537895415576,-2.5669857319188876,-2.000936762244443,-1.4237057364239674,-0.7567842187459201,-0.10964503931933339,0.40441498923876706,0.7882775231113852,1.1246266304303745,1.4032977529551578,1.6299619810455972,1.7598211292704484,1.8561982142211029,1.9352759441756304,1.9874080660201363,1.9810242764763133,1.886595812856712,1.6587181732399132,1.416905113463088,1.1675381649015835,0.9497182795715331,0.8604473224502188,0.6948523550596211,0.5320234830346625,0.30267968865876566,0.11125740594092706,0
0,0.03396849530198684,0.1464422200732496,0.30693042708903917,0.4087083496670854,0.5275050310488238,0.583501446713173,0.7741690418696534,1.0088777832896265,1.2373063633187975,1.4429258861546497,1.5393804736718437,1.5550607910328706,1.5310179904500516,1.481971266098821,1.3879328021904638,1.2461910244174867,1.0408447468130222,0.7741023994935738,0.43409661119402665,0.03786704987574537,-0.4751950942477172,-1.1045382268396247,-1.7517189802755704,-2.284864826828356,-2.800147074827995,-3.258744550888307,-3.8677620927793135,-4.570744390739904,-5.331410572894932,-6.185876219560784,-6.977348109360367,-7.74373891338145,-8.468308172544518,-9.07944254244498,-9.652364873539335,-10.174660393446027,-10.648938012978542,-11.059564346111953,-11.296310255905633,-11.476741087925364,-11.524815679402684,-11.548893470627043,-11.561576258122432,-11.556704738530424,-11.546293912550544,-11.475999539742759,-11.460542717098368,-11.430870041492424,-11.413054356457163,-11.45005877545038,-11.530824183580735,-11.638998468868087,-11.7173042813736,-11.826310947984668,-11.839153164888451,-11.820366636846822,-11.777508050519458,-11.703064125122408,-11.61139598850918,-11.38459098000734,-11.104953593239273,-10.655724279597111,-10.140319922234314,-9.593066184522153,-8.990789194410034,-8.360743263099671,-7.627202786298125,-6.86269705090198,-6.071522979585399,-5.229828808557126,-4.472471105797218,-3.7828597997202773,-3.171505420289305,-2.7128498687220146,-2.183218274215919,-1.6347921003521235,-0.988665097406384,-0.3647260596648161,0.13251591344346428,0.5118481797323579,0.8400420236869273,1.0872067094261109,1.2883306194088076,1.419912029281174,1.518076057609188,1.591861840322156,1.649687583016491,1.6572825446592787,1.585898763705038,1.3990170638850359,1.186690455578418,0.9684788983810354,0.7921381812161444,0.7256240297050982,0.5920350910854985,0.4607194629678754,0.2558233826817224,0.0921265806245563,0
0,0.02378785140845822,0.11627675957947252,0.26102197799913973,0.3425475399360711,0.4411267358325168,0.4884948466777463,0.6601920992031048,0.8622356334489397,1.0605579353248002,1.2446171921030402,1.321593730253801,1.3291480201009032,1.3034867126001948,1.2456204886852493,1.1403489734800634,0.9937442133519137,0.7999180550526329,0.5445361092660028,0.2121750866128029,-0.18918701424385767,-0.6813370877459959,-1.2897476518393693,-1.9185706982576203,-2.4266899434657967,-2.920387554188525,-3.3740953217038228,-3.9558183161554927,-4.633766073912724,-5.378972021019803,-6.205239903176348,-6.969279251848585,-7.711136503908614,-8.417306909552954,-9.028189295540345,-9.5952317876325,-10.11892911401459,-10.585648049800145,-10.980110251272814,-11.220557653324772,-11.38404715660098,-11.451497380738019,-11.479928423799729,-11.50024864177514,-11.52043208871607,-11.52413600281873,-11.466317304745507,-11.46976905988268,-11.455676977848789,-11.437534566524059,-11.477600453981626,-11.563535593580406,-11.656241363367961,-11.715473205934156,-11.811181811306248,-11.808236251198924,-11.76055246519219,-11.70306412512242,-11.620386472859344,-11.506133847378488,-11.293836322735546,-11.008537708883532,-10.570262290220171,-10.059804851449353,-9.50990931328227,-8.917280556679932,-8.292124077401851,-7.5787106517760705,-6.838828966447437,-6.077015370093787,-5.265258257194457,-4.525603397649292,-3.861090098760096,-3.2765670729907623,-2.8213021908460587,-2.316354588239709,-1.7951107276812885,-1.169185867309479,-0.5751527997926353,-0.10616613853339912,0.27336988313938904,0.5867032910191734,0.8180900155250573,1.0018938226784206,1.1327503509071575,1.2357539391067653,1.312813220108745,1.3711022781653022,1.3874928527047796,1.3405729420557706,1.1811703951306547,1.0017669221221324,0.82007469820702,0.6664378961836157,0.6160081616610527,0.5075305062139467,0.4024716824343349,0.21825013289710288,0.07729959755895406,0
0,0.025533887349717715,0.11681680400443034,0.26086196743745255,0.33368661103587816,0.41207760777608493,0.46060264753253494,0.6217616971706253,0.7862718144335289,0.9611436915643263,1.1212977390998822,1.1781634632248763,1.1744705509240958,1.142341611716319,1.0612066642330096,0.9465050326428723,0.7845933396722609,0.5990033030383497,0.35132345405725035,0.016944778988106327,-0.38961983106379283,-0.8621714661125708,-1.4486834099026071,-2.061593798698343,-2.5430924596080913,-3.01293349774857,-3.466143653192492,-4.021715272300896,-4.665079246589506,-5.4011952223905775,-6.20187098650416,-6.928135511444924,-7.644499133792343,-8.331169852702175,-8.9350918482378,-9.497860028994728,-10.017752739078395,-10.481773822503555,-10.87029816580472,-11.106873423791653,-11.264475188235835,-11.351160997141285,-11.397236480632802,-11.42862581186296,-11.480883935814,-11.497832608590043,-11.459176651644297,-11.483214452367116,-11.484206986522556,-11.459645393248307,-11.501433958020636,-11.597835999084152,-11.673373427722078,-11.713270930391747,-11.7876960544525,-11.769725575739532,-11.68641985736083,-11.611395988509123,-11.506133847378477,-11.36663725895316,-11.158553593832965,-10.874550485302478,-10.437138413651583,-9.925604572380184,-9.378776196678961,-8.794339415623874,-8.179999782977172,-7.4897077396135705,-6.778655802739411,-6.059247400993756,-5.2767522310819865,-4.549442663900585,-3.9191245544321442,-3.3623668167992564,-2.908555220096879,-2.432344903064266,-1.9415790911502302,-1.3342370452264702,-0.7681650647217804,-0.3207837332155144,0.05977553022505497,0.3679166912859982,0.5871042427001045,0.7581664138220195,0.8973395193016477,1.0040249601588476,1.1010678495050779,1.1655490854005706,1.1935964773863132,1.171292662346839,1.0416469835484488,0.8910083136078665,0.7525942431891157,0.6161237178470241,0.5709271390929767,0.48432567516697284,0.39199565231490946,0.21199195682958408,0.07412242339244565,0
0,0.008768265610834526,0.07409177795615104,0.19797997308732826,0.24571843113529826,0.28945835216859084,0.3351326282963179,0.47808450524193075,0.6120597110068813,0.7605274940968245,0.9034769679603879,0.9497106407998321,0.951955674298771,0.9082479441541564,0.8312253716703235,0.7211214892064023,0.5593163922184125,0.3748543282355512,0.13418489205940634,-0.21357365785908636,-0.6373063470119584,-1.1076830947736847,-1.6927808018698043,-2.2988585465039804,-2.7751393280138603,-3.2397343323985783,-3.719907122402339,-4.2617623323561205,-4.8670525965005575,-5.586038482249209,-6.358142692282431,-7.046008820807738,-7.7227293715204075,-8.367101489970176,-8.948740682784297,-9.493983770598781,-9.977873967160999,-10.401164155251974,-10.748732592500469,-10.947105923263218,-11.063149072912205,-11.13908706390196,-11.165371333125096,-11.192276705293207,-11.245751861041102,-11.264027432675666,-11.22354566664196,-11.261445568951428,-11.273165587788776,-11.248581623824267,-11.295157537658248,-11.396501317960958,-11.46252989497389,-11.489530284173128,-11.566658655491874,-11.547012072463666,-11.460684655256571,-11.38459098000737,-11.2938363227356,-11.158553593832957,-10.988204101125492,-10.736804352795223,-10.332570573453607,-9.85834991628765,-9.34520960021288,-8.780082763089156,-8.189410737084843,-7.543390637130107,-6.8752664812779045,-6.197830943562724,-5.445928748937884,-4.738138199823816,-4.144996205715388,-3.60493158258275,-3.127915270305593,-2.661696621764027,-2.179903542198212,-1.5804848112156706,-1.0220657893634535,-0.5802317270189776,-0.18493595474490465,0.13219893431549476,0.3420244991574031,0.5049255119912528,0.6394764241265224,0.7363860166732569,0.8258519834211112,0.9006214967133411,0.922821463442872,0.9132846382591472,0.806715726427766,0.6854211620195706,0.5829181599429345,0.46795923159367536,0.4296611699197533,0.3803557366884378,0.3154106721669446,0.16119376512770112,0.052048187132910755,0
0,0.006082039397503444,0.05790897974036648,0.17097558094866624,0.20172254773125006,0.22366066843772006,0.27105409880282516,0.39412488956640895,0.49812841140371106,0.6238755463439439,0.7457588650723874,0.7812572729887006,0.7826954942652534,0.7466727214876332,0.6628510401600348,0.5498715334687453,0.38530624490669685,0.2138548230951128,-0.025306737255473596,-0.37342061367375023,-0.8017709851570896,-1.2665528523099987,-1.8314279374576912,-2.4190735293382963,-2.880282040461605,-3.3306971996211514,-3.8144503118609214,-4.328802204319644,-4.902712978702807,-5.601549875564306,-6.343468838211185,-7.001725549827242,-7.644807014793497,-8.263592891180334,-8.827001916908301,-9.359035206411885,-9.828136218884675,-10.221566886878767,-10.541692066499225,-10.71604319833856,-10.796595006634371,-10.86596198337752,-10.893876166271525,-10.907801106836724,-10.97263102134046,-11.00048632909955,-10.971109975111558,-11.019730930206448,-11.033929528340055,-11.00862489826481,-11.056756169322028,-11.163168355503759,-11.225094568602458,-11.240961514505733,-11.304255178104102,-11.273925910314507,-11.173709479345533,-11.104953593239296,-11.00853770888358,-10.874550485302493,-10.73680435279525,-10.506539809935626,-10.12579406307932,-9.679048813587208,-9.18142344290416,-8.633738710498411,-8.066458632014355,-7.449543445466329,-6.8169762575035655,-6.173312246062521,-5.453690461499444,-4.7689474787513815,-4.207312389805951,-3.6966421826137394,-3.2162763510659333,-2.7696161486791366,-2.305988287427272,-1.7254231655207495,-1.1911035591848855,-0.7566126549290222,-0.3576161167081538,-0.04459772578620372,0.159604315122113,0.3051573779595337,0.4352316012547393,0.5293633765370042,0.6202898645376557,0.6855901084153738,0.7081676346150534,0.7123988435800678,0.6313463514712586,0.5348515471149825,0.46577483059591035,0.3731678191913607,0.33803728330865634,0.31247498528309364,0.2698563075194917,0.13193985219217239,0.04138097268396989,0
0,0.0067131796984730326,0.03166131919723334,0.12745141190593542,0.14492893487994885,0.14585583904713567,0.19282448860313076,0.30087035070657825,0.3837783490081457,0.4886928854205116,0.5965437173434118,0.6315526356049528,0.6371233673597102,0.6084003750133217,0.5376058201648365,0.4365369570591356,0.2845887193199028,0.12770801555128816,-0.105397548447311,-0.44405425510787394,-0.878863406144075,-1.3313228552586638,-1.8728365774706557,-2.438721098964066,-2.889665730527451,-3.328276065689252,-3.8135879580558893,-4.308188910631084,-4.853460315268948,-5.524074142988123,-6.237942663296586,-6.869838897452459,-7.4807827590698865,-8.06185082648583,-8.602345233815026,-9.108869409126632,-9.552511863159056,-9.908954428318532,-10.18114230830865,-10.32932804980438,-10.371818036697421,-10.436221811806467,-10.448928225114134,-10.45359293702376,-10.5230989354175,-10.552967231990856,-10.529586225428664,-10.581788476389708,-10.601845505926127,-10.584369018166553,-10.63541312187372,-10.73810242796739,-10.793731777209699,-10.807468226882227,-10.863292931833332,-10.829785518402407,-10.722826864329196,-10.655724279597177,-10.570262290220237,-10.437138413651546,-10.332570573453552,-10.125794063079336,-9.788499956530625,-9.376669198015332,-8.904259632895426,-8.385621931854152,-7.845007514767691,-7.269922725679041,-6.670503677837858,-6.054832902627307,-5.366069591505847,-4.714620344525739,-4.182888151178369,-3.69512770567852,-3.2144501758676953,-2.7837257965342754,-2.332511760430907,-1.7720740567993531,-1.264488712012458,-0.8447421770905058,-0.4380312743769964,-0.13796141581101548,0.056772382257583444,0.18393526401154522,0.29893435096562754,0.3785304500018863,0.4525804203509809,0.5087669678272054,0.5261763978528153,0.5320973977796944,0.4657709507331238,0.38716699503780544,0.34042293903398246,0.2634497628021831,0.23305923720948166,0.23192151101643912,0.20824817582228117,0.09229964124421416,0.034037896128578035,0
0,0.01656032974483765,0.03240464014221218,0.11614990241858403,0.12091435809733514,0.10391766433993596,0.15169602892015663,0.23751548232161718,0.29789771030656764,0.38678923359551964,0.46677448926409776,0.4866194216949774,0.48445366632481823,0.4582843556039729,0.40072599726157554,0.3095447367954368,0.16715161395912664,0.03312303030262729,-0.18374614751683188,-0.5176993785135084,-0.9557885797901063,-1.3912556310857904,-1.9021822466857046,-2.4354842513912494,-2.8725559510774845,-3.294853077900186,-3.7810431226443217,-4.242315667946284,-4.7513621081067825,-5.3850372357300955,-6.058536393560837,-6.652691011356292,-7.234395795315752,-7.784806615207119,-8.300762725960825,-8.778028963759951,-9.188632829422659,-9.520092992018437,-9.752418571524487,-9.871515485976463,-9.872630544954559,-9.933822296614888,-9.937158275259291,-9.94172219242826,-10.01343441012186,-10.051027697879704,-10.035772531590197,-10.103261833009858,-10.13597623081037,-10.124206659831042,-10.177152314344198,-10.275620753446155,-10.316453465995636,-10.316444586466691,-10.364164866331096,-10.323380064752554,-10.2138854567506,-10.140319922234363,-10.059804851449432,-9.925604572380243,-9.8583499162876,-9.679048813587176,-9.376669198015335,-8.987844786355362,-8.548761584348672,-8.065616530932438,-7.553290768584366,-7.013282936060144,-6.443686254381095,-5.86900204200968,-5.223200153371809,-4.6119692059976725,-4.117416288039114,-3.667841388931143,-3.191015520842522,-2.7808849481736737,-2.345285444926475,-1.8148755499133113,-1.337585755235886,-0.9332716520345129,-0.5201361478693289,-0.2242847582828815,-0.043915210198449565,0.06004036606554208,0.1657521067305304,0.2311336341202103,0.2886379370091567,0.3382706731693173,0.36164100061168364,0.37934085798926837,0.33894666288500225,0.27263736799208327,0.24593236132285354,0.18880362689613656,0.15691035823113703,0.1765032739725023,0.17092868056168897,0.07293194423190782,0.0330140011308001,0
0,0.028638653465248194,0.044060374849939334,0.11805849625323565,0.11603557033449048,0.08759529873778192,0.13423235585398646,0.20079386103419491,0.2411630872844307,0.31455820963460224,0.3632698326911121,0.3747339645660537,0.36101660133739016,0.33064770463061516,0.2760755990816096,0.19106683838427518,0.048679450067693746,-0.07333012422685653,-0.2748654833162091,-0.5949136880781337,-1.0305152967137579,-1.4488884525721943,-1.9310049718888644,-2.4308608046710596,-2.8427945707745463,-3.2348930944867713,-3.7029967196730134,-4.130975451002292,-4.607655459519665,-5.208286551186996,-5.835401289090583,-6.390260575628098,-6.931592601619973,-7.444714249433903,-7.934845455882164,-8.383232050680613,-8.76471402069995,-9.062626113733998,-9.268415792010607,-9.371614262471876,-9.336695590456303,-9.392150214370181,-9.396272323934541,-9.389284050183223,-9.465197618814905,-9.508713169639464,-9.501151427324471,-9.567458022745818,-9.59375942574694,-9.571837793163338,-9.62437238037043,-9.734235841099299,-9.779081063825583,-9.780019145583081,-9.818095974518583,-9.77211469427217,-9.65887690872605,-9.59306618452214,-9.509909313282359,-9.378776196678976,-9.345209600212854,-9.181423442904133,-8.904259632895387,-8.548761584348634,-8.141263446412362,-7.6911937821684,-7.20742267843314,-6.707266006295415,-6.177323404133027,-5.644296521846569,-5.045714735143511,-4.469296314258337,-4.0080537982579445,-3.5959094465729624,-3.141778369212826,-2.766337602221416,-2.358832554803904,-1.861030371523424,-1.4117555122432508,-1.0207202576741896,-0.603703767973724,-0.3181533726018384,-0.15093539273406,-0.05834347922763776,0.04699073826953985,0.1046933533394516,0.15618384508324692,0.20698047075115342,0.24046954339218038,0.26340544720505377,0.25044516410393747,0.19557829243946545,0.18530484391762844,0.14242175840705254,0.10774803378276882,0.139037782108439,0.14378620424668886,0.06112634518891032,0.03136778038349967,0
0,0.04391477670356601,0.05802448383022407,0.1273553283245886,0.12292389020946717,0.08865562193480786,0.13755090254597815,0.19337076881586704,0.2254035273983354,0.2881831681167119,0.31983688779387853,0.3271033549838137,0.3110043635893815,0.2781985277769715,0.23936150001730863,0.16677560214611278,0.030041238426609242,-0.07910239882871314,-0.26629325982032886,-0.5662568834366167,-0.9921698071681948,-1.39382394080579,-1.856556523431316,-2.3287005741819584,-2.724572199912201,-3.100160687864072,-3.5542953371447084,-3.963566978130075,-4.403063947186477,-4.970421355861003,-5.55463166990624,-6.0705007628137695,-6.5719660585268995,-7.048295634001907,-7.5173196267576525,-7.945425611196943,-8.298589626787649,-8.56136709040825,-8.737896598247485,-8.822877480015974,-8.76476712378107,-8.809093804628912,-8.801454427342389,-8.778930140505096,-8.852488332301427,-8.901184912801222,-8.904060678723843,-8.96607360728595,-8.992801218548028,-8.972913548848688,-9.026285550050911,-9.135695349063914,-9.17848583055069,-9.181831267675767,-9.20564747998467,-9.155125850371773,-9.045399019867569,-8.990789194410027,-8.917280556680046,-8.794339415623899,-8.78008276308916,-8.633738710498367,-8.385621931854155,-8.065616530932434,-7.691193782168394,-7.266586193283255,-6.808444067236757,-6.349443743453621,-5.862237127632955,-5.3712137633954145,-4.8181666962477,-4.276909257797085,-3.851578462857432,-3.4605807429488733,-3.0218011410422916,-2.66629222183575,-2.27635350807059,-1.8020798588801645,-1.3677214272636944,-0.9878490020335777,-0.5720200468124687,-0.3037960600331844,-0.14899159153216934,-0.06771540495263838,0.031068560690361933,0.07388477041627617,0.10292352506808541,0.15063762680896273,0.1821784045837222,0.20627379687096487,0.206674293893831,0.15743556022370692,0.1525503889798689,0.11395054227900946,0.07324296471052989,0.10998213408894396,0.12173434222740132,0.05091547902659493,0.03239192272467513,0
0,0.06182786506248751,0.08394432492760476,0.1526297216759222,0.14465922759523664,0.11317140468551738,0.1748662934060641,0.21778961779496459,0.24839912986211848,0.30831535554857875,0.33832502876862436,0.3310063657976468,0.31111322002237335,0.2807501303764794,0.26107604226645,0.2047778563124519,0.08128433691062646,-0.008461734324082981,-0.17901518434338803,-0.46776277146254214,-0.8789374215282734,-1.2693201941017276,-1.7036473667074514,-2.149410419411002,-2.524778562228159,-2.891368935568123,-3.343475925176972,-3.7264715611453223,-4.1391310436110835,-4.676971397986662,-5.229628163005191,-5.706151874888572,-6.167886353671091,-6.614887252734831,-7.06087415938463,-7.468186675740069,-7.796651667731286,-8.033154208837082,-8.186053889560919,-8.248904041004991,-8.167624838884846,-8.20136499796308,-8.190449345100063,-8.158066174862403,-8.23151588848786,-8.278961513810577,-8.277371690748701,-8.332586492072439,-8.352724262111355,-8.337569693744957,-8.390966645875551,-8.493183196230316,-8.5373541974216,-8.543520379723514,-8.56738240460346,-8.517315588559722,-8.408539684266584,-8.36074326309968,-8.29212407740188,-8.179999782977111,-8.189410737084861,-8.066458632014344,-7.845007514767778,-7.55329076858444,-7.207422678433191,-6.808444067236787,-6.376651205867006,-5.951330223594196,-5.505451946312446,-5.0560380829397955,-4.537603931146758,-4.027047458438603,-3.628203551979907,-3.2655532135275327,-2.8313096742246646,-2.490468267353757,-2.1230555391935733,-1.6709463576968229,-1.2614399990480258,-0.8857452335324426,-0.47620469406159266,-0.21247109309316833,-0.07009220403873216,-0.004473459639228861,0.08230542553077734,0.10682182310641442,0.11387611648113044,0.15450523163627422,0.18410363048773223,0.21667643496794023,0.21143843414386207,0.15632767631111114,0.14656489290565766,0.11402818483112342,0.05558182306482403,0.0877863759754876,0.10809016770664413,0.04680819232036301,0.03347739249961336,0
0,0.09114002022380945,0.12177899383770342,0.1981058096372472,0.19942501664941892,0.18047949119501996,0.2510915585613655,0.2907171048208375,0.3256001420314824,0.3842150412050145,0.4108036241130584,0.3961234595875946,0.3696904007165963,0.33935632903658197,0.33956505320502367,0.3015906683001564,0.18715820753895562,0.11623223488143337,-0.03832574641268939,-0.3092624696423688,-0.7153092812002347,-1.0937890276895108,-1.500411554039432,-1.9242910462023743,-2.2926298772528355,-2.6557742871104093,-3.1043595997951594,-3.4795920724045826,-3.8797002132488965,-4.389972867646507,-4.91731031233425,-5.359403783193482,-5.778279026690888,-6.1840200139406365,-6.599102428395313,-6.968722162249739,-7.259616557950035,-7.464515262881145,-7.576909945893388,-7.612447523417134,-7.48985226345257,-7.503644861022122,-7.476119177834196,-7.429572545218598,-7.488653832537633,-7.52574993763143,-7.517637622753836,-7.5519003242422835,-7.5566690233853935,-7.542301407407825,-7.594525486053554,-7.691799266005255,-7.7448658769517875,-7.7679856502190265,-7.796118028385542,-7.756209384082029,-7.6612932369709625,-7.62720278629816,-7.57871065177609,-7.489707739613558,-7.543390637130092,-7.449543445466359,-7.269922725679094,-7.013282936060149,-6.707266006295421,-6.349443743453638,-5.951330223594113,-5.570764549413317,-5.1675886035039476,-4.754463595969646,-4.264492275357998,-3.7834224699737806,-3.396707426388015,-3.043722755748183,-2.6162216288865805,-2.282797554124715,-1.9222138141090703,-1.4881996303205367,-1.1032706588495438,-0.7332311917219121,-0.31884355918981244,-0.06407184509428977,0.06993587889198256,0.11827715253451324,0.19781676532497725,0.20474060567472535,0.18917895850781216,0.22457540938032658,0.25401094926126194,0.28498719277344015,0.2722489786389225,0.207768559779833,0.18769612618756817,0.15187904670903282,0.08077644095086128,0.09897965242989393,0.11448681433850244,0.05533937677683791,0.04631106270104681,0
0,0.11398119551675465,0.15320300139382068,0.24331896723946259,0.25537487652545615,0.24884663184980366,0.3264514350313823,0.3619331002793179,0.3872924764639354,0.44918339883161734,0.4676681355802513,0.4433917865728072,0.4115439479152245,0.38817616668686444,0.4009095467017058,0.37353121955486157,0.267259970458667,0.2196007792971278,0.0809241527098985,-0.1677320601248928,-0.5553368900993492,-0.9061378278709642,-1.2785302212450356,-1.6721929604291779,-2.0365170055769064,-2.3992815449871023,-2.8392057285116143,-3.199698298875515,-3.577664174804511,-4.062550420566824,-4.5612868024264195,-4.972951184892561,-5.362422210220097,-5.728803591956976,-6.107560533225801,-6.439694568439496,-6.693584625458656,-6.871825739407443,-6.952660315079413,-6.9545615134816865,-6.790192741683779,-6.777871217670675,-6.728701133242661,-6.662087750667415,-6.697601770154371,-6.719432710781403,-6.706329977057272,-6.72735057065776,-6.719450190791372,-6.704430596280534,-6.755006794997251,-6.849405301824282,-6.909208948947047,-6.940787680496922,-6.971420807423905,-6.947292203829069,-6.875886476931419,-6.862697050901938,-6.8388289664474184,-6.778655802739388,-6.8752664812778415,-6.816976257503524,-6.670503677837864,-6.443686254381178,-6.1773234041331175,-5.862237127632923,-5.505451946312502,-5.167588603503928,-4.797076800766254,-4.417836117119667,-3.9593861588689125,-3.5065332199147696,-3.1412765480994556,-2.803371699806506,-2.3862893974239086,-2.0543695608526815,-1.6968398405564329,-1.2878915850357386,-0.9321241283829405,-0.5833903530127774,-0.17873746204003124,0.06073049510157577,0.1841200246031664,0.21189485657619028,0.2861173528984061,0.2819573186213133,0.24940719195892244,0.2722637034596081,0.29962572819158967,0.3333893863798366,0.32150257767620305,0.2457116938324805,0.231053041456855,0.19613441111507146,0.11547871604500463,0.12203320200829779,0.13028412030021194,0.06475687468398005,0.05704552988709809,0
0,0.11154532846641228,0.139199434873383,0.22825591742256485,0.24834529033423566,0.24223479078996635,0.3046971987332081,0.32883059850043916,0.34246433929877135,0.40296569237664465,0.41901893131759443,0.394453285951131,0.36673643679145035,0.355278330824183,0.3807377167558666,0.37536318315357137,0.2773105196941746,0.2428239065278722,0.12682574150092513,-0.09001008554248849,-0.4448827263576273,-0.7666440667204272,-1.0976821781065655,-1.4558003941064075,-1.8028254651629905,-2.148118558639059,-2.571853006686833,-2.9041168043428223,-3.257754438865568,-3.7210180708152865,-4.1882368415196325,-4.573299910350812,-4.931487070050152,-5.2647591153554805,-5.605321787428162,-5.897831296337481,-6.113765748232217,-6.256355623986757,-6.313923643117011,-6.283583216783614,-6.077765029209391,-6.026055095277964,-5.9511963555145915,-5.858815480275243,-5.865997029525117,-5.859260183658896,-5.818167049404169,-5.821732863633005,-5.794366319102181,-5.770260864227023,-5.818994790040137,-5.919006571496318,-5.994995662587967,-6.040302460654429,-6.095893426986982,-6.1001523940898785,-6.0569862537391845,-6.0715229795853345,-6.077015370093659,-6.059247400993698,-6.197830943562705,-6.173312246062537,-6.0548329026272745,-5.869002042009676,-5.644296521846511,-5.371213763395466,-5.0560380829397715,-4.754463595969682,-4.417836117119731,-4.065587058153708,-3.640460232907463,-3.2106434655416987,-2.869620167093252,-2.5599805963413353,-2.1605524567074554,-1.8483393994413009,-1.5071425903524318,-1.1291591023951557,-0.8100265307000576,-0.4845860842133555,-0.10544422234445339,0.11014482712968678,0.21400316567534927,0.23247743496046375,0.3026777154764288,0.2782865989565817,0.22945810060469457,0.23566878469329658,0.25493094523095206,0.28420491421638766,0.26699510529120823,0.18576411062868947,0.17687318661255222,0.14782693370066435,0.07855462418067273,0.08512248182922875,0.08885904416910999,0.030591591375344097,0.0438863834927931,0
0,0.09473596450806678,0.1180489141447389,0.20773618160532134,0.23729756813507996,0.2340140450074472,0.27926745061745156,0.29464129556402935,0.3014745227190158,0.36505853039054875,0.3885726873973076,0.36245334972533183,0.34344994975513604,0.3536919677598004,0.40606657565682486,0.42396752810480476,0.3430996338714218,0.3211700360133859,0.23975958351866147,0.0598069527322129,-0.2590558662966756,-0.5365623989755205,-0.8294531248641703,-1.1571310902384626,-1.4880694457356347,-1.815004724908019,-2.220152861063356,-2.5363065968995637,-2.86566654780237,-3.30302259623063,-3.737452032541883,-4.089044838609447,-4.419056831664971,-4.728143419089754,-5.03978735294351,-5.290878704230826,-5.465678582828154,-5.569811314386643,-5.598998637294143,-5.538637232543101,-5.301700015586612,-5.221740214824469,-5.1176283668488445,-4.993509598709853,-4.962843617781092,-4.937039700087892,-4.8720968022221305,-4.857790917006496,-4.820855500570079,-4.796900127384293,-4.843686882769842,-4.938857075595748,-5.023618796369972,-5.085291329323993,-5.163726592292457,-5.187147932159706,-5.182654278349428,-5.229828808557095,-5.2652582571943425,-5.276752231081946,-5.445928748937866,-5.453690461499399,-5.36606959150581,-5.223200153371808,-5.045714735143529,-4.818166696247748,-4.537603931146777,-4.264492275357993,-3.959386158868996,-3.640460232907513,-3.249784024355717,-2.847028298439376,-2.5305843257775864,-2.237231866931029,-1.8558551029717814,-1.5611076914348734,-1.232169491321253,-0.8776359572791461,-0.589559345625988,-0.30119318988926647,0.048076619456981794,0.23375878669776184,0.3095891232153817,0.32040247824253026,0.37596641231988304,0.3287728921088124,0.2462704026609184,0.22397106050210733,0.2292647691759294,0.25394774628933153,0.22126472977988715,0.1295001523495537,0.12035842712115369,0.09205948740199917,0.03637860288538142,0.041326940676920866,0.041345694492251166,-0.008674016086932888,0.018508541398320623,0
0,0.06417718772509189,0.07112205480841836,0.15115164230967923,0.18245406652848992,0.17994047848956202,0.20503749068812388,0.20657930718517425,0.20155457033604657,0.26000372157675367,0.2820141066865421,0.25828180087486163,0.23745173997716074,0.2604886958888865,0.3383659842033913,0.38825173887022035,0.3301228733777844,0.32053355500648134,0.2663436002348283,0.12549688196080486,-0.1480814688765911,-0.3677463280361705,-0.6105138003062697,-0.8972933389761645,-1.1935791628267662,-1.4953635484503676,-1.8733906753112064,-2.168140787125474,-2.471961054784047,-2.874900929747254,-3.2812839235261424,-3.6084116067246983,-3.9105605975235003,-4.192628609037943,-4.477894843858328,-4.695744277389387,-4.840130234171917,-4.911464148292727,-4.91407580671261,-4.834714632213139,-4.581194619561519,-4.494028443362439,-4.375613879221273,-4.229208489849022,-4.171934508691037,-4.119269718096678,-4.022895774885224,-3.9795324565413592,-3.9225647692425047,-3.8976081068805453,-3.9416010547561733,-4.031754217077459,-4.131586043669769,-4.218211995618844,-4.327006042148536,-4.376779605100937,-4.399499409408033,-4.4724711057971485,-4.525603397649231,-4.549442663900526,-4.738138199823784,-4.768947478751289,-4.714620344525606,-4.611969205997648,-4.469296314258349,-4.276909257797118,-4.027047458438627,-3.7834224699737997,-3.5065332199148798,-3.210643465541829,-2.847028298439387,-2.478130778389257,-2.1873817018207,-1.9135097893915334,-1.5589086617392338,-1.2886185584873997,-0.9899629424793172,-0.673282211493079,-0.432972574477095,-0.1997694957597294,0.1090242845339772,0.2623208501582646,0.3142509302098551,0.31628750153144924,0.3545945925930756,0.2799126846072517,0.16896751419983685,0.13049705180216345,0.13414479968100748,0.15230396907652868,0.11581570060063213,0.023349046032675853,0.01972728038511298,0.00008211930501188735,-0.03776165475801998,-0.033350196547905026,-0.03043137185981345,-0.06587477691898456,-0.016984103320426915,0
0,0.05925429099670092,0.0553531415933065,0.1356054703928513,0.1682732460514892,0.16449268728576805,0.16543366234460974,0.14349029536544688,0.12297840780967138,0.16553852174305916,0.16979808443132832,0.13288796100933345,0.09998624078151697,0.1270840997758856,0.21994866683783626,0.28323690902846616,0.2350229494875792,0.22736554240674603,0.20102116153076957,0.0968612749582291,-0.14539376075222182,-0.32086201286510296,-0.5100244766859997,-0.7512123269092621,-1.0031023415728175,-1.2716686672091329,-1.611147821206104,-1.872852528549293,-2.1583996405988843,-2.5302530296517456,-2.908041919418045,-3.2085745663631227,-3.4897277229534174,-3.757883077419316,-4.016420597838978,-4.200709274749026,-4.316431961481889,-4.360415116868116,-4.342479280619848,-4.237271540129635,-3.953933949192071,-3.8410940087977568,-3.704506277321368,-3.541673765574066,-3.453053262868726,-3.3679614915337783,-3.2358655966437664,-3.1618032416607322,-3.0780821273214696,-3.048580177234256,-3.0884638953777777,-3.175426303071994,-3.2966533794744093,-3.406177802301849,-3.548429517581471,-3.6307223715084493,-3.686435042144267,-3.782859799720228,-3.861090098760074,-3.9191245544321514,-4.144996205715365,-4.207312389805908,-4.182888151178329,-4.1174162880390455,-4.008053798257928,-3.851578462857471,-3.628203551979926,-3.3967074263881343,-3.1412765480995066,-2.8696201670933705,-2.530584325777535,-2.187381701820731,-1.9096509091233438,-1.6611463197522185,-1.3427878364146506,-1.1029195666353984,-0.8447943104173739,-0.5712182061428254,-0.38284139180879845,-0.1914918125877518,0.08774058929857048,0.20733838246447509,0.2316302387863993,0.23143421577475332,0.2617060434988555,0.17439785604109778,0.04650971636288652,-0.000931302749231695,0.008798709344603532,0.03533290587781411,0.012388400920589586,-0.06803541752489221,-0.060422128954379324,-0.058635930973584924,-0.07402340406267724,-0.066948969292989,-0.06179137775870558,-0.09200275183137502,-0.028364133919455678,0
0,0.06675156032612263,0.06321004768612531,0.14066060962485677,0.16473118585751037,0.16172706707641585,0.13482938231107416,0.08943851877639955,0.04208684479298694,0.06742962895142053,0.06068196873780791,0.0051854227967515045,-0.03939896089098637,-0.008406062561761516,0.07972110786646533,0.1479372063004974,0.1036208501813089,0.10141147644085817,0.09223025491275091,0.011960362072163479,-0.20238060290140292,-0.3318698739824183,-0.4666084743112549,-0.6556442405346071,-0.8575370806442727,-1.09553294791232,-1.3896166999307642,-1.620014299936951,-1.8768143486472257,-2.2231486818154487,-2.5793408137747433,-2.8478788931062216,-3.111426119309232,-3.3638857112585687,-3.5909252029583865,-3.7536885642423092,-3.834803308663202,-3.846312250823678,-3.813526520139694,-3.685741542773513,-3.3926141491101336,-3.2593436202413666,-3.102773499561838,-2.9096351074493354,-2.787807004967621,-2.67515199370351,-2.5109065538433244,-2.4100270541138253,-2.3144997838674266,-2.2793229494497744,-2.3153051852703395,-2.4011767313339676,-2.529873834187617,-2.6612382463969673,-2.8339152633947675,-2.9455452974361744,-3.0375378954154617,-3.171505420289223,-3.2765670729906615,-3.3623668167991974,-3.604931582582724,-3.6966421826136697,-3.695127705678562,-3.6678413889311474,-3.5959094465729704,-3.4605807429490185,-3.265553213527574,-3.0437227557481785,-2.803371699806537,-2.559980596341272,-2.237231866931021,-1.913509789391502,-1.6611463197521505,-1.4390898292027643,-1.1640416445617436,-0.9515024106664569,-0.7411204419198976,-0.5191250033493316,-0.38374505798378067,-0.23892056553815,0.011348548331584838,0.10656347441639917,0.11182872691961916,0.10622434428852809,0.13384142637372587,0.0428143853086106,-0.08129520652849064,-0.1352671608678818,-0.11943469978736133,-0.07907472444035236,-0.09549867055654504,-0.16267568839154387,-0.1323947360654227,-0.10784258241936681,-0.09592618439478236,-0.08579517289429064,-0.06902700460175583,-0.0924131743530072,-0.02391765885590715,0
0,0.07410791272251467,0.08094549661062778,0.15762219022206922,0.17334392128884782,0.16848450518573135,0.10312443570017192,0.022661545822266652,-0.05449308505136539,-0.06232085792488215,-0.08843692641055972,-0.1705027666901723,-0.2338878866603191,-0.22065487065511036,-0.1453931941138844,-0.0880430368490453,-0.14007422425368704,-0.135660938189111,-0.12527577720095315,-0.17372321983583522,-0.33265893119099954,-0.3964931550291758,-0.45961356044174595,-0.5752935098724196,-0.6943412089656619,-0.8856627646052847,-1.1191609111761809,-1.303243279112746,-1.5218407310528668,-1.837251196921342,-2.172848871647397,-2.4205860399648276,-2.6699755702766015,-2.9105458762261898,-3.130237819587382,-3.2751133018280494,-3.3358972716030704,-3.347051033437333,-3.3220189070672466,-3.202181127812229,-2.936776998963051,-2.8063436627359732,-2.6515686103128258,-2.452774413766574,-2.317167615567396,-2.1790735722900005,-1.9983018445498855,-1.8817177747007474,-1.7805277901712602,-1.7409581107261398,-1.7735787464904187,-1.8575247886219346,-1.9876250393487367,-2.1309723171397,-2.3206147372726464,-2.4582616139520135,-2.5669857319187073,-2.712849868721964,-2.8213021908460343,-2.9085552200968157,-3.127915270305606,-3.2162763510659858,-3.2144501758677007,-3.191015520842572,-3.1417783692127506,-3.021801141042379,-2.8313096742246744,-2.6162216288865774,-2.386289397423931,-2.160552456707455,-1.8558551029718093,-1.5589086617391905,-1.342787836414573,-1.1640416445617765,-0.9530485584011094,-0.7878567948070379,-0.6610392483026944,-0.5148265160782675,-0.45048948137079997,-0.3722123856605723,-0.1801546101046494,-0.11787046944739432,-0.1336887333442451,-0.1450592276676945,-0.10926325336928938,-0.18676547388779757,-0.2976264159059885,-0.33287976911134737,-0.3002559789554869,-0.2355610093236959,-0.2353580363811767,-0.2704633117894992,-0.21157750057841215,-0.15185417960076583,-0.10249292329054925,-0.08933319757830555,-0.06179153077172019,-0.08091035626092896,-0.01914592834169207,0
0,0.07865186352300461,0.09588959955750574,0.17077240233694063,0.1657379702269184,0.14912454344580786,0.05530578457491756,-0.060078840344102095,-0.17347109830703905,-0.22197120240834617,-0.2754089735632947,-0.3893082925791699,-0.47059758607514346,-0.48223767112708527,-0.4179074812535735,-0.37751706648003497,-0.4428763762791681,-0.43119758127624064,-0.40245874829250455,-0.41954441772483736,-0.519030221531978,-0.5245545061152995,-0.5172045069507021,-0.5646217991062954,-0.604020546445992,-0.737209512832398,-0.9229094471825587,-1.0740761874095863,-1.2590281262509957,-1.5433385009028182,-1.856836457407478,-2.08004454891126,-2.321815942519297,-2.5483494707342516,-2.7483468740698123,-2.8699312848256304,-2.897401161049534,-2.890410648637281,-2.853850840326114,-2.71556368083896,-2.4435339669040412,-2.288690464765198,-2.114551309444384,-1.8867782815013185,-1.711301426318187,-1.5341298795629033,-1.3099661418350241,-1.1661688157519638,-1.0557073288037389,-1.0101891032484158,-1.0417119233207732,-1.1290322848859584,-1.2683457728800056,-1.437113389184822,-1.6714763025632497,-1.8486529462084187,-2.000936762244361,-2.183218274215859,-2.3163545882396614,-2.4323449030642452,-2.6616966217640914,-2.769616148679155,-2.7837257965343682,-2.780884948173836,-2.766337602221468,-2.6662922218357354,-2.4904682673538114,-2.2827975541247767,-2.054369560852711,-1.84833939944128,-1.5611076914348176,-1.288618558487382,-1.1029195666353961,-0.9515024106664279,-0.7878567948070438,-0.6802408917927304,-0.6341419151187041,-0.5604009443609232,-0.5693452663909376,-0.5529382773459842,-0.42474216891242583,-0.3949539634992338,-0.43202865630124276,-0.4507521714269213,-0.40240025846458355,-0.4633360742563142,-0.56352668162071,-0.5748970346762722,-0.5267122020260171,-0.4339906405732964,-0.41014992138638895,-0.40520631557179393,-0.3110441598958364,-0.21650476425400242,-0.13905058097779124,-0.11217647245227058,-0.060656554908486066,-0.0743797757320971,-0.018803549676172846,0
0,0.09057282792623701,0.11922571335853754,0.19681514563959418,0.16989988249309795,0.12150284614347549,-0.029630934230638967,-0.18541812677046932,-0.3440774002846194,-0.4289901916500615,-0.5083500736780513,-0.6556462179500138,-0.7621471917995475,-0.7989230641081045,-0.760454747302799,-0.7310746591700275,-0.7988272715514765,-0.7816228466021258,-0.744041275355376,-0.7298687384080305,-0.7806856615116751,-0.7256403506722104,-0.6526797984470476,-0.6186575037959557,-0.5716822293996423,-0.6243430059470596,-0.7259696984440428,-0.8269862678686726,-0.9675697092512354,-1.21537414052134,-1.513476190608229,-1.7148670556254408,-1.9453110301520422,-2.1564273680724373,-2.3285704954026913,-2.4301903578796877,-2.430398577560909,-2.412252143520259,-2.368627413334849,-2.2155779877687105,-1.9394758481815695,-1.7602466230626246,-1.564025340892496,-1.3149897648362452,-1.0933825516992393,-0.8857276012619819,-0.6282567898556014,-0.4586670350369296,-0.3331824903849662,-0.2818250678475708,-0.3121525947977341,-0.4009161243683167,-0.5530669402371738,-0.7456592124760927,-1.0142547800899215,-1.2237890282592245,-1.4237057364238876,-1.6347921003519725,-1.7951107276813272,-1.9415790911502149,-2.1799035421982556,-2.3059882874271223,-2.33251176043102,-2.3452854449265,-2.358832554803973,-2.2763535080705974,-2.1230555391935773,-1.922213814109057,-1.6968398405563634,-1.5071425903523064,-1.2321694913212222,-0.9899629424792366,-0.8447943104174185,-0.741120441919882,-0.6610392483027159,-0.6341419151186867,-0.6758796985761254,-0.690480181796961,-0.7695997484724378,-0.8198195015307791,-0.747421085749114,-0.753237417618326,-0.8026977411247384,-0.8266078767655516,-0.7734028028531157,-0.8190507779196894,-0.8898779080475426,-0.8729681658656677,-0.7976401897528782,-0.6741109009179281,-0.6273244492641875,-0.584146204913751,-0.44400617061370645,-0.3093481778764719,-0.17315258010896548,-0.11232035757599364,-0.036267965404052305,-0.051186232441791976,-0.006630201778136917,0
0,0.10182472845360753,0.14889285660767834,0.2330712868314821,0.18906094107158833,0.1163216082265125,-0.07989317784011517,-0.2670920567527938,-0.4689362847320078,-0.5845339881044594,-0.6746521077968465,-0.8374471881691774,-0.9544692664083388,-1.0000772227079044,-0.9779987653396377,-0.9568904733398825,-1.027982208432332,-1.021203983982937,-0.984037165137704,-0.951642409458496,-0.9687616862473488,-0.8613097948376932,-0.7410946293680385,-0.6394334267209938,-0.5073907179244086,-0.4894868726240874,-0.5153587882700525,-0.563059018560548,-0.65972636257536,-0.8650590940204639,-1.1360872722460016,-1.3005906383811345,-1.5011459890134766,-1.6879830699467577,-1.8316853927728818,-1.9059511700829932,-1.872798875587781,-1.8254621620535927,-1.7656689632497489,-1.5960596388345039,-1.3150940356530652,-1.1229348838742996,-0.9119033094374241,-0.649634436454009,-0.3957846312029132,-0.16265434145354318,0.11652424339326366,0.29318683077190305,0.4281334050992452,0.4849201318434869,0.4549960920669621,0.36416719881019843,0.20231977724425612,0.002888878727713053,-0.28778695306626745,-0.523377796798199,-0.7567842187457983,-0.988665097406295,-1.1691858673093602,-1.3342370452264105,-1.5804848112155543,-1.7254231655206016,-1.772074056799312,-1.8148755499132552,-1.8610303715233538,-1.8020798588801001,-1.6709463576968229,-1.4881996303204132,-1.2878915850356867,-1.1291591023951488,-0.8776359572791695,-0.67328221149304,-0.5712182061428379,-0.5191250033493381,-0.5148265160782423,-0.5604009443609222,-0.6904801817969358,-0.779212100262555,-0.9109566591627138,-1.019333426728575,-0.9862460436002537,-1.013536990912151,-1.066067428697878,-1.0769914526694027,-1.0185531486091706,-1.0512117016226143,-1.1004833382450407,-1.0709695723256167,-0.9842635420527586,-0.8441749590792789,-0.7855217333737303,-0.7100866824628936,-0.526383664830658,-0.35854073493351196,-0.17484354188005938,-0.09005833381157073,0.0038185362115238123,-0.017079824791561133,0.007197399707876973,0
0,0.11219680398363424,0.17581384871689237,0.2806793481050758,0.23542225417020982,0.15071434048208687,-0.08200058675002785,-0.2991712090491352,-0.5323337007606536,-0.6734932377437359,-0.7855383709268965,-0.967324142163826,-1.1113284872275424,-1.182645364856628,-1.1779235861302557,-1.1693698176746947,-1.2603795690959116,-1.2711698016079154,-1.2443797701767885,-1.1988132148283865,-1.182324293541406,-1.038438608146685,-0.8816123669800522,-0.7310069921422185,-0.5303961578340312,-0.43826031028044937,-0.3904358980334273,-0.3809495723852728,-0.4236037939305962,-0.5763329409605501,-0.8122611514123922,-0.935716714744823,-1.1041510158104995,-1.2605500402524508,-1.3715051092198445,-1.4265117367357933,-1.3674505543194337,-1.291090638238428,-1.2078378501209042,-1.0174417063482717,-0.7312530637342624,-0.5162079101444218,-0.27948485994080036,-0.0018287766946506292,0.26987854017984514,0.5122787361447765,0.8114623597961703,0.9899140252728168,1.1269689964337326,1.1856823915645325,1.1568035273435944,1.0661661518218224,0.9011114466443401,0.7010199709618928,0.39116539163611114,0.14564989545760534,-0.10964503931922008,-0.36472605966479194,-0.5751527997924994,-0.7681650647217032,-1.0220657893634215,-1.1911035591848158,-1.2644887120123716,-1.3375857552358754,-1.41175551224317,-1.3677214272636893,-1.2614399990480059,-1.1032706588495558,-0.9321241283829443,-0.8100265307000925,-0.5895593456259577,-0.43297257447705967,-0.38284139180879645,-0.38374505798371167,-0.4504894813706963,-0.569345266390884,-0.7695997484724256,-0.9109566591626911,-1.0825164784666663,-1.2313732437811107,-1.2353465690619438,-1.278680250330383,-1.326188250900369,-1.320024895931627,-1.2444579959140174,-1.262672379165314,-1.291430347039599,-1.2360784173511297,-1.1248267935459575,-0.9670127818686165,-0.8871735908367914,-0.7864129328956709,-0.571413636019788,-0.37008437293526647,-0.14585799210479927,-0.04709171015717608,0.04990694611205527,0.009515052659834699,0.01814574535521199,0
0,0.1293028375938772,0.21373954412208485,0.3435089777391709,0.2915523438589958,0.20315969089983782,-0.05388678354029668,-0.2868701766832186,-0.5390509733822137,-0.70496572430063,-0.8408866537610813,-1.047259005204968,-1.2184516578025157,-1.309924954281809,-1.3280805244829492,-1.3464465406270205,-1.4600824648576798,-1.490655541811954,-1.477198851785009,-1.4176122362794867,-1.3763581314205788,-1.1990885040557395,-1.006218562523498,-0.8026611704337361,-0.5373344246540366,-0.38064896548099775,-0.26365655062723037,-0.20295144236818022,-0.2008778117814829,-0.29439211350603045,-0.4874615422081353,-0.5804398216203702,-0.7209581237002731,-0.861671249307968,-0.961168239411474,-1.0027169762024697,-0.9334320923056628,-0.844350243306713,-0.7486623495854235,-0.5554467713853348,-0.2674259832620839,-0.03789253647892945,0.2225460095384859,0.5095997596770946,0.8049764855473205,1.063870802029838,1.3780817754928794,1.556634297656201,1.6964291370996065,1.7506054489840255,1.7232308276784472,1.6399619621931272,1.4726133479223409,1.2766507124387099,0.9523833821116242,0.6881786303439805,0.40441498923882235,0.13251591344360522,-0.10616613853319024,-0.320783733215376,-0.5802317270188885,-0.7566126549289572,-0.8447421770904883,-0.9332716520345281,-1.0207202576741756,-0.9878490020335613,-0.8857452335324043,-0.7332311917218829,-0.5833903530127506,-0.48458608421334626,-0.3011931898892217,-0.1997694957596803,-0.19149181258769246,-0.2389205655381258,-0.3722123856604608,-0.5529382773458628,-0.8198195015307488,-1.0193334267286143,-1.2313732437811447,-1.4201035301278768,-1.4548315121849493,-1.5156435145676923,-1.552530295985065,-1.5288958817025307,-1.4332185674305116,-1.4242448184605179,-1.4290253130135544,-1.352359723453156,-1.2153896935953006,-1.0327388482144428,-0.9283781564503196,-0.8035633589956883,-0.5695349666585486,-0.3516513190698844,-0.10033456314183141,0.006181479608005331,0.11069268005466251,0.046126540669476,0.03493297179946228,0
0,0.1707974136211921,0.30330144653999586,0.4779328371177244,0.4447301963821686,0.36587742355281133,0.09420526451217476,-0.13736080398416362,-0.39353677111240404,-0.5744213677700664,-0.7259316220164415,-0.9487598866264427,-1.1441897982039086,-1.25716380865661,-1.3105286960207527,-1.3558398582132165,-1.4957067602551797,-1.5392470831973002,-1.539433507203458,-1.4796847631153724,-1.415657732276913,-1.210202506239242,-0.9837452256254763,-0.7454513498655385,-0.4267995725147145,-0.20466332597141218,-0.026957922938758053,0.06438416268677111,0.0968373614062145,0.04793421238109011,-0.11268291040140935,-0.1763877285398017,-0.3017781935851864,-0.43945892945908493,-0.5275573600387428,-0.5654452687766494,-0.5012252017197084,-0.41955918558317434,-0.3338268147169064,-0.14736990911531722,0.12393666543060614,0.3487979686788202,0.604349311154189,0.8899660651833186,1.1854794514628775,1.4453985204871238,1.7660836828335884,1.9373102935728828,2.065568475473516,2.1178997366222667,2.0919940761418134,2.0133651159872583,1.8590026907843389,1.671804579466675,1.3425125594198708,1.0760958997334737,0.788277523111464,0.5118481797324972,0.2733698831395249,0.05977553022523991,-0.18493595474477748,-0.357616116708028,-0.438031274376997,-0.5201361478692706,-0.6037037679736765,-0.5720200468123973,-0.476204694061563,-0.31884355918979973,-0.17873746204009278,-0.10544422234441793,0.048076619457046006,0.10902428453407682,0.0877405892986272,0.011348548331547088,-0.1801546101045761,-0.4247421689124007,-0.7474210857490368,-0.9862460436002847,-1.2353465690619327,-1.4548315121849018,-1.5163733481720307,-1.580646979887869,-1.6072966701833744,-1.57059406633245,-1.4511694630559053,-1.4158967570796017,-1.3846640342962069,-1.2856070529248906,-1.1246772160879042,-0.9249059357582511,-0.8036874067367767,-0.6607816474527981,-0.422623979149355,-0.20444459553374036,0.06262305271411807,0.16120346361620236,0.2474141492814435,0.13648233223944523,0.07753311452717505,0
0,0.21094424474845494,0.3958898871102107,0.6197058582141967,0.6189823879032138,0.5599485749067853,0.2962538536091241,0.07515969192901,-0.18186543774617903,-0.36700472773973764,-0.5267468189257553,-0.767478546594922,-0.9876211828550195,-1.1351211132495598,-1.2193806455652723,-1.3036387663746494,-1.476721588984274,-1.5526948171444073,-1.57863030168474,-1.536379660446976,-1.4747140207907299,-1.2561376651861722,-1.0188985266243111,-0.766268933567895,-0.41685615028188894,-0.16298871557981656,0.04657943851051793,0.16221227259895857,0.22856411439673138,0.21491481666347811,0.08739779944349281,0.0536123242348673,-0.050228872097829176,-0.16882507736101288,-0.2420667036598128,-0.25580727743123827,-0.17791313834390785,-0.08955137702109056,0.009131449188162558,0.19752457183539152,0.45605592545530954,0.6807245396135593,0.9444473015976015,1.2308090979932882,1.5411035566970956,1.825378645311374,2.15802102745334,2.32487947285142,2.4447737651137844,2.493544010507879,2.467166894155137,2.393548876613403,2.2473418502046005,2.0657209631052944,1.7251588269345677,1.432498686005224,1.124626630430433,0.8400420236871152,0.5867032910192844,0.36791669128624793,0.13219893431566399,-0.04459772578608883,-0.1379614158108423,-0.2242847582828435,-0.31815337260187193,-0.30379606003306225,-0.21247109309308965,-0.06407184509423974,0.060730495101565356,0.11014482712979051,0.23375878669775632,0.26232085015829615,0.20733838246450098,0.10656347441643142,-0.11787046944734922,-0.3949539634991969,-0.7532374176183141,-1.0135369909121335,-1.2786802503302994,-1.515643514567645,-1.5806469798878855,-1.629336205409582,-1.6294432512634922,-1.5587541648023489,-1.4046751418041206,-1.3283828589078002,-1.2622138365250979,-1.1249267417654738,-0.9388782825856918,-0.7196152355726892,-0.5877563129781723,-0.4389173264022413,-0.199470950590614,0.008810011004929381,0.2675866055511847,0.3462126564348376,0.39737620752931135,0.2352467476973523,0.12207020842181189,0
0,0.2733598675141515,0.5265520560012911,0.8103722726314081,0.8613516548869855,0.8329393281880955,0.5886787645392434,0.3843201368008509,0.1306804138752116,-0.056003823706968256,-0.22690885425635984,-0.4822622744755454,-0.7234430063654348,-0.9055546253149306,-1.033397170094518,-1.1700115345240447,-1.3924952542626212,-1.509605519645391,-1.575355531235784,-1.5611482133721202,-1.5142502711046566,-1.3092435508915266,-1.0796861312530746,-0.8311159473020778,-0.47309775019461675,-0.19921336467579914,0.03240545587543827,0.16799499038790772,0.2618479703939,0.27517147592671354,0.17884475271834432,0.16960748762275146,0.08498394661341341,-0.01690654230145924,-0.06929430860777441,-0.06289042985045584,0.03095789556080354,0.13475888963208987,0.24301789549341007,0.4358015732952801,0.699784658087508,0.9329245954931696,1.20585808552685,1.5143626017440126,1.8402732266259207,2.1415098199620535,2.4829333183976146,2.638485114624657,2.7517277501796817,2.802896086809813,2.776575907967924,2.7010690381351283,2.5612299905731852,2.391158636476312,2.0427136384465316,1.7319538480286731,1.403297752955211,1.087206709426232,0.818090015525221,0.5871042427001435,0.3420244991574277,0.15960431512215825,0.05677238225770573,-0.043915210198398835,-0.15093539273397544,-0.14899159153204003,-0.07009220403858465,0.06993587889210662,0.184120024603325,0.21400316567534702,0.30958912321544524,0.3142509302097984,0.23163023878636432,0.11182872691965362,-0.13368873334423836,-0.43202865630123727,-0.8026977411246979,-1.066067428697826,-1.3261882509003824,-1.5525302959850535,-1.6072966701832863,-1.629443251263516,-1.5901387848114428,-1.4787462903274744,-1.2770581527645546,-1.1500019728060955,-1.0398279364203926,-0.8652876777096447,-0.6551638002891743,-0.41824735715161343,-0.2714920394585915,-0.11749803179027356,0.12088049067752714,0.3131637853652141,0.5512329301716374,0.5984444249985037,0.5951977515633629,0.3695010775716369,0.1877379883687666,0
0,0.3148462465224027,0.6163468932769927,0.9484730923790267,1.0373467336044133,1.0328639192645366,0.8137062423006602,0.625290100161967,0.3874408617042518,0.20934602056146312,0.05048377160080635,-0.20181067045659465,-0.45014752627591836,-0.6548283627757188,-0.8146532372156615,-0.9907798849036813,-1.238281606089219,-1.392970389733411,-1.501465511374579,-1.5264286088364236,-1.4961644705459267,-1.3091606815929748,-1.1012522373947158,-0.8710970244796761,-0.5123474982947811,-0.2305134281063472,0.007818649508061931,0.14815008977453217,0.24393033177440526,0.26604489992623603,0.1788011309828611,0.18368758837322752,0.1252247743486148,0.048493539049266426,0.021584072255419404,0.04813753991902311,0.15770940618752635,0.2866649527110672,0.4138956558056676,0.623247840431593,0.8928640700281856,1.137470296192729,1.4214303300068616,1.748053263744034,2.084337708286502,2.3951536722551205,2.7462564704023866,2.9062499078163895,3.0268089436530263,3.077304810970274,3.0495522376800146,2.9739535320210226,2.825760048654309,2.6507537538413137,2.2934549405544655,1.9731261228184138,1.62996198104563,1.2883306194088617,1.0018938226785061,0.7581664138220445,0.5049255119913792,0.3051573779595405,0.1839352640116036,0.06004036606569683,-0.05834347922756276,-0.06771540495262424,-0.004473459639161295,0.11827715253456145,0.21189485657616586,0.23247743496038606,0.32040247824248724,0.31628750153137136,0.2314342157746545,0.10622434428848188,-0.14505922766767032,-0.4507521714269373,-0.8266078767655037,-1.0769914526694333,-1.3200248959316379,-1.52889588170258,-1.5705940663325177,-1.5587541648024061,-1.4787462903274937,-1.3315099831300996,-1.1079744248049672,-0.941680379521074,-0.7961797584751885,-0.5950017191118642,-0.3752890970376343,-0.13709575435615295,0.0023339758834285745,0.15073970620786534,0.378277893178691,0.5578556337371487,0.771280792603906,0.7935649129945965,0.7484174002508209,0.4702116858639869,0.23372153508807145,0
0,0.3612168745081239,0.7086461425176258,1.086899805459831,1.2083916536985395,1.230211108017904,1.0408351636191222,0.8827206525908888,0.6666802814178185,0.49795592981614434,0.3500819838679694,0.10537677956821201,-0.1427219863257822,-0.35694933354497616,-0.546068273415969,-0.7420601778088511,-1.0070347585256383,-1.1838471837016515,-1.3410192424686087,-1.406767722844135,-1.4052414204220243,-1.2424665529383447,-1.0529021787963313,-0.8317461381422867,-0.4822739304890962,-0.21487308890004542,0.016990290812224498,0.15890789810969594,0.2630237858105542,0.3016499732414435,0.22820114038004863,0.23945072509487736,0.1914572646647925,0.12625644020807192,0.11764866569385284,0.15704309620292978,0.27222361825523556,0.41346827195017755,0.5588544963831884,0.7726708199483161,1.0444997164231264,1.2789916773138543,1.5611801861093877,1.88195848486648,2.2069157301634488,2.5271235888308023,2.8725212042165227,3.0176672895103467,3.124287878636798,3.16642635421927,3.137392173288924,3.0702172011524542,2.9388359959220693,2.7779028980601113,2.4275690014188784,2.096480450494149,1.7598211292705759,1.4199120292812915,1.1327503509072225,0.8973395193016925,0.6394764241265798,0.4352316012547459,0.2989343509656493,0.16575210673054858,0.04699073826962723,0.03106856069038592,0.08230542553086821,0.19781676532507195,0.28611735289845974,0.3026777154765077,0.37596641231991407,0.3545945925930431,0.2617060434987823,0.13384142637361704,-0.1092632533693425,-0.40240025846459326,-0.7734028028529333,-1.0185531486091135,-1.244457995913958,-1.4332185674304223,-1.4511694630559464,-1.4046751418042287,-1.2770581527646057,-1.107974424804972,-0.8664891839073398,-0.6799164286143616,-0.5035126882502545,-0.2897708816049416,-0.06841378206809991,0.1653489602479888,0.2978538237458269,0.44050030481845875,0.651177375983566,0.8046569630939768,0.9917128956999259,0.9868174695575612,0.9061179818960249,0.5770179601811128,0.28883938969656525,0
0,0.3921706893704179,0.7800012228249381,1.2003622356449068,1.3579498306647442,1.403522735046498,1.2523948370763993,1.1211618254873834,0.9251273080857735,0.7689882308799751,0.6287575114065748,0.3790126252655937,0.12307885926431253,-0.1070435028341029,-0.32144905856829925,-0.5463476081112987,-0.8314428655308087,-1.049106494748835,-1.2566701176814838,-1.3676710616166543,-1.3985477486793103,-1.2671133092836817,-1.097248823179921,-0.8932436793958135,-0.5662994615176088,-0.3168683190649114,-0.09942979711687122,0.04352698988533623,0.15940663443950592,0.2256636320576281,0.17689018043402643,0.21089933282061257,0.18063184384997033,0.14006736159640423,0.15703467217618483,0.2183775841839637,0.3476409362429496,0.5071899555936618,0.6718063835636552,0.889521557148643,1.170519364761068,1.3998310174011785,1.672499242974069,1.9873135779827802,2.3035091441397983,2.6268185920406353,2.969635566654673,3.0994253336944126,3.188999846748406,3.2232304812029744,3.1942131606723607,3.13471574961908,3.0222134136380956,2.875711334416933,2.5261786183859813,2.19059300218948,1.856198214221183,1.5180760576092605,1.235753939106739,1.0040249601588456,0.7363860166732521,0.5293633765370271,0.37853045000194485,0.23113363412024104,0.10469335333950953,0.07388477041636798,0.10682182310657087,0.20474060567480803,0.28195731862138723,0.27828659895658986,0.32877289210885013,0.27991268460730556,0.17439785604109492,0.0428143853086102,-0.18676547388782036,-0.4633360742563871,-0.8190507779198415,-1.0512117016227027,-1.2626723791652734,-1.4242448184605074,-1.4158967570795826,-1.3283828589079072,-1.1500019728061401,-0.9416803795210898,-0.6799164286143721,-0.4636725092383346,-0.25674623844113004,-0.022550344037764836,0.21063110665191348,0.4522531647104381,0.581517589533505,0.7158709475666077,0.9106581509673249,1.0427989864531848,1.1946353037400186,1.1653124193487574,1.04322860645758,0.6670368375995945,0.33107673259421455,0
0,0.43204352778228783,0.8517619996588948,1.3088835373980585,1.5103990048137548,1.5809769168753478,1.4640855925505178,1.3729367088176696,1.2069229548550107,1.0528046391962174,0.9012025181055129,0.6556174611442773,0.39327754123497455,0.14335466158953641,-0.1075701017410755,-0.3634228060292765,-0.6788518442235929,-0.9330245968584037,-1.1854287761954816,-1.3365223938389528,-1.4064221097185958,-1.3017270387350763,-1.1539109394435825,-0.9742920858703089,-0.6805358622284622,-0.4429061928669335,-0.23933786276415298,-0.10474554734355263,0.02607777177770908,0.119300984299931,0.10467951829982264,0.155717526587896,0.1479381940355637,0.1346957499739575,0.1786393028841408,0.26773467232905435,0.40926222019834047,0.5912350949340097,0.7771342760539534,0.9947069194479637,1.2852317410334306,1.4949629927555914,1.7618573836479638,2.0794423583187918,2.383701950110031,2.703661947690276,3.030398287553522,3.145111833334967,3.212428515743009,3.2420927504333608,3.2127920574783166,3.155270407947296,3.064917194344061,2.9306343640104062,2.595763834080742,2.261678214036419,1.9352759441757414,1.5918618403222222,1.312813220108763,1.1010678495051505,0.8258519834211663,0.6202898645377063,0.4525804203510967,0.2886379370091677,0.15618384508335015,0.10292352506817976,0.11387611648115693,0.1891789585078139,0.24940719195893032,0.2294581006047443,0.2462704026609371,0.16896751419980058,0.046509716362830335,-0.08129520652842852,-0.2976264159059818,-0.5635266816207826,-0.8898779080475686,-1.1004833382450898,-1.2914303470395934,-1.4290253130136132,-1.3846640342962349,-1.262213836525204,-1.0398279364204286,-0.7961797584752666,-0.5035126882503516,-0.25674623844112276,-0.012211906761310506,0.24701904767504196,0.4919233798161448,0.7339393194718976,0.8794023940912237,1.0169066212138402,1.1882156983126262,1.283043436772944,1.403171027060332,1.3483305471986262,1.1771468392888123,0.7576232919307712,0.38152710899490466,0
0,0.45494334386825075,0.9059947563674495,1.389225739876739,1.6216161671512836,1.717008264929406,1.640637251483151,1.5818662273995292,1.443604568557973,1.300764058242932,1.148884319119963,0.9124867501462884,0.6541630994751474,0.3974600910188327,0.12458120202831058,-0.15091236068132083,-0.47648830552619337,-0.7559980744044598,-1.044174614622885,-1.2337901392923656,-1.327166778071734,-1.2447962421064827,-1.1250274219715333,-0.9587267628739241,-0.6965996688973995,-0.4839350210574736,-0.2982694242635516,-0.16247040033342475,-0.025012266974535055,0.08072018238251975,0.09494931113559701,0.16342837198367338,0.1684075644376978,0.16198939085278255,0.21632009636595328,0.3121968588735764,0.4567997669851073,0.6490174975392007,0.8472043898797988,1.076004429870834,1.3580404216784843,1.5613916640390302,1.8260465304340845,2.138025828179628,2.4357056213248005,2.7528193704556534,3.070278509829238,3.1605008341487673,3.206490319095472,3.2310586374554364,3.2019735681483246,3.1480080411480604,3.0780715436244335,2.966674401137336,2.6427058273770965,2.310299796679606,1.9874080660202043,1.6496875830165896,1.3711022781654458,1.165549085400553,0.9006214967133125,0.6855901084154045,0.5087669678272323,0.3382706731694047,0.20698047075115425,0.15063762680902226,0.1545052316362609,0.22457540938026016,0.27226370345956147,0.2356687846932636,0.22397106050216245,0.13049705180217425,-0.0009313027492226074,-0.13526716086785903,-0.3328797691112694,-0.574897034676293,-0.8729681658656732,-1.0709695723256611,-1.2360784173511732,-1.3523597234531821,-1.2856070529249264,-1.1249267417654711,-0.8652876777096213,-0.5950017191118944,-0.2897708816049952,-0.02255034403775165,0.24701904767505584,0.5184904066460952,0.7643008935186733,1.0006472145571401,1.150333290031348,1.2801399781990168,1.4282795113438453,1.4919958019169497,1.5724374914824422,1.4908425848332283,1.2821095963847908,0.8291297456015091,0.41329681349541264,0
0,0.46866653611991543,0.9372478054842543,1.4284566531323548,1.6865740913912677,1.8063707572820271,1.766284209990456,1.7337741788869807,1.6208148579459078,1.486248694623929,1.3405609275990558,1.1172637151514926,0.879065002055674,0.6254028548027788,0.3438789294311057,0.05818382544875689,-0.26641310025967696,-0.5542794341207943,-0.863955669363488,-1.0776777744658912,-1.1939556763573342,-1.1346977360434307,-1.0358370404135466,-0.880188990635105,-0.6446494763255303,-0.44824099286466806,-0.2783380338009882,-0.15287332215239915,-0.024801917240523767,0.07794943234904764,0.10364509325405809,0.17993841320094708,0.18885914925049677,0.18153360149684358,0.23868511924507319,0.3386976584708343,0.4764508029294109,0.6640878708951529,0.8684393681196738,1.0961046079104813,1.3826918575160116,1.5743484182031644,1.830085271729891,2.128651213778612,2.4126297918073862,2.7208582518135733,3.0319545241357884,3.11633213673065,3.1588201053007143,3.186780642010468,3.158919255295005,3.1032877570123976,3.0380081914970556,2.9323267243665625,2.6158537484154407,2.291819971923487,1.9810242764763828,1.6572825446593844,1.3874928527048769,1.1935964773863859,0.9228214634428789,0.7081676346150874,0.5261763978528775,0.3616410006117193,0.24046954339216606,0.1821784045837411,0.18410363048767134,0.2540109492612461,0.29962572819156097,0.25493094523090737,0.22926476917590863,0.13414479968102527,0.00879870934464332,-0.11943469978734549,-0.30025597895546396,-0.5267122020259691,-0.7976401897529124,-0.9842635420528191,-1.1248267935460206,-1.2153896935953337,-1.1246772160878846,-0.9388782825856875,-0.6551638002891197,-0.3752890970375816,-0.06841378206810177,0.21063110665194673,0.4919233798161151,0.7643008935185841,0.994541594538005,1.220839665069622,1.365301372860113,1.4859640107400407,1.6113176961116966,1.6481984326781556,1.6930482555246236,1.5844810040894164,1.345352746411413,0.8767099219057884,0.43670859935269385,0
0,0.4836884158429023,0.9697005166173938,1.4698756263187551,1.7487313963047355,1.8912556076225673,1.8943348827295414,1.8836333458059578,1.7909470622152457,1.669604322634509,1.5345460974498746,1.3234198351505568,1.0972569192390538,0.8512454783962908,0.5707901346501124,0.2769983217594969,-0.04364930575127686,-0.3328793962884462,-0.6565280705278228,-0.8877856811142262,-1.0189008086513003,-0.9809026055357589,-0.8965969643830627,-0.7548400289156564,-0.5496501561550605,-0.37880379649354706,-0.2319574504925444,-0.12294313028140141,-0.00608972502093709,0.09871887193885254,0.1271859613573604,0.20708942394954424,0.21514274021207652,0.20855953700293006,0.257145476937093,0.35554437167414743,0.48995313059962264,0.6671662352391917,0.871237548403628,1.0843589829884996,1.3552388766371413,1.522067327404804,1.7521799193992316,2.027773940028136,2.295232092551735,2.587503027622351,2.8737871739835317,2.947958184624388,2.9768978141427365,2.996604020258297,2.9700841423678956,2.924473543148583,2.8768243803309987,2.7829348074650633,2.491660462484655,2.1830109374377695,1.886595812856809,1.5858987637051014,1.340572942055852,1.1712926623468793,0.9132846382591608,0.7123988435801727,0.5320973977797673,0.3793408579893691,0.26340544720516323,0.20627379687105526,0.2166764349679557,0.2849871927735003,0.3333893863798529,0.2842049142164474,0.25394774628943956,0.15230396907663113,0.03533290587787985,-0.07907472444030422,-0.23556100932364413,-0.4339906405732162,-0.6741109009178541,-0.8441749590792937,-0.9670127818685946,-1.0327388482143487,-0.9249059357582071,-0.7196152355726103,-0.4182473571515269,-0.13709575435620133,0.1653489602479772,0.4522531647103841,0.7339393194718808,1.000647214557158,1.2208396650696163,1.4372508936830026,1.5731455683275235,1.680232373409599,1.7872858543363155,1.8028173111764456,1.8054775181067069,1.671312414197651,1.4055275673242307,0.9222990817240173,0.45876313240426786,0
0,0.4986137568398326,0.9881006253667357,1.4890589249139876,1.7744853152556161,1.9296920820079657,1.9549059445855659,1.9696954378415505,1.9028248069368743,1.7911137733487326,1.6544052564987595,1.4517588474980796,1.2329335314576797,0.9853372889155242,0.6913448099827466,0.4013650407511003,0.09059216467319299,-0.19054110100485452,-0.5275989913497605,-0.769532515779207,-0.9153242519181558,-0.9012867625281406,-0.8367556009806545,-0.7062238125811832,-0.5250433084294636,-0.37680343874593253,-0.24560663577894812,-0.14377775283238717,-0.040742507926770935,0.06679706737193519,0.11072538633854952,0.19443948333203623,0.20192188453183332,0.20074537752473642,0.25511692946800985,0.3410429979216538,0.45105847107086716,0.6026545952833543,0.7916589935600516,0.9770433739288604,1.2215140805752767,1.354940671032034,1.5546445519969712,1.7884978739347992,2.007590981486816,2.2645031213597084,2.512494924421523,2.559315690755909,2.574615345376399,2.5908375625698157,2.565910666403196,2.5253164472814014,2.495027479499222,2.4300829208753294,2.179680710764084,1.9076244837043386,1.6587181732400047,1.3990170638850885,1.1811703951307913,1.0416469835485176,0.8067157264277728,0.6313463514713606,0.46577095073313063,0.33894666288498837,0.250445164103985,0.20667429389392186,0.21143843414386548,0.27224897863896036,0.3215025776763042,0.26699510529127873,0.22126472977996375,0.11581570060071252,0.012388400920702697,-0.09549867055645399,-0.23535803638109412,-0.41014992138625106,-0.6273244492640797,-0.785521733373606,-0.8871735908366133,-0.9283781564501998,-0.8036874067366546,-0.5877563129781073,-0.27149203945856065,0.002333975883461175,0.297853823745878,0.5815175895334769,0.8794023940912251,1.15033329003134,1.3653013728601051,1.5731455683275564,1.7109452020453364,1.8089540974333764,1.891812624141487,1.8837704765896042,1.864675519843335,1.7168054915879682,1.4399511150330893,0.9509766291371189,0.47872798249620896,0
0,0.49316508842587853,0.9724608557816117,1.4701687531581404,1.7578326126053652,1.9235156284826798,1.9696399346538653,2.0109275824151394,1.970893563972571,1.8758906492520817,1.7487534242977165,1.5600372542876622,1.3510298356375716,1.1094333761874802,0.8111624753357465,0.5264976151505525,0.2200288632454851,-0.05424200566017431,-0.3914740278779679,-0.6365457349514352,-0.7989445153316715,-0.8068495553425333,-0.7646158546771213,-0.6629561803179386,-0.5190422738984083,-0.4083132252960243,-0.30595506713947146,-0.21580655717818517,-0.12371500776195579,-0.016782246592481818,0.037171657599148505,0.124849261263752,0.14111249404952425,0.1460971372137622,0.20433595132368942,0.2829256274888478,0.3818148780454545,0.521836038790519,0.6945418010810812,0.8551335131823417,1.0682278917210914,1.1709774020815176,1.335149239190674,1.5393346815258595,1.723632917911905,1.9462916848493774,2.1527785850456356,2.167090395566162,2.162581888239197,2.170447996255751,2.146245801829961,2.1137330845188824,2.106359147664558,2.0759404113530397,1.868488646970376,1.6307761945097992,1.4169051134632287,1.1866904555784854,1.0017669221221435,0.8910083136078412,0.6854211620196029,0.5348515471149998,0.3871669950378285,0.27263736799208665,0.19557829243955446,0.15743556022375937,0.15632767631113423,0.20776855977989095,0.2457116938326215,0.18576411062872533,0.12950015234965698,0.02334904603267201,-0.0680354175248618,-0.1626756883915488,-0.2704633117893983,-0.4052063155717033,-0.5841462049136124,-0.7100866824628235,-0.7864129328955584,-0.803563358995678,-0.6607816474527275,-0.43891732640222086,-0.11749803179028635,0.15073970620792645,0.44050030481850017,0.7158709475665878,1.0169066212138267,1.280139978198966,1.4859640107399872,1.6802323734096847,1.8089540974334406,1.8926883115332067,1.949376727576395,1.9161661638343837,1.8755788553995643,1.7146476455262445,1.4311075099730575,0.9429534947155308,0.4776617743276272,0
0,0.4673707279747503,0.926599058383494,1.4136473641243503,1.713628228548203,1.8922377256997835,1.9621007284786023,2.0210599888366843,2.006202991432984,1.938766976206332,1.8369376054478619,1.6681817658349813,1.483734504086109,1.2632245031085847,0.9860255375062422,0.7166678870907867,0.4269071935700887,0.1658995441362314,-0.1668310858516524,-0.40976512304994944,-0.5730826243477957,-0.5946104327940699,-0.5756938427324644,-0.5117277523905854,-0.40946641558407476,-0.3303636456860967,-0.2544553768803842,-0.18777348098530644,-0.10813424911514391,-0.008449123039195018,0.043317128965153315,0.1214423641927727,0.12873988750883794,0.13717741026370742,0.1932433634362644,0.2626661379651362,0.3429326280933536,0.4613029988571843,0.6101801974791854,0.7366502383650299,0.9122618827338984,0.9732265200639758,1.1020362535698223,1.2772127364873498,1.4177397493915955,1.5981094046013882,1.7678477450339214,1.7699101316693167,1.7500854306878024,1.7505788671095333,1.7284093971288115,1.7059470654878794,1.7170694715528132,1.6998413019827137,1.5294997953983664,1.335908856739228,1.1675381649016252,0.9684788983810854,0.82007469820702,0.7525942431890634,0.5829181599429232,0.46577483059593083,0.34042293903391146,0.24593236132286966,0.18530484391774218,0.15255038897994966,0.14656489290565955,0.18769612618758585,0.23105304145697292,0.1768731866125465,0.12035842712126323,0.019727280385201305,-0.06042212895433185,-0.1323947360652903,-0.2115775005782964,-0.31104415989565637,-0.444006170613691,-0.5263836648305811,-0.5714136360197164,-0.5695349666585022,-0.42262397914930677,-0.19947095059056724,0.12088049067761233,0.37827789317877514,0.6511773759835565,0.9106581509673536,1.1882156983126064,1.4282795113438234,1.611317696111627,1.7872858543363088,1.8918126241414923,1.9493767275763292,1.9805682504211544,1.928930430936238,1.8632928904404238,1.685591013995817,1.3874810436585274,0.9067771297879264,0.4586998295277388,0
0,0.4202421122029022,0.8453248901960027,1.3036551399837693,1.6011973620784925,1.7850315241281876,1.8784573174008794,1.9487026687335254,1.9513589709855599,1.9090051258256553,1.8319716721437986,1.6847719058492097,1.5281318487944116,1.336398528378737,1.0964798762909773,0.8493724609640879,0.5871618037082423,0.34145559661972424,0.029538725641943146,-0.1972829367755279,-0.3556364218608125,-0.38820661186774325,-0.396551868735279,-0.361055561784051,-0.29409433846900074,-0.24611677278286662,-0.20362905223882738,-0.15972151027040538,-0.10225096326226597,-0.014319685813661777,0.03539536331930761,0.1043123079996503,0.10489433816676748,0.10821425026174807,0.15136090783050016,0.21188772831526134,0.27430486258630704,0.3689476306108829,0.5002525513453119,0.6035935752406726,0.7557210397460075,0.7981425159225749,0.905625631342088,1.04125666896085,1.1497628191072378,1.2996989925338869,1.4453880283689577,1.437764043888007,1.417708076559959,1.4105389954378267,1.3912449931964215,1.3811137503633057,1.3953508881988368,1.3906337392507024,1.2456444167920693,1.08456598902931,0.9497182795715291,0.7921381812161994,0.6664378961836084,0.6161237178469987,0.46795923159377373,0.37316781919132963,0.26344976280207855,0.1888036268960967,0.14242175840706622,0.11395054227902376,0.11402818483105787,0.15187904670906052,0.19613441111505328,0.1478269337007054,0.09205948740211299,0.00008211930513717546,-0.058635930973465096,-0.10784258241928417,-0.1518541796006473,-0.21650476425387552,-0.3093481778764508,-0.35854073493349076,-0.37008437293521346,-0.3516513190699154,-0.2044445955336911,0.008810011004961064,0.3131637853653358,0.5578556337372196,0.8046569630939869,1.0427989864532212,1.2830434367729495,1.4919958019169839,1.6481984326781547,1.8028173111763983,1.883770476589558,1.9161661638343177,1.9289304309362825,1.8643694900792074,1.773388066243288,1.5870651668594373,1.2896436366951693,0.8338184138328316,0.4152815915766818,0
0,0.3862287548143696,0.7744721837540904,1.202224659762299,1.4920519186226762,1.6767064348009335,1.7817436240018847,1.8737091014385352,1.899128268500312,1.8793439998089532,1.8239995817361239,1.7174116119567178,1.5957905658549745,1.437971708316103,1.2266647424435142,1.0134843887694363,0.7778879347980558,0.5572346097283979,0.26791652578589786,0.053109534447378585,-0.11557862931516133,-0.1693632228904311,-0.21113156879937947,-0.21791311662204238,-0.2013351061114474,-0.17671684774197985,-0.16750783655401255,-0.1505828356151023,-0.11541693782802936,-0.04620405871660316,-0.009868144809957449,0.044260893180627044,0.04837246895822066,0.05655681711249594,0.11157050447948205,0.17381122058926748,0.23692084820224546,0.32950121377131525,0.4536433149782973,0.551300757700724,0.695296588099301,0.7317157252858868,0.8255990167243558,0.940333313644122,1.032411137141398,1.1452722082347946,1.272703896037997,1.262153556459343,1.2493293446129192,1.2431832397149734,1.225656642707327,1.2163000332235623,1.2242881227515305,1.2233863123202795,1.097650264381733,0.9746239079009251,0.8604473224502588,0.7256240297051892,0.6160081616610629,0.5709271390929875,0.42966116991974845,0.33803728330878174,0.2330592372094973,0.1569103582311424,0.10774803378276267,0.07324296471052592,0.05558182306482407,0.08077644095087322,0.11547871604501392,0.07855462418068922,0.03637860288548194,-0.03776165475786966,-0.07402340406258096,-0.09592618439464132,-0.10249292329040297,-0.13905058097773212,-0.17315258010894152,-0.17484354187994672,-0.14585799210473846,-0.10033456314182598,0.06262305271413758,0.26758660555115255,0.5512329301717274,0.7712807926039651,0.9917128956999695,1.1946353037400668,1.403171027060326,1.5724374914824337,1.6930482555246804,1.8054775181067368,1.864675519843348,1.8755788553995594,1.8632928904403696,1.7733880662433092,1.669439712701542,1.481606232747328,1.1923362477458135,0.7648803875928987,0.38142477786481066,0
0,0.33204018857976475,0.6618191823301031,1.0370501501540499,1.3025297306364594,1.4761687980127265,1.581437724974765,1.68035007431323,1.7209641490808048,1.7168557902909385,1.6787448514993633,1.6002060561366804,1.5068993320495547,1.3748271933734675,1.1901820549261364,1.0036218938326638,0.7972118452283339,0.6013804740765262,0.3458292673417917,0.15410952715442877,-0.004651517827915118,-0.06296722565162644,-0.11653205593691571,-0.1460888845993331,-0.15915483212932433,-0.14531932589341232,-0.14022956042798376,-0.1278157995633198,-0.09650968294140838,-0.026147052832477147,0.01531570099590613,0.06809131925083522,0.076473949307702,0.09320266800917386,0.1480035410721719,0.2005833767338499,0.25004142605899266,0.3183709493677691,0.41373967634496733,0.4844765296685405,0.589757064779688,0.6034234961276814,0.6716417001858788,0.755595649328552,0.8256852663921338,0.8966173902398151,0.9874091582678317,0.9699170735711883,0.9542885310768374,0.9435498310122414,0.9306632911517466,0.9310812419243694,0.9427389129194139,0.9507289996218468,0.8622366766267986,0.7830527686411967,0.6948523550597601,0.5920350910855295,0.5075305062139496,0.48432567516694836,0.3803557366884515,0.31247498528313844,0.23192151101648578,0.17650327397253787,0.13903778210845497,0.10998213408889056,0.08778637597545251,0.09897965242990231,0.12203320200827973,0.08512248182918954,0.04132694067696593,-0.03335019654776749,-0.06694896929288296,-0.08579517289418513,-0.08933319757821964,-0.11217647245233181,-0.11232035757599619,-0.09005833381150344,-0.047091710157162,0.006181479608155494,0.16120346361625595,0.3462126564348018,0.5984444249984799,0.7935649129946354,0.9868174695575803,1.1653124193486584,1.3483305471986002,1.4908425848332885,1.5844810040894524,1.6713124141976166,1.7168054915879745,1.7146476455262525,1.6855910139957602,1.5870651668594173,1.4816062327472759,1.3038759079139257,1.0367434266073148,0.6588465345573733,0.3305775708552358,0
0,0.2626633029925333,0.5166550274356797,0.8142081053177352,1.0370594701968054,1.1890967179117582,1.2864818869897874,1.3840684728812316,1.4351961918242522,1.4389282774245165,1.4110212641517652,1.3579265520950792,1.2930901890778554,1.1938406515045556,1.0558877871525132,0.9110064849556387,0.741073708002919,0.5861869017003829,0.3862239840796938,0.23297079581691577,0.09393269753735255,0.030248925616174618,-0.021711337294770303,-0.064272408489702,-0.09681391391443354,-0.10388914752409183,-0.10950226093768195,-0.10556342493522819,-0.07641918466862642,-0.007537952739309362,0.03983465449853267,0.09426685211071412,0.10186117129828141,0.11545033025821577,0.15311837131179998,0.19264544789337448,0.22863411491759034,0.2767404266875483,0.3501726005389941,0.39827256924248,0.47581797944005266,0.4781678951953537,0.523134477608311,0.5808990288166955,0.6248543005059062,0.6707730544299072,0.7214396239879278,0.6896660562876215,0.6621807904250673,0.6505807345755011,0.6412691698766415,0.6445293493007209,0.6681592751772918,0.6920618043044099,0.6424767596718964,0.5899352008138623,0.5320234830347166,0.46071946296790145,0.40247168243434245,0.39199565231486105,0.3154106721669016,0.2698563075195654,0.2082481758223202,0.17092868056178281,0.14378620424668495,0.12173434222733162,0.10809016770663746,0.11448681433850032,0.13028412030007375,0.08885904416903795,0.04134569449229893,-0.030431371859682317,-0.06179137775863467,-0.06902700460171472,-0.06179153077170017,-0.060656554908581496,-0.03626796540406559,0.0038185362115149366,0.049906946111966055,0.11069268005468902,0.24741414928142652,0.3973762075292768,0.5951977515633067,0.7484174002508415,0.9061179818960476,1.0432286064575995,1.1771468392887996,1.282109596384823,1.3453527464114017,1.4055275673242058,1.4399511150330506,1.431107509973017,1.3874810436585132,1.2896436366950548,1.1923362477457278,1.036743426607286,0.8123103526893777,0.5128594386306203,0.2616278890140552,0
0,0.16066557152290262,0.3188653255699049,0.5170319145053193,0.6621660611902037,0.7674067059520625,0.8366083411592727,0.9093873037793836,0.9497501887243383,0.9536282365250629,0.9276771287407138,0.8853538545440439,0.8342628114239216,0.7644386700856639,0.6695074999156619,0.5729359348251664,0.4570855104856041,0.35490460093910875,0.21985080357296466,0.11848302446617805,0.02647603372958801,-0.010617505955618091,-0.04002727408516046,-0.07393260548729294,-0.10130674224259043,-0.10935154143443854,-0.1188390184465574,-0.11943140713500323,-0.09427289556705878,-0.03867317473151509,0.0006203619405496403,0.04408098271028271,0.050859542882285357,0.05618175401687202,0.07585772631705494,0.09698923489316866,0.1148578015691723,0.14208276392785582,0.18945876649955,0.21890562661080198,0.2691949332679891,0.26906190919892037,0.29714619669643993,0.33496469047428373,0.36182117774337375,0.3901313057913649,0.4215510635175449,0.39907972902535704,0.37684918611960133,0.36731664412571696,0.36131708483627467,0.36556398388401684,0.3864951852294916,0.40452936795449074,0.37331997830184244,0.33955692655086256,0.30267968865884326,0.25582338268167937,0.21825013289709375,0.21199195682960506,0.16119376512770173,0.13193985219228,0.09229964124422946,0.07293194423196682,0.061126345188902885,0.050915479026510134,0.04680819232030265,0.0553393767768025,0.06475687468396593,0.030591591375289114,-0.008674016086927437,-0.06587477691895245,-0.09200275183138494,-0.09241317435308789,-0.08091035626100557,-0.07437977573217426,-0.05118623244183329,-0.017079824791696754,0.009515052659832197,0.04612654066953252,0.13648233223949965,0.23524674769737786,0.36950107757159467,0.4702116858640074,0.5770179601811363,0.6670368375996909,0.757623291930798,0.8291297456015271,0.8767099219057732,0.9222990817240317,0.950976629137081,0.9429534947154639,0.906777129787925,0.8338184138327813,0.7648803875928004,0.6588465345573682,0.5128594386306059,0.31478930884494544,0.1591113831719281,0
0,0.08283534513148029,0.1625475686209395,0.26532961198394667,0.33407624451177886,0.3863557903580436,0.42017124921186444,0.46386593081037997,0.4853331798686986,0.48413352659740316,0.46396770594752734,0.4426017975027138,0.4172492981077396,0.3856689173009714,0.33137488283847844,0.284483390908128,0.2243560101128229,0.17661967800108977,0.11084894912824665,0.06463972884357215,0.02046221255804429,0.004014739399876937,-0.007251015451873077,-0.02063403305717608,-0.03396114180585869,-0.032905731637493565,-0.035245150421904875,-0.03980668737676041,-0.028376516306672164,0.00594761819858714,0.030684247043982083,0.04892889105282142,0.047375365688514706,0.04179142842681386,0.04739820403939617,0.050490156986083896,0.05400659513935527,0.057399298184514946,0.06838734149686018,0.07865709704554284,0.10010013633529732,0.100126229941336,0.11088220137376761,0.1251504841623166,0.1375812246458496,0.14997869408510034,0.16505033731642826,0.15301708551674234,0.1385268781520247,0.12932931531243666,0.12690952928295288,0.134413138650098,0.14950712289678092,0.1593555140314629,0.14486391046649474,0.12908396986627982,0.11125740594090414,0.09212658062454605,0.07729959755887321,0.07412242339240378,0.05204818713291533,0.04138097268400771,0.034037896128583,0.03301400113083641,0.03136778038349098,0.032391922724644265,0.03347739249957547,0.046311062701002326,0.05704552988710538,0.04388638349278672,0.018508541398307727,-0.016984103320406493,-0.028364133919486202,-0.023917658855935036,-0.01914592834169569,-0.018803549676254885,-0.006630201778206709,0.007197399707824191,0.018145745355186125,0.03493297179952072,0.07753311452720309,0.12207020842183801,0.1877379883687927,0.23372153508810115,0.28883938969665535,0.3310767325942955,0.3815271089948544,0.41329681349540803,0.4367085993527063,0.45876313240426214,0.47872798249625476,0.4776617743275222,0.4586998295277469,0.4152815915767234,0.3814247778647551,0.3305775708552036,0.2616278890140085,0.15911138317191012,0.08122789978083136,0
0,0,0,0,0,0,0,0,0,0,0,0,0,0,0,0,0,0,0,0,0,0,0,0,0,0,0,0,0,0,0,0,0,0,0,0,0,0,0,0,0,0,0,0,0,0,0,0,0,0,0,0,0,0,0,0,0,0,0,0,0,0,0,0,0,0,0,0,0,0,0,0,0,0,0,0,0,0,0,0,0,0,0,0,0,0,0,0,0,0,0,0,0,0,0,0,0,0,0,0
