0,0,0,0,0,0,0,0,0,0,0,0,0,0,0,0,0,0,0,0,0,0,0,0,0,0,0,0,0,0,0,0,0,0,0,0,0,0,0,0,0,0,0,0,0,0,0,0,0,0,0,0,0,0,0,0,0,0,0,0,0,0,0,0,0,0,0,0,0,0,0,0,0,0,0,0,0,0,0,0,0,0,0,0,0,0,0,0,0,0,0,0,0,0,0,0,0,0,0,0
0,0,0,0,0.0000000000000000000000000000000000000000000000000000000000000000000000000000000000006315414849214686,0.0000000000000000000000000000000000000000000000000000000000000000000000000000000010472837124743882,0.0000000000000000000000000000000000000000000000000000000000000000000000000000008376799742286233,0.0000000000000000000000000000000000000000000000000000000000000000000000000004304764815616309,0.0000000000000000000000000000000000000000000000000000000000000000000000001597255166782944,0.00000000000000000000000000000000000000000000000000000000000000000000004559309144423658,0.00000000000000000000000000000000000000000000000000000000000000000001041697692598652,0.0000000000000000000000000000000000000000000000000000000000000000019570195623118062,0.0000000000000000000000000000000000000000000000000000000000000003082044611734989,0.00000000000000000000000000000000000000000000000000000000000004127622327650381,0.000000000000000000000000000000000000000000000000000000000004752477137463157,0.00000000000000000000000000000000000000000000000000000000047442287460073386,0.00000000000000000000000000000000000000000000000000000004133257717769504,0.000000000000000000000000000000000000000000000000000003158807184207755,0.0000000000000000000000000000000000000000000000000002126027266150617,0.000000000000000000000000000000000000000000000000012639073877002506,0.0000000000000000000000000000000000000000000000006650931215603036,0.000000000000000000000000000000000000000000000031021783031098724,0.0000000000000000000000000000000000000000000012834194216322679,0.00000000000000000000000000000000000000000004709875001443435,0.0000000000000000000000000000000000000000015322818304980166,0.000000000000000000000000000000000000000044140046166925004,0.0000000000000000000000000000000000000011237893718077475,0.00000000000000000000000000000000000002522236605307788,0.0000000000000000000000000000000000004973868410394735,0.000000000000000000000000000000000008582129891948947,0.0000000000000000000000000000000001288965345495518,0.0000000000000000000000000000000016744658961704426,0.00000000000000000000000000000001866939564192161,0.00000000000000000000000000000017696241108880263,0.0000000000000000000000000000014095226761595942,0.000000000000000000000000000009299913175636293,0.000000000000000000000000000049938352650075484,0.0000000000000000000000000002135935242046636,0.0000000000000000000000000007095983079118272,0.000000000000000000000000001785312420306066,0.000000000000000000000000003362198757175891,0.000000000000000000000000004916176366073699,0.0000000000000000000000000062061204425900556,0.000000000000000000000000007304483273492844,0.000000000000000000000000008306927603567936,0.000000000000000000000000009235731606991314,0.000000000000000000000000010067459270573696,0.000000000000000000000000010765084640199572,0.000000000000000000000000011292715672667846,0.000000000000000000000000011621622803711476,0.000000000000000000000000011733373672527903,0.000000000000000000000000011621621292829264,0.000000000000000000000000011292699024552495,0.000000000000000000000000010764930200712283,0.000000000000000000000000010066263138905954,0.000000000000000000000000009228130354131871,0.00000000000000000000000000826818778517799,0.000000000000000000000000007150954837456992,0.00000000000000000000000000575299961410487,0.000000000000000000000000003980721276435582,0.0000000000000000000000000021291031036541293,0.0000000000000000000000000008498573306679499,0.00000000000000000000000000025647747942664306,0.00000000000000000000000000006006508816881328,0.00000000000000000000000000001119853426012945,0.0000000000000000000000000000016986603161474417,0.00000000000000000000000000000021339100734768013,0.00000000000000000000000000000002252289993349363,0.0000000000000000000000000000000020208133701936096,0.00000000000000000000000000000000015560224774601102,0.000000000000000000000000000000000010362662089229313,0.0000000000000000000000000000000000006006958480291085,0.000000000000000000000000000000000000030466085304414996,0.0000000000000000000000000000000000000013576115363070338,0.00000000000000000000000000000000000000005333036648368265,0.000000000000000000000000000000000000000001851504008748459,0.00000000000000000000000000000000000000000005691593639599991,0.000000000000000000000000000000000000000000001551053802568117,0.000000000000000000000000000000000000000000000037493396573730453,0.0000000000000000000000000000000000000000000000008038905032145739,0.000000000000000000000000000000000000000000000000015277533472775903,0.00000000000000000000000000000000000000000000000000025699691876442383,0.000000000000000000000000000000000000000000000000000003818573721094249,0.00000000000000000000000000000000000000000000000000000004996750724679389,0.0000000000000000000000000000000000000000000000000000000005735566903167942,0.000000000000000000000000000000000000000000000000000000000005745725680731567,0.000000000000000000000000000000000000000000000000000000000000049904267420417,0.00000000000000000000000000000000000000000000000000000000000000037263910996616687,0.00000000000000000000000000000000000000000000000000000000000000000236622198499813,0.000000000000000000000000000000000000000000000000000000000000000000012595399722518283,0.000000000000000000000000000000000000000000000000000000000000000000000055128788391242775,0.00000000000000000000000000000000000000000000000000000000000000000000000019313552461966818,0.00000000000000000000000000000000000000000000000000000000000000000000000000052052922243079635,0.0000000000000000000000000000000000000000000000000000000000000000000000000000010129338267105664,0.0000000000000000000000000000000000000000000000000000000000000000000000000000000012664091215485098,0.0000000000000000000000000000000000000000000000000000000000000000000000000000000000007636912865451489,0,0,0,0
0,0,0,0.0000000000000000000000000000000000000000000000000000000000000000000000000000000000006656788624847912,0.0000000000000000000000000000000000000000000000000000000000000000000000000000000011345540871322886,0.0000000000000000000000000000000000000000000000000000000000000000000000000000009334076885229992,0.00000000000000000000000000000000000000000000000000000000000000000000000000049377454447680164,0.0000000000000000000000000000000000000000000000000000000000000000000000001887618240447157,0.00000000000000000000000000000000000000000000000000000000000000000000005556443478669945,0.000000000000000000000000000000000000000000000000000000000000000000013104484208969468,0.000000000000000000000000000000000000000000000000000000000000000002543920442761867,0.0000000000000000000000000000000000000000000000000000000000000004144358236385392,0.00000000000000000000000000000000000000000000000000000000000005748326662414288,0.000000000000000000000000000000000000000000000000000000000006863324419406844,0.0000000000000000000000000000000000000000000000000000000007114491150242857,0.00000000000000000000000000000000000000000000000000000006445708910394073,0.000000000000000000000000000000000000000000000000000005130840217314975,0.0000000000000000000000000000000000000000000000000003603012787985642,0.00000000000000000000000000000000000000000000000002238993693533095,0.0000000000000000000000000000000000000000000000012340792554865114,0.00000000000000000000000000000000000000000000006042494003960781,0.000000000000000000000000000000000000000000002630683958162149,0.00000000000000000000000000000000000000000010186671913674854,0.00000000000000000000000000000000000000000350739854990063,0.00000000000000000000000000000000000000010728861117660764,0.0000000000000000000000000000000000000029114413279703727,0.00000000000000000000000000000000000006994387199463532,0.000000000000000000000000000000000001483508270488613,0.000000000000000000000000000000000027683436770480505,0.00000000000000000000000000000000045255166431570465,0.000000000000000000000000000000006446787073454662,0.00000000000000000000000000000007951687187536141,0.0000000000000000000000000000008426265887435055,0.000000000000000000000000000007599149424485399,0.00000000000000000000000000005765671395438365,0.00000000000000000000000000036290335277360076,0.0000000000000000000000000018627863591299795,0.000000000000000000000000007639493979878921,0.000000000000000000000000024455798449558492,0.00000000000000000000000005977531636052004,0.00000000000000000000000011074768037389886,0.00000000000000000000000016152536397149336,0.0000000000000000000000002041861768606413,0.00000000000000000000000024056263145118307,0.0000000000000000000000002736385709757302,0.00000000000000000000000030420481537277083,0.0000000000000000000000003315480130111661,0.00000000000000000000000035447408648353827,0.00000000000000000000000037181081543182667,0.00000000000000000000000038261699386368643,0.00000000000000000000000038628839348552,0.0000000000000000000000003826169225476383,0.00000000000000000000000037181006878424363,0.00000000000000000000000035446750374919114,0.00000000000000000000000033149951829772156,0.000000000000000000000000303911382464846,0.0000000000000000000000002722126720092553,0.00000000000000000000000023516299579233226,0.00000000000000000000000018890014917175627,0.00000000000000000000000013102512471563885,0.00000000000000000000000007124051405260171,0.00000000000000000000000002927507710466558,0.000000000000000000000000009169770760673528,0.0000000000000000000000000022398583210281768,0.000000000000000000000000000436887392655019,0.00000000000000000000000000006947044484585219,0.000000000000000000000000000009162000443438982,0.0000000000000000000000000000010164136783866593,0.00000000000000000000000000000009595311407903041,0.000000000000000000000000000000007781702825757816,0.0000000000000000000000000000000005463948349421948,0.00000000000000000000000000000000003343081628910022,0.0000000000000000000000000000000000017918066268550646,0.00000000000000000000000000000000000008449163292845841,0.0000000000000000000000000000000000000035174333723655304,0.00000000000000000000000000000000000000012963369945502562,0.000000000000000000000000000000000000000004238281823457268,0.00000000000000000000000000000000000000000012310408115966062,0.00000000000000000000000000000000000000000000317936242499083,0.00000000000000000000000000000000000000000000007303235061262573,0.0000000000000000000000000000000000000000000000014916494807271152,0.00000000000000000000000000000000000000000000000002706441825157969,0.0000000000000000000000000000000000000000000000000004355434625086492,0.000000000000000000000000000000000000000000000000000006202576412720737,0.000000000000000000000000000000000000000000000000000000077923880719358655,0.0000000000000000000000000000000000000000000000000000000008601189184060676,0.0000000000000000000000000000000000000000000000000000000000082977941080882,0.00000000000000000000000000000000000000000000000000000000000006949953268606981,0.00000000000000000000000000000000000000000000000000000000000000050108225956121384,0.0000000000000000000000000000000000000000000000000000000000000000030758534917244065,0.000000000000000000000000000000000000000000000000000000000000000000015844977142216274,0.00000000000000000000000000000000000000000000000000000000000000000000006718578847588707,0.00000000000000000000000000000000000000000000000000000000000000000000000022824583165633124,0.0000000000000000000000000000000000000000000000000000000000000000000000000005970696048541496,0.0000000000000000000000000000000000000000000000000000000000000000000000000000011286899986519778,0.0000000000000000000000000000000000000000000000000000000000000000000000000000000013719397985372363,0.0000000000000000000000000000000000000000000000000000000000000000000000000000000000008049718966286707,0,0,0
0,0,0.0000000000000000000000000000000000000000000000000000000000000000000000000000000000006656788624847912,0.0000000000000000000000000000000000000000000000000000000000000000000000000000000011652165954166725,0.0000000000000000000000000000000000000000000000000000000000000000000000000000009852596349068249,0.00000000000000000000000000000000000000000000000000000000000000000000000000053609278349112085,0.00000000000000000000000000000000000000000000000000000000000000000000000021096512427838308,0.000000000000000000000000000000000000000000000000000000000000000000000063981265112050136,0.000000000000000000000000000000000000000000000000000000000000000000015560812045809497,0.0000000000000000000000000000000000000000000000000000000000000000031181296228457245,0.0000000000000000000000000000000000000000000000000000000000000005248986954025538,0.00000000000000000000000000000000000000000000000000000000000007531240638152443,0.000000000000000000000000000000000000000000000000000000000009312771958299733,0.0000000000000000000000000000000000000000000000000000000010010524044387617,0.0000000000000000000000000000000000000000000000000000000941764044651798,0.000000000000000000000000000000000000000000000000000007795674180994948,0.000000000000000000000000000000000000000000000000000570178568914535,0.00000000000000000000000000000000000000000000000003696758207453459,0.0000000000000000000000000000000000000000000000021298151297276538,0.00000000000000000000000000000000000000000000010922608688508192,0.0000000000000000000000000000000000000000000049917628972524164,0.00000000000000000000000000000000000000000020340046180661985,0.000000000000000000000000000000000000000007389384688700142,0.0000000000000000000000000000000000000002392088062717982,0.00000000000000000000000000000000000000689251927666283,0.00000000000000000000000000000000000017647685434690557,0.0000000000000000000000000000000000040061442725814214,0.00000000000000000000000000000000008039621060600102,0.0000000000000000000000000000000014211687678971873,0.000000000000000000000000000000022031065385230117,0.00000000000000000000000000000029790370903996884,0.000000000000000000000000000003491056940064662,0.000000000000000000000000000035179789628319085,0.00000000000000000000000000030199701718926673,0.0000000000000000000000000021835042012693197,0.000000000000000000000000013115601102006107,0.00000000000000000000000006437870605533822,0.0000000000000000000000002532739527598039,0.0000000000000000000000007817387329219671,0.0000000000000000000000018576149545146363,0.000000000000000000000003387655446916076,0.0000000000000000000000049272136748901225,0.000000000000000000000006236310655646171,0.000000000000000000000007354787111751911,0.000000000000000000000008368163177563805,0.000000000000000000000009302076483827951,0.000000000000000000000010136551799551154,0.000000000000000000000010835929706750036,0.000000000000000000000011364705245919569,0.000000000000000000000011694266030943163,0.00000000000000000000001180622935348222,0.000000000000000000000011694262919753366,0.000000000000000000000011364674279607261,0.000000000000000000000010835670139207586,0.000000000000000000000010134732339882507,0.000000000000000000000009291591243386536,0.000000000000000000000008319569926542443,0.000000000000000000000007178899070028834,0.000000000000000000000005758455935297852,0.000000000000000000000004004895774932777,0.0000000000000000000000022124434962679173,0.0000000000000000000000009352970545572926,0.00000000000000000000000030388401257365105,0.00000000000000000000000007738591103672782,0.000000000000000000000000015785455033973343,0.000000000000000000000000002630360660418736,0.00000000000000000000000000036404452883017324,0.000000000000000000000000000042429399182501456,0.000000000000000000000000000004212153248283342,0.0000000000000000000000000000003595521574104674,0.000000000000000000000000000000026597107085463193,0.000000000000000000000000000000001716081273373228,0.00000000000000000000000000000000009709701533313415,0.0000000000000000000000000000000000048390824598680566,0.00000000000000000000000000000000000021319683632878607,0.000000000000000000000000000000000000008327598866823087,0.00000000000000000000000000000000000000028904230670906287,0.00000000000000000000000000000000000000000892955249293107,0.00000000000000000000000000000000000000000024581371255336545,0.00000000000000000000000000000000000000000000603305309217218,0.00000000000000000000000000000000000000000000013201869366946089,0.0000000000000000000000000000000000000000000000025743886161395576,0.00000000000000000000000000000000000000000000000004468626385825679,0.0000000000000000000000000000000000000000000000000006892593407225635,0.000000000000000000000000000000000000000000000000000009424155652688733,0.00000000000000000000000000000000000000000000000000000011385348400010434,0.0000000000000000000000000000000000000000000000000000000012102500640079349,0.000000000000000000000000000000000000000000000000000000000011259267652887907,0.00000000000000000000000000000000000000000000000000000000000009105619528500086,0.0000000000000000000000000000000000000000000000000000000000000006346427352368899,0.0000000000000000000000000000000000000000000000000000000000000000037701443101946027,0.00000000000000000000000000000000000000000000000000000000000000000001881504614676345,0.0000000000000000000000000000000000000000000000000000000000000000000000773631928637692,0.00000000000000000000000000000000000000000000000000000000000000000000000025509393648903708,0.0000000000000000000000000000000000000000000000000000000000000000000000000006482414159633417,0.0000000000000000000000000000000000000000000000000000000000000000000000000000011913910561160748,0.0000000000000000000000000000000000000000000000000000000000000000000000000000000014090184243432895,0.0000000000000000000000000000000000000000000000000000000000000000000000000000000000008049718966286707,0,0
0,0.0000000000000000000000000000000000000000000000000000000000000000000000000000000000006315414849214686,0.0000000000000000000000000000000000000000000000000000000000000000000000000000000011345540871322886,0.0000000000000000000000000000000000000000000000000000000000000000000000000000009852596349068249,0.0000000000000000000000000000000000000000000000000000000000000000000000000005509824415416726,0.00000000000000000000000000000000000000000000000000000000000000000000000022301818362109637,0.00000000000000000000000000000000000000000000000000000000000000000000006962535787929467,0.000000000000000000000000000000000000000000000000000000000000000000017446405356583695,0.000000000000000000000000000000000000000000000000000000000000000003605153826085653,0.0000000000000000000000000000000000000000000000000000000000000006264448063611182,0.00000000000000000000000000000000000000000000000000000000000009287537604889812,0.000000000000000000000000000000000000000000000000000000000011880065917010635,0.0000000000000000000000000000000000000000000000000000000013225579405303727,0.00000000000000000000000000000000000000000000000000000012902291138323878,0.000000000000000000000000000000000000000000000000000011090081627383302,0.000000000000000000000000000000000000000000000000000843496118948019,0.00000000000000000000000000000000000000000000000005695998462330281,0.000000000000000000000000000000000000000000000003423810680369378,0.0000000000000000000000000000000000000000000001835353940225048,0.000000000000000000000000000000000000000000008785214972416138,0.0000000000000000000000000000000000000000003757661381264538,0.000000000000000000000000000000000000000014364763401244505,0.0000000000000000000000000000000000000004906349829203721,0.000000000000000000000000000000000000014960428236469405,0.0000000000000000000000000000000000004067056360497915,0.000000000000000000000000000000000009839237539993406,0.00000000000000000000000000000000021131756699218114,0.0000000000000000000000000000000040168059719394274,0.00000000000000000000000000000006732469868506324,0.0000000000000000000000000000009904920934086221,0.000000000000000000000000000012721805969437764,0.000000000000000000000000000141722717751196,0.0000000000000000000000000013587499625246918,0.000000000000000000000000011107038861643185,0.00000000000000000000000007655308778114348,0.0000000000000000000000004389632797016475,0.0000000000000000000000020611772826792803,0.000000000000000000000007782201159700073,0.00000000000000000000002317323980733885,0.00000000000000000000005357302620320748,0.00000000000000000000009621295243543581,0.0000000000000000000001395178512385409,0.00000000000000000000017678284796409402,0.00000000000000000000020870293154930127,0.00000000000000000000023752673813885104,0.0000000000000000000002640140100189954,0.00000000000000000000028765084622273306,0.00000000000000000000030745158404381987,0.00000000000000000000032241924721880887,0.00000000000000000000033174693701127365,0.00000000000000000000033491572877372244,0.00000000000000000000033174681155054736,0.0000000000000000000003224180595058855,0.00000000000000000000030744211551554145,0.0000000000000000000002875876798083555,0.0000000000000000000002636672465487542,0.0000000000000000000002359937398359752,0.00000000000000000000020339752004415637,0.0000000000000000000001629428653759509,0.00000000000000000000011365471006714572,0.00000000000000000000006376201813840142,0.00000000000000000000002770988503181234,0.000000000000000000000009333257219195774,0.000000000000000000000002476789654555193,0.0000000000000000000000005281789798030807,0.00000000000000000000000009219980945103297,0.000000000000000000000000013386673204155135,0.0000000000000000000000000016385068217145877,0.00000000000000000000000000017097456543907742,0.000000000000000000000000000015352788075859247,0.0000000000000000000000000000011956624461486146,0.0000000000000000000000000000000812887257378461,0.000000000000000000000000000000004850862896653406,0.00000000000000000000000000000000025523682956816007,0.000000000000000000000000000000000011885806711477912,0.000000000000000000000000000000000000491358749118381,0.000000000000000000000000000000000000018076198280740482,0.0000000000000000000000000000000000000005928715181644144,0.000000000000000000000000000000000000000017359407811495724,0.0000000000000000000000000000000000000000004541345016489501,0.000000000000000000000000000000000000000000010618088485891169,0.00000000000000000000000000000000000000000000022183905691044876,0.0000000000000000000000000000000000000000000000041385642067264474,0.00000000000000000000000000000000000000000000000006885404483158181,0.0000000000000000000000000000000000000000000000000010196719282265208,0.000000000000000000000000000000000000000000000000000013406896859257255,0.00000000000000000000000000000000000000000000000000000015598221400003553,0.000000000000000000000000000000000000000000000000000000001598955585398153,0.00000000000000000000000000000000000000000000000000000000001436325493738075,0.00000000000000000000000000000000000000000000000000000000000011229125288921138,0.0000000000000000000000000000000000000000000000000000000000000007574231648568593,0.000000000000000000000000000000000000000000000000000000000000000004359023347933803,0.00000000000000000000000000000000000000000000000000000000000000000002109503527581266,0.00000000000000000000000000000000000000000000000000000000000000000000008418796028267864,0.0000000000000000000000000000000000000000000000000000000000000000000000002696686625182023,0.0000000000000000000000000000000000000000000000000000000000000000000000000006662467299817136,0.0000000000000000000000000000000000000000000000000000000000000000000000000000011913919450791154,0.0000000000000000000000000000000000000000000000000000000000000000000000000000000013719407869909734,0.0000000000000000000000000000000000000000000000000000000000000000000000000000000000007636912865451489,0
0,0.0000000000000000000000000000000000000000000000000000000000000000000000000000000010472837124743882,0.0000000000000000000000000000000000000000000000000000000000000000000000000000009334076885229992,0.00000000000000000000000000000000000000000000000000000000000000000000000000053609278349112085,0.00000000000000000000000000000000000000000000000000000000000000000000000022301818362109637,0.00000000000000000000000000000000000000000000000000000000000000000000007161420505132572,0.000000000000000000000000000000000000000000000000000000000000000000018472366429200264,0.000000000000000000000000000000000000000000000000000000000000000003932775732510373,0.0000000000000000000000000000000000000000000000000000000000000007047153192050819,0.00000000000000000000000000000000000000000000000000000000000010784712928832148,0.00000000000000000000000000000000000000000000000000000000001425452715311387,0.0000000000000000000000000000000000000000000000000000000016415475598780516,0.0000000000000000000000000000000000000000000000000000001658526029182326,0.000000000000000000000000000000000000000000000000000014782754048921085,0.0000000000000000000000000000000000000000000000000011675027185381038,0.00000000000000000000000000000000000000000000000008198476119297431,0.0000000000000000000000000000000000000000000000051327047467035445,0.00000000000000000000000000000000000000000000028705901875629555,0.000000000000000000000000000000000000000000014362304921364253,0.0000000000000000000000000000000000000000006434100355957088,0.00000000000000000000000000000000000000002581830428002105,0.0000000000000000000000000000000000000009279015719985143,0.00000000000000000000000000000000000002985145593158974,0.00000000000000000000000000000000000085875600870535,0.000000000000000000000000000000000022057497295276165,0.0000000000000000000000000000000005048303648577795,0.000000000000000000000000000000010268814233974186,0.00000000000000000000000000000018505559440347079,0.00000000000000000000000000000294320256350313,0.000000000000000000000000000041121577079328877,0.0000000000000000000000000005019509424731681,0.000000000000000000000000005318060709297887,0.000000000000000000000000048525493414219697,0.0000000000000000000000003778329815182517,0.0000000000000000000000024830135314441186,0.000000000000000000000013594818631638583,0.00000000000000000000006108150193249858,0.00000000000000000000022141116337078068,0.0000000000000000000006364060209765203,0.0000000000000000000014323481326273298,0.0000000000000000000025343625241203482,0.000000000000000000003663186235107785,0.0000000000000000000046461452899599296,0.000000000000000000005490737114387012,0.0000000000000000000062510360384311546,0.000000000000000000006947610746955916,0.000000000000000000007568344822906003,0.000000000000000000008088056958386139,0.000000000000000000008480826792846954,0.000000000000000000008725569763261748,0.000000000000000000008808709289774155,0.00000000000000000000872556508845853,0.000000000000000000008480784684934035,0.000000000000000000008087737632892317,0.000000000000000000007566317103793779,0.000000000000000000006937005760926332,0.000000000000000000006206307758029043,0.000000000000000000005342697675758833,0.0000000000000000000042751587344194576,0.000000000000000000002991391099881694,0.000000000000000000001703534047275627,0.0000000000000000000007605529974012399,0.000000000000000000000265419465436049,0.00000000000000000000007337172474260303,0.000000000000000000000016353221530365403,0.0000000000000000000000029898326015760846,0.0000000000000000000000004552944095636007,0.00000000000000000000000005850731504741616,0.000000000000000000000000006414860763499115,0.0000000000000000000000000006056892683188275,0.000000000000000000000000000049634543744398465,0.0000000000000000000000000000035533508681530114,0.0000000000000000000000000000002234636089684908,0.00000000000000000000000000000001240218327804159,0.00000000000000000000000000000000060979783458896785,0.000000000000000000000000000000000026647136431905864,0.0000000000000000000000000000000000010375544793700425,0.000000000000000000000000000000000000036070119201959756,0.0000000000000000000000000000000000000011212953032127279,0.000000000000000000000000000000000000000031201660298027555,0.0000000000000000000000000000000000000000007776178181447536,0.00000000000000000000000000000000000000000001735912750247411,0.00000000000000000000000000000000000000000000034697464084989235,0.000000000000000000000000000000000000000000000006204308262738316,0.000000000000000000000000000000000000000000000000099105741161551,0.0000000000000000000000000000000000000000000000000014113686314365806,0.000000000000000000000000000000000000000000000000000017871182493248541,0.00000000000000000000000000000000000000000000000000000020050918849626935,0.00000000000000000000000000000000000000000000000000000000198462440520032,0.00000000000000000000000000000000000000000000000000000000001723413513140865,0.00000000000000000000000000000000000000000000000000000000000013039356230246875,0.000000000000000000000000000000000000000000000000000000000000000852062230797653,0.000000000000000000000000000000000000000000000000000000000000000004755170234051767,0.00000000000000000000000000000000000000000000000000000000000000000002233562070320548,0.00000000000000000000000000000000000000000000000000000000000000000000008659297341770643,0.00000000000000000000000000000000000000000000000000000000000000000000000026966909536239975,0.0000000000000000000000000000000000000000000000000000000000000000000000000006482429212346399,0.0000000000000000000000000000000000000000000000000000000000000000000000000000011286925287864778,0.000000000000000000000000000000000000000000000000000000000000000000000000000000001266410950187923,0
0,0.0000000000000000000000000000000000000000000000000000000000000000000000000000008376799742286233,0.00000000000000000000000000000000000000000000000000000000000000000000000000049377454447680164,0.00000000000000000000000000000000000000000000000000000000000000000000000021096512427838308,0.00000000000000000000000000000000000000000000000000000000000000000000006962535787929467,0.000000000000000000000000000000000000000000000000000000000000000000018472366429200264,0.0000000000000000000000000000000000000000000000000000000000000000040484047881941825,0.0000000000000000000000000000000000000000000000000000000000000007474068260213556,0.0000000000000000000000000000000000000000000000000000000000001179524892095411,0.000000000000000000000000000000000000000000000000000000000016092663412055347,0.0000000000000000000000000000000000000000000000000000000019149340573106637,0.00000000000000000000000000000000000000000000000000000020013657821807217,0.000000000000000000000000000000000000000000000000000018474595607969524,0.0000000000000000000000000000000000000000000000000015130071666640316,0.00000000000000000000000000000000000000000000000011032356808069937,0.000000000000000000000000000000000000000000000007182360634961566,0.0000000000000000000000000000000000000000000004183713900333493,0.0000000000000000000000000000000000000000000218386332549318,0.0000000000000000000000000000000000000000010225960691153376,0.00000000000000000000000000000000000000004297695482668307,0.0000000000000000000000000000000000000016212885327448782,0.0000000000000000000000000000000000000548816608960472,0.0000000000000000000000000000000000016656964628235903,0.00000000000000000000000000000000004527233374778288,0.0000000000000000000000000000000011000306929333577,0.000000000000000000000000000000023843257889199948,0.0000000000000000000000000000004597683657058799,0.000000000000000000000000000007861315536234632,0.0000000000000000000000000001187187139371879,0.0000000000000000000000000015760564574335742,0.00000000000000000000000001829108871946542,0.00000000000000000000000018436254162639548,0.0000000000000000000000016014335918523003,0.000000000000000000000011879118209886817,0.00000000000000000000007444495514502621,0.0000000000000000000003892381878710074,0.0000000000000000000016737176428880846,0.000000000000000000005826545988828827,0.000000000000000000016173814292678207,0.000000000000000000035460906016490364,0.00000000000000000006183984581184874,0.00000000000000000008907460518731438,0.0000000000000000001130697629720823,0.00000000000000000013376260498884811,0.00000000000000000015233766981081605,0.00000000000000000016930303913170828,0.0000000000000000001843976691243766,0.00000000000000000019702792171601396,0.00000000000000000020657075315648191,0.00000000000000000021251636623912521,0.00000000000000000021453598628618637,0.00000000000000000021251620537796767,0.00000000000000000020656937418631918,0.00000000000000000019701797313576066,0.00000000000000000018433753582361904,0.00000000000000000016900341937917852,0.00000000000000000015113202616007104,0.0000000000000000001299457838828781,0.00000000000000000010387722414683438,0.00000000000000000007293075093059256,0.000000000000000000042142872800917136,0.000000000000000000019317051759768565,0.000000000000000000006981275467430314,0.000000000000000000002009724882858818,0.0000000000000000000004680739921420628,0.00000000000000000000008961843531875805,0.000000000000000000000014311653956528042,0.0000000000000000000000019305306506584272,0.00000000000000000000000022235420262536005,0.000000000000000000000000022068644595887374,0.0000000000000000000000000019021316498024837,0.00000000000000000000000000014331688340704077,0.000000000000000000000000000009492153113673586,0.0000000000000000000000000000005552463910070067,0.000000000000000000000000000000028799044844940796,0.0000000000000000000000000000000013288438894130123,0.00000000000000000000000000000000005469545271172473,0.0000000000000000000000000000000000020125986683757702,0.00000000000000000000000000000000000006631722809624689,0.0000000000000000000000000000000000000019592636078501377,0.00000000000000000000000000000000000000005193952104602273,0.0000000000000000000000000000000000000000012359274970564465,0.00000000000000000000000000000000000000000002639600379627978,0.0000000000000000000000000000000000000000000005057037785858237,0.000000000000000000000000000000000000000000000008682021748301422,0.00000000000000000000000000000000000000000000000013336430496684969,0.0000000000000000000000000000000000000000000000000018290617089312546,0.00000000000000000000000000000000000000000000000000002233453864074194,0.0000000000000000000000000000000000000000000000000000002419590949526621,0.0000000000000000000000000000000000000000000000000000000023151633591814176,0.000000000000000000000000000000000000000000000000000000000019456606649764203,0.00000000000000000000000000000000000000000000000000000000000014261222477169285,0.0000000000000000000000000000000000000000000000000000000000000009036835702509925,0.000000000000000000000000000000000000000000000000000000000000000004894994689077642,0.000000000000000000000000000000000000000000000000000000000000000000022335678689268773,0.00000000000000000000000000000000000000000000000000000000000000000000008418831117130373,0.00000000000000000000000000000000000000000000000000000000000000000000000025509516669240257,0.0000000000000000000000000000000000000000000000000000000000000000000000000005970723838477224,0.0000000000000000000000000000000000000000000000000000000000000000000000000000010129376219391946,0
